160,160,1003,160,160,1003,160,160,1003,-1
160,287,972,160,287,972,160,287,972,-1
287,292,977,287,292,977,287,292,977,-1
292,316,974,292,316,974,292,316,974,-1
316,309,968,316,309,968,316,309,968,-1
309,146,968,309,146,968,309,146,968,-1
146,151,1002,146,151,1002,146,151,1002,-1
151,139,969,151,139,969,151,139,969,-1
139,152,1018,139,152,1018,139,152,1018,-1
152,213,980,152,213,980,152,213,980,-1
213,176,975,213,176,975,213,176,975,-1
176,189,981,176,189,981,176,189,981,-1
189,294,970,189,294,970,189,294,970,-1
294,128,981,294,128,981,294,128,981,-1
128,171,1012,128,171,1012,128,171,1012,-1
171,146,959,171,146,959,171,146,959,-1
146,173,979,146,173,979,146,173,979,-1
173,306,948,173,306,948,173,306,948,-1
306,291,960,306,291,960,306,291,960,-1
291,134,971,291,134,971,291,134,971,-1
134,155,1005,134,155,1005,134,155,1005,-1
155,135,956,155,135,956,155,135,956,-1
135,151,983,135,151,983,135,151,983,-1
151,301,946,151,301,946,151,301,946,-1
301,135,984,301,135,984,301,135,984,-1
135,166,992,135,166,992,135,166,992,-1
166,302,953,166,302,953,166,302,953,-1
302,210,950,302,210,950,302,210,950,-1
210,212,964,210,212,964,210,212,964,-1
212,190,990,212,190,990,212,190,990,-1
190,204,972,190,204,972,190,204,972,-1
204,367,966,204,367,966,204,367,966,-1
367,221,967,367,221,967,367,221,967,-1
221,216,980,221,216,980,221,216,980,-1
216,161,1018,216,161,1018,216,161,1018,-1
161,217,964,161,217,964,161,217,964,-1
217,196,978,217,196,978,217,196,978,-1
196,196,986,196,196,986,196,196,986,-1
196,227,988,196,227,988,196,227,988,-1
227,379,977,227,379,977,227,379,977,-1
379,279,957,379,279,957,379,279,957,-1
279,211,952,279,211,952,279,211,952,-1
211,189,964,211,189,964,211,189,964,-1
189,188,957,189,188,957,189,188,957,-1
188,145,946,188,145,946,188,145,946,-1
145,164,990,145,164,990,145,164,990,-1
164,142,952,164,142,952,164,142,952,-1
142,163,1004,142,163,1004,142,163,1004,-1
163,143,965,163,143,965,163,143,965,-1
143,154,993,143,154,993,143,154,993,-1
154,224,950,154,224,950,154,224,950,-1
224,182,954,224,182,954,224,182,954,-1
182,181,952,182,181,952,182,181,952,-1
181,285,945,181,285,945,181,285,945,-1
285,296,932,285,296,932,285,296,932,-1
296,308,951,296,308,951,296,308,951,-1
308,312,962,308,312,962,308,312,962,-1
312,302,953,312,302,953,312,302,953,-1
302,143,950,302,143,950,302,143,950,-1
143,152,995,143,152,995,143,152,995,-1
152,141,958,152,141,958,152,141,958,-1
141,154,1001,141,154,1001,141,154,1001,-1
154,288,970,154,288,970,154,288,970,-1
288,288,960,288,288,960,288,288,960,-1
288,300,971,288,300,971,288,300,971,-1
300,147,989,300,147,989,300,147,989,-1
147,163,1000,147,163,1000,147,163,1000,-1
163,310,956,163,310,956,163,310,956,-1
310,295,969,310,295,969,310,295,969,-1
295,288,973,295,288,973,295,288,973,-1
288,297,960,288,297,960,288,297,960,-1
297,292,963,297,292,963,297,292,963,-1
292,208,959,292,208,959,292,208,959,-1
208,195,956,208,195,956,208,195,956,-1
195,199,942,195,199,942,195,199,942,-1
199,224,967,199,224,967,199,224,967,-1
224,392,974,224,392,974,224,392,974,-1
392,284,952,392,284,952,392,284,952,-1
284,287,957,284,287,957,284,287,957,-1
287,300,959,287,300,959,287,300,959,-1
300,296,960,300,296,960,300,296,960,-1
296,298,970,296,298,970,296,298,970,-1
298,230,960,298,230,960,298,230,960,-1
230,190,938,230,190,938,230,190,938,-1
190,191,929,190,191,929,190,191,929,-1
191,295,946,191,295,946,191,295,946,-1
295,147,967,295,147,967,295,147,967,-1
147,139,980,147,139,980,147,139,980,-1
139,226,942,139,226,942,139,226,942,-1
226,176,955,226,176,955,226,176,955,-1
176,191,965,176,191,965,176,191,965,-1
191,221,971,191,221,971,191,221,971,-1
221,195,931,221,195,931,221,195,931,-1
195,191,922,195,191,922,195,191,922,-1
191,224,942,191,224,942,191,224,942,-1
224,225,977,224,225,977,224,225,977,-1
225,153,985,225,153,985,225,153,985,-1
153,290,950,153,290,950,153,290,950,-1
290,284,958,290,284,958,290,284,958,-1
284,141,982,284,141,982,284,141,982,-1
141,151,1000,141,151,1000,141,151,1000,1
151,311,941,151,311,941,151,311,941,1
311,306,937,311,306,937,311,306,937,1
306,299,958,306,299,958,306,299,958,1
299,298,978,299,298,978,299,298,978,1
298,150,953,298,150,953,298,150,953,1
150,146,991,150,146,991,150,146,991,1
146,170,955,146,170,955,146,170,955,1
170,235,1005,170,235,1005,170,235,1005,1
235,173,979,235,173,979,235,173,979,1
173,303,941,173,303,941,173,303,941,1
303,221,942,303,221,942,303,221,942,1
221,396,969,221,396,969,221,396,969,1
396,295,950,396,295,950,396,295,950,1
295,202,939,295,202,939,295,202,939,1
202,256,950,202,256,950,202,256,950,1
256,123,987,256,123,987,256,123,987,1
123,290,978,123,290,978,123,290,978,-1
290,291,937,290,291,937,290,291,937,-1
291,215,951,291,215,951,291,215,951,-1
215,245,979,215,245,979,215,245,979,-1
245,163,1025,245,163,1025,245,163,1025,-1
163,121,959,163,121,959,163,121,959,-1
121,179,927,121,179,927,121,179,927,-1
179,295,954,179,295,954,179,295,954,-1
295,287,992,295,287,992,295,287,992,-1
287,296,970,287,296,970,287,296,970,-1
296,288,941,296,288,941,296,288,941,-1
288,215,944,288,215,944,288,215,944,-1
215,162,975,215,162,975,215,162,975,-1
162,213,920,162,213,920,162,213,920,-1
213,298,942,213,298,942,213,298,942,-1
298,285,968,298,285,968,298,285,968,-1
285,277,981,285,277,981,285,277,981,-1
277,277,956,277,277,956,277,277,956,-1
277,171,962,277,171,962,277,171,962,1
171,201,985,171,201,985,171,201,985,1
201,197,955,201,197,955,201,197,955,1
197,299,984,197,299,984,197,299,984,1
299,212,961,299,212,961,299,212,961,1
212,175,967,212,175,967,212,175,967,1
175,209,939,175,209,939,175,209,939,1
209,170,975,209,170,975,209,170,975,1
170,195,960,170,195,960,170,195,960,1
195,190,923,195,190,923,195,190,923,-1
190,155,956,190,155,956,190,155,956,1
155,202,990,155,202,990,155,202,990,1
202,201,934,202,201,934,202,201,934,-1
201,300,976,201,300,976,201,300,976,1
300,286,970,300,286,970,300,286,970,1
286,176,980,286,176,980,286,176,980,1
176,216,956,176,216,956,176,216,956,1
216,218,985,216,218,985,216,218,985,1
218,180,976,218,180,976,218,180,976,1
180,282,971,180,282,971,180,282,971,1
282,290,951,282,290,951,282,290,951,1
290,297,952,290,297,952,290,297,952,1
297,160,962,297,160,962,297,160,962,1
160,152,974,160,152,974,160,152,974,1
152,121,944,152,121,944,152,121,944,1
121,184,950,121,184,950,121,184,950,1
184,123,955,184,123,955,184,123,955,1
123,176,963,123,176,963,123,176,963,1
176,223,958,176,223,958,176,223,958,1
223,188,962,223,188,962,223,188,962,1
188,180,933,188,180,933,188,180,933,1
180,284,963,180,284,963,180,284,963,1
284,223,965,284,223,965,284,223,965,1
223,165,955,223,165,955,223,165,955,1
165,210,922,165,210,922,165,210,922,1
210,312,965,210,312,965,210,312,965,1
312,228,959,312,228,959,312,228,959,1
228,156,957,228,156,957,228,156,957,1
156,197,923,156,197,923,156,197,923,1
197,220,972,197,220,972,197,220,972,1
220,158,978,220,158,978,220,158,978,1
158,202,931,158,202,931,158,202,931,1
202,279,969,202,279,969,202,279,969,1
279,171,980,279,171,980,279,171,980,1
171,125,983,171,125,983,171,125,983,1
125,231,974,125,231,974,125,231,974,1
231,162,971,231,162,971,231,162,971,1
162,217,934,162,217,934,162,217,934,1
217,291,971,217,291,971,217,291,971,1
291,279,984,291,279,984,291,279,984,1
279,292,968,279,292,968,279,292,968,1
292,178,967,292,178,967,292,178,967,1
178,189,967,178,189,967,178,189,967,1
189,196,919,189,196,919,189,196,919,1
196,304,974,196,304,974,196,304,974,1
304,300,949,304,300,949,304,300,949,1
300,300,950,300,300,950,300,300,950,1
300,288,964,300,288,964,300,288,964,1
288,278,946,288,278,946,288,278,946,1
278,196,957,278,196,957,278,196,957,1
196,182,964,196,182,964,196,182,964,1
182,195,933,182,195,933,182,195,933,1
195,295,950,195,295,950,195,295,950,1
295,219,956,295,219,956,295,219,956,1
219,174,976,219,174,976,219,174,976,1
174,201,944,174,201,944,174,201,944,1
201,298,973,201,298,973,201,298,973,1
298,280,979,298,280,979,298,280,979,1
280,190,994,280,190,994,280,190,994,1
190,171,973,190,171,973,190,171,973,1
171,203,928,171,203,928,171,203,928,1
203,193,979,203,193,979,203,193,979,1
193,193,984,193,193,984,193,193,984,1
193,205,928,193,205,928,193,205,928,1
205,216,961,205,216,961,205,216,961,1
216,172,970,216,172,970,216,172,970,1
172,202,927,172,202,927,172,202,927,1
202,292,977,202,292,977,202,292,977,1
292,284,959,292,284,959,292,284,959,1
284,274,967,284,274,967,284,274,967,1
274,205,961,274,205,961,274,205,961,1
205,176,960,205,176,960,205,176,960,1
176,211,925,176,211,925,176,211,925,1
211,296,968,211,296,968,211,296,968,-1
296,169,965,296,169,965,296,169,965,-1
169,121,958,169,121,958,169,121,958,-1
121,202,941,121,202,941,121,202,941,-1
202,165,948,202,165,948,202,165,948,-1
165,198,916,165,198,916,165,198,916,-1
198,285,969,198,285,969,198,285,969,-1
285,192,941,285,192,941,285,192,941,-1
192,163,952,192,163,952,192,163,952,-1
163,202,916,163,202,916,163,202,916,-1
202,199,970,202,199,970,202,199,970,-1
199,201,957,199,201,957,199,201,957,-1
201,135,907,201,135,907,201,135,907,-1
135,164,946,135,164,946,135,164,946,-1
164,194,931,164,194,931,164,194,931,-1
194,181,961,194,181,961,194,181,961,-1
181,190,954,181,190,954,181,190,954,-1
190,196,913,190,196,913,190,196,913,-1
196,281,966,196,281,966,196,281,966,-1
281,283,956,281,283,956,281,283,956,-1
283,206,951,283,206,951,283,206,951,-1
206,173,977,206,173,977,206,173,977,-1
173,212,940,173,212,940,173,212,940,-1
212,181,966,212,181,966,212,181,966,-1
181,207,971,181,207,971,181,207,971,-1
207,189,946,207,189,946,207,189,946,-1
189,280,971,189,280,971,189,280,971,-1
280,275,967,280,275,967,280,275,967,-1
275,212,978,275,212,978,275,212,978,-1
212,160,986,212,160,986,212,160,986,-1
160,129,952,160,129,952,160,129,952,-1
129,164,977,129,164,977,129,164,977,-1
164,201,946,164,201,946,164,201,946,-1
201,210,965,201,210,965,201,210,965,-1
210,186,975,210,186,975,210,186,975,-1
186,200,945,186,200,945,186,200,945,-1
200,279,974,200,279,974,200,279,974,-1
279,280,975,279,280,975,279,280,975,-1
280,156,976,280,156,976,280,156,976,-1
156,209,999,156,209,999,156,209,999,-1
209,198,944,209,198,944,209,198,944,-1
198,171,973,198,171,973,198,171,973,-1
171,125,978,171,125,978,171,125,978,-1
125,293,976,125,293,976,125,293,976,-1
293,177,978,293,177,978,293,177,978,-1
177,121,983,177,121,983,177,121,983,-1
121,297,976,121,297,976,121,297,976,-1
297,276,977,297,276,977,297,276,977,-1
276,202,968,276,202,968,276,202,968,-1
202,157,977,202,157,977,202,157,977,-1
157,194,928,157,194,928,157,194,928,-1
194,289,967,194,289,967,194,289,967,-1
289,302,985,289,302,985,289,302,985,-1
302,294,972,302,294,972,302,294,972,-1
294,292,983,294,292,983,294,292,983,-1
292,293,982,292,293,982,292,293,982,-1
293,277,961,293,277,961,293,277,961,-1
277,271,967,277,271,967,277,271,967,-1
271,286,973,271,286,973,271,286,973,-1
286,185,960,286,185,960,286,185,960,-1
185,206,971,185,206,971,185,206,971,-1
206,208,945,206,208,945,206,208,945,-1
208,294,976,208,294,976,208,294,976,-1
294,288,963,294,288,963,294,288,963,-1
288,174,972,288,174,972,288,174,972,-1
174,124,993,174,124,993,174,124,993,-1
124,288,990,124,288,990,124,288,990,-1
288,285,986,288,285,986,288,285,986,-1
285,300,975,285,300,975,285,300,975,-1
300,214,983,300,214,983,300,214,983,-1
214,220,968,214,220,968,214,220,968,-1
220,190,952,220,190,952,220,190,952,-1
190,296,957,190,296,957,190,296,957,-1
296,287,970,296,287,970,296,287,970,-1
287,121,969,287,121,969,287,121,969,-1
121,177,950,121,177,950,121,177,950,-1
177,289,968,177,289,968,177,289,968,-1
289,288,974,289,288,974,289,288,974,-1
288,304,971,288,304,971,288,304,971,-1
304,123,969,304,123,969,304,123,969,-1
123,189,976,123,189,976,123,189,976,-1
189,123,962,189,123,962,189,123,962,-1
123,183,944,123,183,944,123,183,944,-1
183,289,958,183,289,958,183,289,958,-1
289,209,966,289,209,966,289,209,966,-1
209,194,961,209,194,961,209,194,961,-1
194,182,937,194,182,937,194,182,937,-1
182,296,955,182,296,955,182,296,955,-1
296,299,961,296,299,961,296,299,961,-1
299,234,968,299,234,968,299,234,968,-1
234,195,966,234,195,966,234,195,966,-1
195,122,960,195,122,960,195,122,960,-1
122,183,966,122,183,966,122,183,966,-1
183,177,977,183,177,977,183,177,977,-1
177,206,966,177,206,966,177,206,966,-1
206,181,962,206,181,962,206,181,962,-1
181,187,944,181,187,944,181,187,944,-1
187,146,964,187,146,964,187,146,964,-1
146,151,981,146,151,981,146,151,981,-1
151,300,956,151,300,956,151,300,956,-1
300,225,955,300,225,955,300,225,955,-1
225,197,959,225,197,959,225,197,959,-1
197,185,969,197,185,969,197,185,969,-1
185,127,962,185,127,962,185,127,962,-1
127,177,954,127,177,954,127,177,954,-1
177,293,961,177,293,961,177,293,961,-1
293,286,965,293,286,965,293,286,965,-1
286,294,968,286,294,968,286,294,968,-1
294,208,971,294,208,971,294,208,971,-1
208,213,987,208,213,987,208,213,987,-1
213,190,976,213,190,976,213,190,976,-1
190,219,970,190,219,970,190,219,970,-1
219,201,966,219,201,966,219,201,966,-1
201,180,956,201,180,956,201,180,956,-1
180,294,961,180,294,961,180,294,961,-1
294,121,962,294,121,962,294,121,962,-1
121,169,941,121,169,941,121,169,941,-1
169,285,954,169,285,954,169,285,954,-1
285,140,963,285,140,963,285,140,963,-1
140,160,1021,140,160,1021,140,160,1021,-1
160,126,977,160,126,977,160,126,977,-1
126,187,981,126,187,981,126,187,981,-1
187,121,979,187,121,979,187,121,979,-1
121,182,980,121,182,980,121,182,980,-1
182,210,979,182,210,979,182,210,979,-1
210,234,989,210,234,989,210,234,989,-1
234,149,1001,234,149,1001,234,149,1001,-1
149,210,956,149,210,956,149,210,956,-1
210,196,963,210,196,963,210,196,963,-1
196,177,971,196,177,971,196,177,971,-1
177,290,967,177,290,967,177,290,967,-1
290,312,954,290,312,954,290,312,954,-1
312,121,960,312,121,960,312,121,960,-1
121,189,949,121,189,949,121,189,949,-1
189,149,969,189,149,969,189,149,969,-1
149,149,1001,149,149,1001,149,149,1001,-1
149,294,958,149,294,958,149,294,958,-1
294,286,960,294,286,960,294,286,960,-1
286,296,969,286,296,969,286,296,969,-1
296,205,979,296,205,979,296,205,979,-1
205,194,965,205,194,965,205,194,965,-1
194,190,965,194,190,965,194,190,965,-1
190,129,960,190,129,960,190,129,960,-1
129,186,958,129,186,958,129,186,958,-1
186,309,963,186,309,963,186,309,963,-1
309,295,965,309,295,965,309,295,965,-1
295,291,964,295,291,964,295,291,964,-1
291,286,967,291,286,967,291,286,967,-1
286,297,977,286,297,977,286,297,977,-1
297,300,972,297,300,972,297,300,972,-1
300,301,963,300,301,963,300,301,963,-1
301,313,964,301,313,964,301,313,964,-1
313,121,963,313,121,963,313,121,963,-1
121,183,965,121,183,965,121,183,965,-1
183,283,959,183,283,959,183,283,959,-1
283,288,955,283,288,955,283,288,955,-1
288,290,965,288,290,965,288,290,965,-1
290,225,967,290,225,967,290,225,967,-1
225,195,955,225,195,955,225,195,955,-1
195,190,966,195,190,966,195,190,966,-1
190,302,962,190,302,962,190,302,962,-1
302,315,965,302,315,965,302,315,965,-1
315,294,964,315,294,964,315,294,964,-1
294,281,957,294,281,957,294,281,957,-1
281,223,959,281,223,959,281,223,959,-1
223,177,960,223,177,960,223,177,960,-1
177,184,939,177,184,939,177,184,939,-1
184,310,958,184,310,958,184,310,958,-1
310,304,951,310,304,951,310,304,951,-1
304,298,954,304,298,954,304,298,954,-1
298,305,969,298,305,969,298,305,969,-1
305,204,971,305,204,971,305,204,971,-1
204,200,984,204,200,984,204,200,984,-1
200,169,970,200,169,970,200,169,970,-1
169,295,985,169,295,985,169,295,985,-1
295,305,960,295,305,960,295,305,960,-1
305,146,977,305,146,977,305,146,977,-1
146,168,1000,146,168,1000,146,168,1000,-1
168,123,946,168,123,946,168,123,946,-1
123,181,952,123,181,952,123,181,952,-1
181,293,944,181,293,944,181,293,944,-1
293,297,950,293,297,950,293,297,950,-1
297,288,949,297,288,949,297,288,949,-1
288,211,957,288,211,957,288,211,957,-1
211,182,968,211,182,968,211,182,968,-1
182,191,957,182,191,957,182,191,957,-1
191,306,970,191,306,970,191,306,970,-1
306,315,960,306,315,960,306,315,960,-1
315,295,960,315,295,960,315,295,960,-1
295,286,964,295,286,964,295,286,964,-1
286,218,967,286,218,967,286,218,967,-1
218,195,965,218,195,965,218,195,965,-1
195,178,949,195,178,949,195,178,949,-1
178,292,974,178,292,974,178,292,974,-1
292,222,975,292,222,975,292,222,975,-1
222,202,973,222,202,973,222,202,973,-1
202,188,954,202,188,954,202,188,954,-1
188,309,970,188,309,970,188,309,970,-1
309,289,985,309,289,985,309,289,985,-1
289,282,977,289,282,977,289,282,977,-1
282,299,989,282,299,989,282,299,989,-1
299,293,978,299,293,978,299,293,978,-1
293,297,970,293,297,970,293,297,970,-1
297,223,973,297,223,973,297,223,973,-1
223,201,971,223,201,971,223,201,971,-1
201,189,943,201,189,943,201,189,943,-1
189,221,957,189,221,957,189,221,957,-1
221,189,966,221,189,966,221,189,966,-1
189,177,963,189,177,963,189,177,963,-1
177,287,951,177,287,951,177,287,951,-1
287,301,955,287,301,955,287,301,955,-1
301,123,968,301,123,968,301,123,968,-1
123,181,968,123,181,968,123,181,968,-1
181,231,963,181,231,963,181,231,963,-1
231,201,951,231,201,951,231,201,951,-1
201,173,982,201,173,982,201,173,982,-1
173,127,979,173,127,979,173,127,979,-1
127,175,984,127,175,984,127,175,984,-1
175,291,960,175,291,960,175,291,960,-1
291,285,967,291,285,967,291,285,967,-1
285,288,980,285,288,980,285,288,980,-1
288,308,967,288,308,967,288,308,967,-1
308,309,977,308,309,977,308,309,977,-1
309,188,984,309,188,984,309,188,984,-1
188,226,974,188,226,974,188,226,974,-1
226,183,943,226,183,943,226,183,943,-1
183,295,978,183,295,978,183,295,978,-1
295,292,971,295,292,971,295,292,971,-1
292,286,967,292,286,967,292,286,967,-1
286,224,960,286,224,960,286,224,960,-1
224,201,955,224,201,955,224,201,955,-1
201,188,928,201,188,928,201,188,928,-1
188,305,947,188,305,947,188,305,947,-1
305,296,960,305,296,960,305,296,960,-1
296,292,962,296,292,962,296,292,962,-1
292,291,963,292,291,963,292,291,963,-1
291,149,963,291,149,963,291,149,963,-1
149,139,992,149,139,992,149,139,992,-1
139,122,968,139,122,968,139,122,968,-1
122,169,952,122,169,952,122,169,952,-1
169,308,956,169,308,956,169,308,956,-1
308,129,962,308,129,962,308,129,962,-1
129,184,972,129,184,972,129,184,972,-1
184,127,966,184,127,966,184,127,966,-1
127,175,946,127,175,946,127,175,946,-1
175,294,963,175,294,963,175,294,963,-1
294,287,967,294,287,967,294,287,967,-1
287,292,964,287,292,964,287,292,964,-1
292,122,959,292,122,959,292,122,959,-1
122,173,951,122,173,951,122,173,951,-1
173,214,975,173,214,975,173,214,975,-1
214,201,988,214,201,988,214,201,988,-1
201,195,959,201,195,959,201,195,959,-1
195,123,979,195,123,979,195,123,979,-1
123,186,965,123,186,965,123,186,965,-1
186,294,976,186,294,976,186,294,976,-1
294,287,965,294,287,965,294,287,965,-1
287,219,953,287,219,953,287,219,953,-1
219,184,949,219,184,949,219,184,949,-1
184,180,946,184,180,946,184,180,946,-1
180,302,963,180,302,963,180,302,963,-1
302,304,955,302,304,955,302,304,955,-1
304,313,972,304,313,972,304,313,972,-1
313,130,974,313,130,974,313,130,974,-1
130,175,958,130,175,958,130,175,958,-1
175,125,971,175,125,971,175,125,971,-1
125,161,969,125,161,969,125,161,969,-1
161,285,972,161,285,972,161,285,972,-1
285,289,979,285,289,979,285,289,979,-1
289,302,968,289,302,968,289,302,968,-1
302,155,971,302,155,971,302,155,971,-1
155,149,993,155,149,993,155,149,993,-1
149,129,970,149,129,970,149,129,970,-1
129,174,968,129,174,968,129,174,968,-1
174,126,961,174,126,961,174,126,961,-1
126,184,966,126,184,966,126,184,966,-1
184,292,969,184,292,969,184,292,969,-1
292,285,971,292,285,971,292,285,971,-1
285,289,981,285,289,981,285,289,981,-1
289,294,988,289,294,988,289,294,988,-1
294,126,990,294,126,990,294,126,990,-1
126,188,970,126,188,970,126,188,970,-1
188,123,986,188,123,986,188,123,986,-1
123,183,969,123,183,969,123,183,969,-1
183,222,974,183,222,974,183,222,974,-1
222,196,981,222,196,981,222,196,981,-1
196,185,943,196,185,943,196,185,943,-1
185,289,967,185,289,967,185,289,967,-1
289,284,975,289,284,975,289,284,975,-1
284,293,957,284,293,957,284,293,957,-1
293,177,959,293,177,959,293,177,959,-1
177,123,967,177,123,967,177,123,967,-1
123,229,964,123,229,964,123,229,964,-1
229,201,951,229,201,951,229,201,951,-1
201,190,938,201,190,938,201,190,938,-1
190,290,950,190,290,950,190,290,950,-1
290,299,958,290,299,958,290,299,958,-1
299,291,950,299,291,950,299,291,950,-1
291,220,949,291,220,949,291,220,949,-1
220,164,952,220,164,952,220,164,952,-1
164,128,930,164,128,930,164,128,930,-1
128,176,957,128,176,957,128,176,957,-1
176,123,929,176,123,929,176,123,929,-1
123,281,951,123,281,951,123,281,951,-1
281,226,971,281,226,971,281,226,971,-1
226,189,996,226,189,996,226,189,996,-1
189,284,976,189,284,976,189,284,976,-1
284,121,986,284,121,986,284,121,986,-1
121,176,973,121,176,973,121,176,973,-1
176,144,1001,176,144,1001,176,144,1001,-1
144,147,1013,144,147,1013,144,147,1013,-1
147,121,983,147,121,983,147,121,983,-1
121,170,978,121,170,978,121,170,978,-1
170,305,979,170,305,979,170,305,979,-1
305,125,989,305,125,989,305,125,989,-1
125,184,986,125,184,986,125,184,986,-1
184,197,982,184,197,982,184,197,982,-1
197,398,992,197,398,992,197,398,992,-1
398,285,960,398,285,960,398,285,960,-1
285,298,954,285,298,954,285,298,954,-1
298,299,962,298,299,962,298,299,962,-1
299,214,949,299,214,949,299,214,949,-1
214,200,941,214,200,941,214,200,941,-1
200,193,934,200,193,934,200,193,934,-1
193,305,955,193,305,955,193,305,955,-1
305,301,963,305,301,963,305,301,963,-1
301,182,954,301,182,954,301,182,954,-1
182,211,966,182,211,966,182,211,966,-1
211,174,966,211,174,966,211,174,966,-1
174,203,962,174,203,962,174,203,962,-1
203,213,960,203,213,960,203,213,960,-1
213,188,942,213,188,942,213,188,942,-1
188,304,968,188,304,968,188,304,968,-1
304,230,959,304,230,959,304,230,959,-1
230,221,963,230,221,963,230,221,963,-1
221,152,1014,221,152,1014,221,152,1014,-1
152,297,982,152,297,982,152,297,982,-1
297,287,968,297,287,968,297,287,968,-1
287,285,982,287,285,982,287,285,982,-1
285,217,985,285,217,985,285,217,985,-1
217,212,979,217,212,979,217,212,979,-1
212,189,949,212,189,949,212,189,949,-1
189,298,967,189,298,967,189,298,967,-1
298,124,969,298,124,969,298,124,969,-1
124,176,959,124,176,959,124,176,959,-1
176,146,963,176,146,963,176,146,963,-1
146,143,999,146,143,999,146,143,999,-1
143,228,972,143,228,972,143,228,972,-1
228,172,987,228,172,987,228,172,987,-1
172,179,954,172,179,954,172,179,954,-1
179,294,977,179,294,977,179,294,977,-1
294,316,965,294,316,965,294,316,965,-1
316,306,963,316,306,963,316,306,963,-1
306,123,958,306,123,958,306,123,958,-1
123,176,949,123,176,949,123,176,949,-1
176,292,952,176,292,952,176,292,952,-1
292,292,958,292,292,958,292,292,958,-1
292,290,954,292,290,954,292,290,954,-1
290,206,959,290,206,959,290,206,959,-1
206,195,968,206,195,968,206,195,968,-1
195,196,942,195,196,942,195,196,942,-1
196,122,955,196,122,955,196,122,955,-1
122,192,943,122,192,943,122,192,943,-1
192,219,970,192,219,970,192,219,970,-1
219,201,974,219,201,974,219,201,974,-1
201,174,953,201,174,953,201,174,953,-1
174,285,970,174,285,970,174,285,970,-1
285,291,968,285,291,968,285,291,968,-1
291,225,958,291,225,958,291,225,958,-1
225,188,962,225,188,962,225,188,962,-1
188,182,961,188,182,961,188,182,961,-1
182,311,971,182,311,971,182,311,971,-1
311,313,972,311,313,972,311,313,972,-1
313,298,965,313,298,965,313,298,965,-1
298,284,970,298,284,970,298,284,970,-1
284,286,972,284,286,972,284,286,972,-1
286,201,968,286,201,968,286,201,968,-1
201,213,979,201,213,979,201,213,979,-1
213,181,972,213,181,972,213,181,972,-1
181,302,982,181,302,982,181,302,982,-1
302,216,971,302,216,971,302,216,971,-1
216,218,970,216,218,970,216,218,970,-1
218,182,957,218,182,957,218,182,957,-1
182,286,963,182,286,963,182,286,963,-1
286,285,968,286,285,968,286,285,968,-1
285,216,959,285,216,959,285,216,959,-1
216,223,960,216,223,960,216,223,960,-1
223,153,1005,223,153,1005,223,153,1005,-1
153,219,973,153,219,973,153,219,973,-1
219,207,972,219,207,972,219,207,972,-1
207,184,954,207,184,954,207,184,954,-1
184,308,962,184,308,962,184,308,962,-1
308,297,966,308,297,966,308,297,966,-1
297,283,947,297,283,947,297,283,947,-1
283,121,948,283,121,948,283,121,948,-1
121,166,941,121,166,941,121,166,941,-1
166,292,949,166,292,949,166,292,949,-1
292,125,974,292,125,974,292,125,974,-1
125,184,965,125,184,965,125,184,965,-1
184,127,965,184,127,965,184,127,965,-1
127,182,959,127,182,959,127,182,959,-1
182,200,963,182,200,963,182,200,963,-1
200,218,977,200,218,977,200,218,977,-1
218,183,961,218,183,961,218,183,961,-1
183,293,956,183,293,956,183,293,956,-1
293,217,947,293,217,947,293,217,947,-1
217,184,947,217,184,947,217,184,947,-1
184,175,965,184,175,965,184,175,965,-1
175,124,952,175,124,952,175,124,952,-1
124,180,947,124,180,947,124,180,947,-1
180,213,966,180,213,966,180,213,966,-1
213,257,960,213,257,960,213,257,960,-1
257,150,1013,257,150,1013,257,150,1013,-1
150,293,974,150,293,974,150,293,974,-1
293,212,967,293,212,967,293,212,967,-1
212,200,976,212,200,976,212,200,976,-1
200,175,976,200,175,976,200,175,976,-1
175,282,971,175,282,971,175,282,971,-1
282,213,971,282,213,971,282,213,971,-1
213,201,955,213,201,955,213,201,955,-1
201,191,956,201,191,956,201,191,956,-1
191,127,950,191,127,950,191,127,950,-1
127,185,929,127,185,929,127,185,929,-1
185,122,949,185,122,949,185,122,949,-1
122,178,926,122,178,926,122,178,926,-1
178,285,958,178,285,958,178,285,958,-1
285,299,951,285,299,951,285,299,951,-1
299,176,956,299,176,956,299,176,956,-1
176,226,968,176,226,968,176,226,968,-1
226,182,943,226,182,943,226,182,943,-1
182,307,957,182,307,957,182,307,957,-1
307,227,950,307,227,950,307,227,950,-1
227,193,948,227,193,948,227,193,948,-1
193,197,948,193,197,948,193,197,948,-1
197,210,959,197,210,959,197,210,959,-1
210,190,958,210,190,958,210,190,958,-1
190,171,941,190,171,941,190,171,941,-1
171,298,966,171,298,966,171,298,966,-1
298,293,965,298,293,965,298,293,965,-1
293,125,963,293,125,963,293,125,963,-1
125,177,944,125,177,944,125,177,944,-1
177,309,964,177,309,964,177,309,964,-1
309,213,962,309,213,962,309,213,962,-1
213,195,973,213,195,973,213,195,973,-1
195,200,956,195,200,956,195,200,956,-1
200,205,966,200,205,966,200,205,966,-1
205,188,970,205,188,970,205,188,970,-1
188,178,954,188,178,954,188,178,954,-1
178,302,955,178,302,955,178,302,955,-1
302,121,957,302,121,957,302,121,957,-1
121,184,934,121,184,934,121,184,934,-1
184,301,957,184,301,957,184,301,957,-1
301,306,965,301,306,965,301,306,965,-1
306,298,963,306,298,963,306,298,963,-1
298,294,963,298,294,963,298,294,963,-1
294,283,968,294,283,968,294,283,968,-1
283,203,962,283,203,962,283,203,962,-1
203,195,956,203,195,956,203,195,956,-1
195,198,934,195,198,934,195,198,934,-1
198,310,950,198,310,950,198,310,950,-1
310,121,954,310,121,954,310,121,954,-1
121,181,930,121,181,930,121,181,930,-1
181,218,947,181,218,947,181,218,947,-1
218,199,939,218,199,939,218,199,939,-1
199,176,971,199,176,971,199,176,971,-1
176,292,945,176,292,945,176,292,945,-1
292,284,941,292,284,941,292,284,941,-1
284,295,944,284,295,944,284,295,944,-1
295,224,971,295,224,971,295,224,971,-1
224,211,964,224,211,964,224,211,964,-1
211,187,951,211,187,951,211,187,951,-1
187,297,966,187,297,966,187,297,966,-1
297,293,960,297,293,960,297,293,960,-1
293,157,954,293,157,954,293,157,954,-1
157,130,982,157,130,982,157,130,982,-1
130,219,957,130,219,957,130,219,957,-1
219,183,977,219,183,977,219,183,977,-1
183,182,939,183,182,939,183,182,939,-1
182,228,957,182,228,957,182,228,957,-1
228,202,961,228,202,961,228,202,961,-1
202,193,961,202,193,961,202,193,961,-1
193,229,949,193,229,949,193,229,949,-1
229,195,950,229,195,950,229,195,950,-1
195,173,959,195,173,959,195,173,959,-1
173,285,957,173,285,957,173,285,957,-1
285,291,955,285,291,955,285,291,955,-1
291,296,961,291,296,961,291,296,961,-1
296,299,964,296,299,964,296,299,964,-1
299,213,965,299,213,965,299,213,965,-1
213,206,975,213,206,975,213,206,975,-1
206,200,949,206,200,949,206,200,949,-1
200,296,969,200,296,969,200,296,969,-1
296,215,961,296,215,961,296,215,961,-1
215,177,963,215,177,963,215,177,963,-1
177,177,939,177,177,939,177,177,939,-1
177,295,968,177,295,968,177,295,968,-1
295,122,968,295,122,968,295,122,968,-1
122,180,964,122,180,964,122,180,964,-1
180,126,968,180,126,968,180,126,968,-1
126,179,970,126,179,970,126,179,970,-1
179,309,967,179,309,967,179,309,967,-1
309,124,965,309,124,965,309,124,965,-1
124,183,943,124,183,943,124,183,943,-1
183,192,975,183,192,975,183,192,975,-1
192,201,973,192,201,973,192,201,973,-1
201,177,977,201,177,977,201,177,977,-1
177,289,961,177,289,961,177,289,961,-1
289,122,964,289,122,964,289,122,964,-1
122,181,954,122,181,954,122,181,954,-1
181,304,972,181,304,972,181,304,972,-1
304,127,967,304,127,967,304,127,967,-1
127,176,964,127,176,964,127,176,964,-1
176,306,963,176,306,963,176,306,963,-1
306,124,964,306,124,964,306,124,964,-1
124,173,979,124,173,979,124,173,979,-1
173,286,971,173,286,971,173,286,971,-1
286,288,964,286,288,964,286,288,964,-1
288,221,973,288,221,973,288,221,973,-1
221,196,970,221,196,970,221,196,970,-1
196,190,940,196,190,940,196,190,940,-1
190,128,970,190,128,970,190,128,970,-1
128,181,953,128,181,953,128,181,953,-1
181,297,976,181,297,976,181,297,976,-1
297,301,971,297,301,971,297,301,971,-1
301,291,973,301,291,973,301,291,973,-1
291,285,967,291,285,967,291,285,967,-1
285,202,975,285,202,975,285,202,975,-1
202,207,965,202,207,965,202,207,965,-1
207,180,945,207,180,945,207,180,945,-1
180,314,964,180,314,964,180,314,964,-1
314,125,963,314,125,963,314,125,963,-1
125,179,936,125,179,936,125,179,936,-1
179,121,966,179,121,966,179,121,966,-1
121,172,940,121,172,940,121,172,940,-1
172,299,978,172,299,978,172,299,978,-1
299,121,972,299,121,972,299,121,972,-1
121,172,970,121,172,970,121,172,970,-1
172,216,974,172,216,974,172,216,974,-1
216,181,976,216,181,976,216,181,976,-1
181,189,960,181,189,960,181,189,960,-1
189,307,986,189,307,986,189,307,986,-1
307,240,963,307,240,963,307,240,963,-1
240,194,958,240,194,958,240,194,958,-1
194,175,964,194,175,964,194,175,964,-1
175,285,967,175,285,967,175,285,967,-1
285,150,969,285,150,969,285,150,969,-1
150,144,1007,150,144,1007,150,144,1007,-1
144,292,974,144,292,974,144,292,974,-1
292,290,982,292,290,982,292,290,982,-1
290,228,974,290,228,974,290,228,974,-1
228,194,982,228,194,982,228,194,982,-1
194,191,972,194,191,972,194,191,972,-1
191,221,983,191,221,983,191,221,983,-1
221,201,970,221,201,970,221,201,970,-1
201,182,954,201,182,954,201,182,954,-1
182,283,970,182,283,970,182,283,970,-1
283,203,969,283,203,969,283,203,969,-1
203,213,966,203,213,966,203,213,966,-1
213,178,942,213,178,942,213,178,942,-1
178,221,954,178,221,954,178,221,954,-1
221,185,957,221,185,957,221,185,957,-1
185,202,938,185,202,938,185,202,938,-1
202,148,969,202,148,969,202,148,969,-1
148,155,996,148,155,996,148,155,996,-1
155,302,971,155,302,971,155,302,971,-1
302,285,974,302,285,974,302,285,974,-1
285,283,972,285,283,972,285,283,972,-1
283,300,985,283,300,985,283,300,985,-1
300,216,960,300,216,960,300,216,960,-1
216,206,959,216,206,959,216,206,959,-1
206,183,942,206,183,942,206,183,942,-1
183,124,955,183,124,955,183,124,955,-1
124,182,962,124,182,962,124,182,962,-1
182,124,956,182,124,956,182,124,956,-1
124,176,971,124,176,971,124,176,971,-1
176,296,957,176,296,957,176,296,957,-1
296,285,964,296,285,964,296,285,964,-1
285,206,970,285,206,970,285,206,970,-1
206,201,980,206,201,980,206,201,980,-1
201,189,975,201,189,975,201,189,975,-1
189,216,981,189,216,981,189,216,981,-1
216,201,983,216,201,983,216,201,983,-1
201,188,960,201,188,960,201,188,960,-1
188,210,977,188,210,977,188,210,977,-1
210,207,975,210,207,975,210,207,975,-1
207,175,969,207,175,969,207,175,969,-1
175,292,965,175,292,965,175,292,965,-1
292,196,962,292,196,962,292,196,962,-1
196,197,974,196,197,974,196,197,974,-1
197,188,948,197,188,948,197,188,948,-1
188,128,966,188,128,966,188,128,966,-1
128,188,944,128,188,944,128,188,944,-1
188,310,968,188,310,968,188,310,968,-1
310,219,963,310,219,963,310,219,963,-1
219,201,966,219,201,966,219,201,966,-1
201,172,947,201,172,947,201,172,947,-1
172,291,960,172,291,960,172,291,960,-1
291,291,961,291,291,961,291,291,961,-1
291,291,954,291,291,954,291,291,954,-1
291,302,966,291,302,966,291,302,966,-1
302,123,972,302,123,972,302,123,972,-1
123,194,956,123,194,956,123,194,956,-1
194,305,962,194,305,962,194,305,962,-1
305,286,975,305,286,975,305,286,975,-1
286,121,964,286,121,964,286,121,964,-1
121,168,967,121,168,967,121,168,967,-1
168,291,978,168,291,978,168,291,978,-1
291,293,975,291,293,975,291,293,975,-1
293,301,975,293,301,975,293,301,975,-1
301,228,985,301,228,985,301,228,985,-1
228,201,968,228,201,968,228,201,968,-1
201,196,964,201,196,964,201,196,964,-1
196,215,948,196,215,948,196,215,948,-1
215,195,949,215,195,949,215,195,949,-1
195,173,947,195,173,947,195,173,947,-1
173,285,962,173,285,962,173,285,962,-1
285,295,960,285,295,960,285,295,960,-1
295,299,969,295,299,969,295,299,969,-1
299,123,981,299,123,981,299,123,981,-1
123,179,978,123,179,978,123,179,978,-1
179,121,988,179,121,988,179,121,988,-1
121,189,977,121,189,977,121,189,977,-1
189,123,988,189,123,988,189,123,988,-1
123,185,984,123,185,984,123,185,984,-1
185,286,985,185,286,985,185,286,985,-1
286,285,973,286,285,973,286,285,973,-1
285,288,978,285,288,978,285,288,978,-1
288,304,956,288,304,956,288,304,956,-1
304,128,955,304,128,955,304,128,955,-1
128,181,934,128,181,934,128,181,934,-1
181,123,960,181,123,960,181,123,960,-1
123,180,970,123,180,970,123,180,970,-1
180,122,962,180,122,962,180,122,962,-1
122,186,959,122,186,959,122,186,959,-1
186,125,971,186,125,971,186,125,971,-1
125,172,967,125,172,967,125,172,967,-1
172,284,969,172,284,969,172,284,969,-1
284,284,974,284,284,974,284,284,974,-1
284,192,981,284,192,981,284,192,981,-1
192,219,963,192,219,963,192,219,963,-1
219,192,971,219,192,971,219,192,971,-1
192,121,957,192,121,957,192,121,957,-1
121,187,931,121,187,931,121,187,931,-1
187,299,942,187,299,942,187,299,942,-1
299,302,950,299,302,950,299,302,950,-1
302,124,948,302,124,948,302,124,948,-1
124,171,942,124,171,942,124,171,942,-1
171,282,956,171,282,956,171,282,956,-1
282,292,961,282,292,961,282,292,961,-1
292,125,965,292,125,965,292,125,965,-1
125,178,971,125,178,971,125,178,971,-1
178,152,979,178,152,979,178,152,979,-1
152,161,1005,152,161,1005,152,161,1005,-1
161,127,979,161,127,979,161,127,979,-1
127,177,974,127,177,974,127,177,974,-1
177,292,972,177,292,972,177,292,972,-1
292,229,972,292,229,972,292,229,972,-1
229,184,979,229,184,979,229,184,979,-1
184,172,939,184,172,939,184,172,939,-1
172,285,948,172,285,948,172,285,948,-1
285,299,942,285,299,942,285,299,942,-1
299,306,946,299,306,946,299,306,946,-1
306,125,959,306,125,959,306,125,959,-1
125,188,941,125,188,941,125,188,941,-1
188,299,967,188,299,967,188,299,967,-1
299,289,968,299,289,968,299,289,968,-1
289,297,968,289,297,968,289,297,968,-1
297,224,961,297,224,961,297,224,961,-1
224,179,962,224,179,962,224,179,962,-1
179,180,948,179,180,948,179,180,948,-1
180,207,951,180,207,951,180,207,951,-1
207,213,950,207,213,950,207,213,950,-1
213,193,935,213,193,935,213,193,935,-1
193,309,956,193,309,956,193,309,956,-1
309,291,950,309,291,950,309,291,950,-1
291,281,964,291,281,964,291,281,964,-1
281,142,968,281,142,968,281,142,968,-1
142,155,997,142,155,997,142,155,997,-1
155,203,960,155,203,960,155,203,960,-1
203,208,979,203,208,979,203,208,979,-1
208,180,952,208,180,952,208,180,952,-1
180,309,965,180,309,965,180,309,965,-1
309,306,963,309,306,963,309,306,963,-1
306,128,962,306,128,962,306,128,962,-1
128,177,954,128,177,954,128,177,954,-1
177,139,964,177,139,964,177,139,964,-1
139,144,1004,139,144,1004,139,144,1004,-1
144,222,955,144,222,955,144,222,955,-1
222,177,971,222,177,971,222,177,971,-1
177,189,950,177,189,950,177,189,950,-1
189,302,971,189,302,971,189,302,971,-1
302,300,967,302,300,967,302,300,967,-1
300,121,979,300,121,979,300,121,979,-1
121,184,957,121,184,957,121,184,957,-1
184,300,975,184,300,975,184,300,975,-1
300,292,972,300,292,972,300,292,972,-1
292,284,970,292,284,970,292,284,970,-1
284,288,973,284,288,973,284,288,973,-1
288,122,960,288,122,960,288,122,960,-1
122,186,946,122,186,946,122,186,946,-1
186,212,972,186,212,972,186,212,972,-1
212,207,962,212,207,962,212,207,962,-1
207,191,959,207,191,959,207,191,959,-1
191,121,951,191,121,951,191,121,951,-1
121,181,930,121,181,930,121,181,930,-1
181,294,960,181,294,960,181,294,960,-1
294,131,965,294,131,965,294,131,965,-1
131,158,983,131,158,983,131,158,983,-1
158,289,961,158,289,961,158,289,961,-1
289,210,966,289,210,966,289,210,966,-1
210,204,979,210,204,979,210,204,979,-1
204,194,963,204,194,963,204,194,963,-1
194,226,973,194,226,973,194,226,973,-1
226,200,967,226,200,967,226,200,967,-1
200,178,961,200,178,961,200,178,961,-1
178,291,980,178,291,980,178,291,980,-1
291,293,990,291,293,990,291,293,990,-1
293,290,991,293,290,991,293,290,991,-1
290,292,991,290,292,991,290,292,991,-1
292,308,989,292,308,989,292,308,989,-1
308,125,974,308,125,974,308,125,974,-1
125,190,959,125,190,959,125,190,959,-1
190,122,971,190,122,971,190,122,971,-1
122,180,972,122,180,972,122,180,972,-1
180,207,978,180,207,978,180,207,978,-1
207,201,967,207,201,967,207,201,967,-1
201,173,937,201,173,937,201,173,937,-1
173,207,960,173,207,960,173,207,960,-1
207,175,958,207,175,958,207,175,958,-1
175,121,954,175,121,954,175,121,954,-1
121,215,954,121,215,954,121,215,954,-1
215,195,967,215,195,967,215,195,967,-1
195,189,964,195,189,964,195,189,964,-1
189,129,985,189,129,985,189,129,985,-1
129,188,972,129,188,972,129,188,972,-1
188,300,977,188,300,977,188,300,977,-1
300,285,971,300,285,971,300,285,971,-1
285,288,972,285,288,972,285,288,972,-1
288,121,972,288,121,972,288,121,972,-1
121,173,950,121,173,950,121,173,950,-1
173,219,973,173,219,973,173,219,973,-1
219,196,971,219,196,971,219,196,971,-1
196,188,988,196,188,988,196,188,988,-1
188,223,969,188,223,969,188,223,969,-1
223,207,981,223,207,981,223,207,981,-1
207,190,959,207,190,959,207,190,959,-1
190,293,985,190,293,985,190,293,985,-1
293,282,969,293,282,969,293,282,969,-1
282,286,952,282,286,952,282,286,952,-1
286,298,962,286,298,962,286,298,962,-1
298,126,978,298,126,978,298,126,978,-1
126,178,937,126,178,937,126,178,937,-1
178,122,971,178,122,971,178,122,971,-1
122,182,947,122,182,947,122,182,947,-1
182,307,977,182,307,977,182,307,977,-1
307,124,977,307,124,977,307,124,977,-1
124,180,939,124,180,939,124,180,939,-1
180,288,969,180,288,969,180,288,969,-1
288,188,965,288,188,965,288,188,965,-1
188,213,967,188,213,967,188,213,967,-1
213,173,941,213,173,941,213,173,941,-1
173,243,961,173,243,961,173,243,961,-1
243,190,956,243,190,956,243,190,956,-1
190,187,934,190,187,934,190,187,934,-1
187,299,970,187,299,970,187,299,970,-1
299,125,961,299,125,961,299,125,961,-1
125,181,945,125,181,945,125,181,945,-1
181,295,956,181,295,956,181,295,956,-1
295,282,966,295,282,966,295,282,966,-1
282,286,968,282,286,968,282,286,968,-1
286,297,959,286,297,959,286,297,959,-1
297,123,976,297,123,976,297,123,976,-1
123,189,968,123,189,968,123,189,968,-1
189,124,967,189,124,967,189,124,967,-1
124,184,961,124,184,961,124,184,961,-1
184,122,960,184,122,960,184,122,960,-1
122,176,930,122,176,930,122,176,930,-1
176,205,957,176,205,957,176,205,957,-1
205,200,962,205,200,962,205,200,962,-1
200,184,973,200,184,973,200,184,973,-1
184,286,976,184,286,976,184,286,976,-1
286,212,973,286,212,973,286,212,973,-1
212,205,979,212,205,979,212,205,979,-1
205,183,971,205,183,971,205,183,971,-1
183,125,968,183,125,968,183,125,968,-1
125,188,954,125,188,954,125,188,954,-1
188,124,962,188,124,962,188,124,962,-1
124,181,953,124,181,953,124,181,953,-1
181,287,963,181,287,963,181,287,963,-1
287,293,965,287,293,965,287,293,965,-1
293,126,965,293,126,965,293,126,965,-1
126,165,956,126,165,956,126,165,956,-1
165,289,957,165,289,957,165,289,957,-1
289,303,953,289,303,953,289,303,953,-1
303,236,949,303,236,949,303,236,949,-1
236,189,956,236,189,956,236,189,956,-1
189,196,935,189,196,935,189,196,935,-1
196,296,947,196,296,947,196,296,947,-1
296,285,951,296,285,951,296,285,951,-1
285,297,949,285,297,949,285,297,949,-1
297,293,963,297,293,963,297,293,963,-1
293,122,960,293,122,960,293,122,960,-1
122,173,964,122,173,964,122,173,964,-1
173,121,961,173,121,961,173,121,961,-1
121,186,954,121,186,954,121,186,954,-1
186,305,962,186,305,962,186,305,962,-1
305,304,969,305,304,969,305,304,969,-1
304,208,963,304,208,963,304,208,963,-1
208,189,968,208,189,968,208,189,968,-1
189,171,939,189,171,939,189,171,939,-1
171,301,961,171,301,961,171,301,961,-1
301,299,961,301,299,961,301,299,961,-1
299,227,970,299,227,970,299,227,970,-1
227,191,984,227,191,984,227,191,984,-1
191,193,966,191,193,966,191,193,966,-1
193,303,974,193,303,974,193,303,974,-1
303,221,972,303,221,972,303,221,972,-1
221,188,970,221,188,970,221,188,970,-1
188,172,964,188,172,964,188,172,964,-1
172,285,959,172,285,959,172,285,959,-1
285,306,966,285,306,966,285,306,966,-1
306,304,967,306,304,967,306,304,967,-1
304,121,958,304,121,958,304,121,958,-1
121,180,956,121,180,956,121,180,956,-1
180,303,963,180,303,963,180,303,963,-1
303,294,972,303,294,972,303,294,972,-1
294,293,968,294,293,968,294,293,968,-1
293,286,974,293,286,974,293,286,974,-1
286,289,975,286,289,975,286,289,975,-1
289,125,977,289,125,977,289,125,977,-1
125,190,971,125,190,971,125,190,971,-1
190,122,976,190,122,976,190,122,976,-1
122,188,962,122,188,962,122,188,962,-1
188,297,972,188,297,972,188,297,972,-1
297,296,982,297,296,982,297,296,982,-1
296,293,970,296,293,970,296,293,970,-1
293,291,971,293,291,971,293,291,971,-1
291,287,966,291,287,966,291,287,966,-1
287,300,974,287,300,974,287,300,974,-1
300,317,979,300,317,979,300,317,979,-1
317,305,972,317,305,972,317,305,972,-1
305,290,971,305,290,971,305,290,971,-1
290,290,969,290,290,969,290,290,969,-1
290,220,990,290,220,990,290,220,990,-1
220,184,977,220,184,977,220,184,977,-1
184,180,966,184,180,966,184,180,966,-1
180,218,974,180,218,974,180,218,974,-1
218,201,975,218,201,975,218,201,975,-1
201,187,987,201,187,987,201,187,987,-1
187,314,983,187,314,983,187,314,983,-1
314,300,969,314,300,969,314,300,969,-1
300,222,988,300,222,988,300,222,988,-1
222,178,1001,222,178,1001,222,178,1001,-1
178,173,995,178,173,995,178,173,995,-1
173,213,994,173,213,994,173,213,994,-1
213,196,989,213,196,989,213,196,989,-1
196,179,961,196,179,961,196,179,961,-1
179,300,985,179,300,985,179,300,985,-1
300,121,961,300,121,961,300,121,961,-1
121,123,928,121,123,928,121,123,928,-1
123,195,956,123,195,956,123,195,956,-1
195,181,943,195,181,943,195,181,943,-1
181,292,967,181,292,967,181,292,967,-1
292,285,972,292,285,972,292,285,972,-1
285,124,973,285,124,973,285,124,973,-1
124,166,961,124,166,961,124,166,961,-1
166,299,984,166,299,984,166,299,984,-1
299,124,974,299,124,974,299,124,974,-1
124,184,956,124,184,956,124,184,956,-1
184,210,972,184,210,972,184,210,972,-1
210,210,977,210,210,977,210,210,977,-1
210,191,950,210,191,950,210,191,950,-1
191,127,971,191,127,971,191,127,971,-1
127,174,956,127,174,956,127,174,956,-1
174,283,963,174,283,963,174,283,963,-1
283,199,957,283,199,957,283,199,957,-1
199,190,964,199,190,964,199,190,964,-1
190,187,944,190,187,944,190,187,944,-1
187,214,966,187,214,966,187,214,966,-1
214,211,975,214,211,975,214,211,975,-1
211,187,960,211,187,960,211,187,960,-1
187,302,978,187,302,978,187,302,978,-1
302,123,977,302,123,977,302,123,977,-1
123,183,964,123,183,964,123,183,964,-1
183,296,973,183,296,973,183,296,973,-1
296,282,971,296,282,971,296,282,971,-1
282,292,968,282,292,968,282,292,968,-1
292,234,962,292,234,962,292,234,962,-1
234,183,973,234,183,973,234,183,973,-1
183,194,970,183,194,970,183,194,970,-1
194,124,976,194,124,976,194,124,976,-1
124,182,958,124,182,958,124,182,958,-1
182,123,968,182,123,968,182,123,968,-1
123,174,956,123,174,956,123,174,956,-1
174,226,970,174,226,970,174,226,970,-1
226,189,974,226,189,974,226,189,974,-1
189,172,936,189,172,936,189,172,936,-1
172,122,981,172,122,981,172,122,981,-1
122,163,983,122,163,983,122,163,983,-1
163,294,983,163,294,983,163,294,983,-1
294,306,972,294,306,972,294,306,972,-1
306,316,985,306,316,985,306,316,985,-1
316,304,980,316,304,980,316,304,980,-1
304,290,979,304,290,979,304,290,979,-1
290,225,974,290,225,974,290,225,974,-1
225,190,968,225,190,968,225,190,968,-1
190,172,985,190,172,985,190,172,985,-1
172,122,966,172,122,966,172,122,966,-1
122,166,969,122,166,969,122,166,969,-1
166,304,977,166,304,977,166,304,977,-1
304,228,975,304,228,975,304,228,975,-1
228,195,989,228,195,989,228,195,989,-1
195,194,964,195,194,964,195,194,964,-1
194,205,989,194,205,989,194,205,989,-1
205,202,978,205,202,978,205,202,978,-1
202,170,963,202,170,963,202,170,963,-1
170,297,962,170,297,962,170,297,962,-1
297,294,955,297,294,955,297,294,955,-1
294,296,953,294,296,953,294,296,953,-1
296,309,946,296,309,946,296,309,946,-1
309,121,955,309,121,955,309,121,955,-1
121,187,948,121,187,948,121,187,948,-1
187,227,960,187,227,960,187,227,960,-1
227,186,965,227,186,965,227,186,965,-1
186,178,957,186,178,957,186,178,957,-1
178,284,961,178,284,961,178,284,961,-1
284,299,970,284,299,970,284,299,970,-1
299,299,948,299,299,948,299,299,948,-1
299,209,948,299,209,948,299,209,948,-1
209,202,945,209,202,945,209,202,945,-1
202,197,926,202,197,926,202,197,926,-1
197,300,953,197,300,953,197,300,953,-1
300,125,959,300,125,959,300,125,959,-1
125,173,960,125,173,960,125,173,960,-1
173,284,964,173,284,964,173,284,964,-1
284,285,969,284,285,969,284,285,969,-1
285,123,974,285,123,974,285,123,974,-1
123,183,969,123,183,969,123,183,969,-1
183,227,974,183,227,974,183,227,974,-1
227,189,973,227,189,973,227,189,973,-1
189,194,964,189,194,964,189,194,964,-1
194,230,969,194,230,969,194,230,969,-1
230,183,970,230,183,970,230,183,970,-1
183,187,952,183,187,952,183,187,952,-1
187,292,963,187,292,963,187,292,963,-1
292,285,948,292,285,948,292,285,948,-1
285,291,949,285,291,949,285,291,949,-1
291,312,951,291,312,951,291,312,951,-1
312,306,947,312,306,947,312,306,947,-1
306,296,954,306,296,954,306,296,954,-1
296,294,948,296,294,948,296,294,948,-1
294,294,954,294,294,954,294,294,954,-1
294,211,961,294,211,961,294,211,961,-1
211,189,954,211,189,954,211,189,954,-1
189,180,958,189,180,958,189,180,958,-1
180,207,950,180,207,950,180,207,950,-1
207,225,950,207,225,950,207,225,950,-1
225,186,941,225,186,941,225,186,941,-1
186,304,951,186,304,951,186,304,951,-1
304,293,944,304,293,944,304,293,944,-1
293,123,957,293,123,957,293,123,957,-1
123,167,954,123,167,954,123,167,954,-1
167,292,958,167,292,958,167,292,958,-1
292,291,958,292,291,958,292,291,958,-1
291,294,972,291,294,972,291,294,972,-1
294,231,964,294,231,964,294,231,964,-1
231,196,958,231,196,958,231,196,958,-1
196,194,940,196,194,940,196,194,940,-1
194,300,958,194,300,958,194,300,958,-1
300,221,948,300,221,948,300,221,948,-1
221,184,950,221,184,950,221,184,950,-1
184,172,941,184,172,941,184,172,941,-1
172,296,948,172,296,948,172,296,948,-1
296,184,973,296,184,973,296,184,973,-1
184,223,969,184,223,969,184,223,969,-1
223,191,964,223,191,964,223,191,964,-1
191,122,969,191,122,969,191,122,969,-1
122,189,954,122,189,954,122,189,954,-1
189,128,983,189,128,983,189,128,983,-1
128,183,969,128,183,969,128,183,969,-1
183,137,959,183,137,959,183,137,959,-1
137,152,977,137,152,977,137,152,977,-1
152,286,949,152,286,949,152,286,949,-1
286,286,969,286,286,969,286,286,969,-1
286,297,961,286,297,961,286,297,961,-1
297,125,954,297,125,954,297,125,954,-1
125,177,942,125,177,942,125,177,942,-1
177,121,979,177,121,979,177,121,979,-1
121,180,964,121,180,964,121,180,964,-1
180,126,969,180,126,969,180,126,969,-1
126,187,962,126,187,962,126,187,962,-1
187,126,955,187,126,955,187,126,955,-1
126,176,935,126,176,935,126,176,935,-1
176,286,970,176,286,970,176,286,970,-1
286,288,974,286,288,974,286,288,974,-1
288,292,969,288,292,969,288,292,969,-1
292,233,980,292,233,980,292,233,980,-1
233,184,967,233,184,967,233,184,967,-1
184,194,952,184,194,952,184,194,952,-1
194,222,957,194,222,957,194,222,957,-1
222,196,948,222,196,948,222,196,948,-1
196,190,933,196,190,933,196,190,933,-1
190,292,937,190,292,937,190,292,937,-1
292,283,944,292,283,944,292,283,944,-1
283,138,953,283,138,953,283,138,953,-1
138,151,989,138,151,989,138,151,989,-1
151,209,949,151,209,949,151,209,949,-1
209,201,959,209,201,959,209,201,959,-1
201,129,941,201,129,941,201,129,941,-1
129,183,969,129,183,969,129,183,969,-1
183,194,953,183,194,953,183,194,953,-1
194,300,968,194,300,968,194,300,968,-1
300,302,970,300,302,970,300,302,970,-1
302,290,976,302,290,976,302,290,976,-1
290,283,968,290,283,968,290,283,968,-1
283,296,975,283,296,975,283,296,975,-1
296,305,976,296,305,976,296,305,976,-1
305,314,971,305,314,971,305,314,971,-1
314,220,977,314,220,977,314,220,977,-1
220,190,988,220,190,988,220,190,988,-1
190,180,967,190,180,967,190,180,967,-1
180,298,988,180,298,988,180,298,988,-1
298,208,994,298,208,994,298,208,994,-1
208,190,980,208,190,980,208,190,980,-1
190,176,957,190,176,957,190,176,957,-1
176,303,974,176,303,974,176,303,974,-1
303,309,976,303,309,976,303,309,976,-1
309,124,971,309,124,971,309,124,971,-1
124,187,966,124,187,966,124,187,966,-1
187,296,968,187,296,968,187,296,968,-1
296,286,969,296,286,969,296,286,969,-1
286,225,966,286,225,966,286,225,966,-1
225,177,979,225,177,979,225,177,979,-1
177,184,962,177,184,962,177,184,962,-1
184,207,967,184,207,967,184,207,967,-1
207,207,963,207,207,963,207,207,963,-1
207,188,936,207,188,936,207,188,936,-1
188,206,945,188,206,945,188,206,945,-1
206,223,961,206,223,961,206,223,961,-1
223,183,935,223,183,935,223,183,935,-1
183,287,954,183,287,954,183,287,954,-1
287,285,960,287,285,960,287,285,960,-1
285,300,960,285,300,960,285,300,960,-1
300,222,960,300,222,960,300,222,960,-1
222,187,956,222,187,956,222,187,956,-1
187,190,955,187,190,955,187,190,955,-1
190,123,954,190,123,954,190,123,954,-1
123,186,951,123,186,951,123,186,951,-1
186,206,978,186,206,978,186,206,978,-1
206,219,972,206,219,972,206,219,972,-1
219,178,971,219,178,971,219,178,971,-1
178,210,959,178,210,959,178,210,959,-1
210,183,963,210,183,963,210,183,963,-1
183,177,941,183,177,941,183,177,941,-1
177,305,953,177,305,953,177,305,953,-1
305,123,969,305,123,969,305,123,969,-1
123,182,963,123,182,963,123,182,963,-1
182,223,973,182,223,973,182,223,973,-1
223,190,964,223,190,964,223,190,964,-1
190,188,970,190,188,970,190,188,970,-1
188,300,965,188,300,965,188,300,965,-1
300,199,969,300,199,969,300,199,969,-1
199,196,984,199,196,984,199,196,984,-1
196,179,951,196,179,951,196,179,951,-1
179,296,957,179,296,957,179,296,957,-1
296,313,961,296,313,961,296,313,961,-1
313,200,952,313,200,952,313,200,952,-1
200,223,965,200,223,965,200,223,965,-1
223,183,937,223,183,937,223,183,937,-1
183,122,961,183,122,961,183,122,961,-1
122,175,939,122,175,939,122,175,939,-1
175,125,957,175,125,957,175,125,957,-1
125,168,970,125,168,970,125,168,970,-1
168,121,969,168,121,969,168,121,969,-1
121,167,958,121,167,958,121,167,958,-1
167,212,985,167,212,985,167,212,985,-1
212,185,977,212,185,977,212,185,977,-1
185,192,981,185,192,981,185,192,981,-1
192,125,985,192,125,985,192,125,985,-1
125,188,971,125,188,971,125,188,971,-1
188,212,971,188,212,971,188,212,971,-1
212,389,972,212,389,972,212,389,972,-1
389,290,957,389,290,957,389,290,957,-1
290,295,966,290,295,966,290,295,966,-1
295,290,969,295,290,969,295,290,969,-1
290,223,970,290,223,970,290,223,970,-1
223,195,974,223,195,974,223,195,974,-1
195,191,970,195,191,970,195,191,970,-1
191,309,988,191,309,988,191,309,988,-1
309,125,988,309,125,988,309,125,988,-1
125,173,982,125,173,982,125,173,982,-1
173,220,987,173,220,987,173,220,987,-1
220,178,987,220,178,987,220,178,987,-1
178,177,969,178,177,969,178,177,969,-1
177,209,973,177,209,973,177,209,973,-1
209,202,965,209,202,965,209,202,965,-1
202,182,940,202,182,940,202,182,940,-1
182,295,960,182,295,960,182,295,960,-1
295,122,962,295,122,962,295,122,962,-1
122,195,934,122,195,934,122,195,934,-1
195,128,966,195,128,966,195,128,966,-1
128,180,949,128,180,949,128,180,949,-1
180,141,969,180,141,969,180,141,969,-1
141,149,1016,141,149,1016,141,149,1016,-1
149,288,983,149,288,983,149,288,983,-1
288,288,982,288,288,982,288,288,982,-1
288,300,970,288,300,970,288,300,970,-1
300,301,970,300,301,970,300,301,970,-1
301,222,953,301,222,953,301,222,953,-1
222,201,950,222,201,950,222,201,950,-1
201,194,941,201,194,941,201,194,941,-1
194,297,957,194,297,957,194,297,957,-1
297,284,959,297,284,959,297,284,959,-1
284,288,963,284,288,963,284,288,963,-1
288,289,961,288,289,961,288,289,961,-1
289,238,976,289,238,976,289,238,976,-1
238,181,975,238,181,975,238,181,975,-1
181,191,970,181,191,970,181,191,970,-1
191,303,971,191,303,971,191,303,971,-1
303,123,980,303,123,980,303,123,980,-1
123,188,969,123,188,969,123,188,969,-1
188,293,983,188,293,983,188,293,983,-1
293,213,969,293,213,969,293,213,969,-1
213,178,960,213,178,960,213,178,960,-1
178,182,951,178,182,951,178,182,951,-1
182,216,958,182,216,958,182,216,958,-1
216,206,964,216,206,964,216,206,964,-1
206,189,967,206,189,967,206,189,967,-1
189,123,981,189,123,981,189,123,981,-1
123,178,996,123,178,996,123,178,996,-1
178,300,988,178,300,988,178,300,988,-1
300,303,995,300,303,995,300,303,995,-1
303,287,991,303,287,991,303,287,991,-1
287,280,982,287,280,982,287,280,982,-1
280,294,967,280,294,967,280,294,967,-1
294,307,977,294,307,977,294,307,977,-1
307,122,961,307,122,961,307,122,961,-1
122,193,955,122,193,955,122,193,955,-1
193,212,966,193,212,966,193,212,966,-1
212,201,965,212,201,965,212,201,965,-1
201,182,962,201,182,962,201,182,962,-1
182,300,977,182,300,977,182,300,977,-1
300,286,982,300,286,982,300,286,982,-1
286,284,993,286,284,993,286,284,993,-1
284,302,996,284,302,996,284,302,996,-1
302,122,999,302,122,999,302,122,999,-1
122,187,984,122,187,984,122,187,984,-1
187,307,988,187,307,988,187,307,988,-1
307,217,986,307,217,986,307,217,986,-1
217,188,981,217,188,981,217,188,981,-1
188,180,970,188,180,970,188,180,970,-1
180,294,982,180,294,982,180,294,982,-1
294,290,984,294,290,984,294,290,984,-1
290,218,973,290,218,973,290,218,973,-1
218,202,969,218,202,969,218,202,969,-1
202,182,989,202,182,989,202,182,989,-1
182,122,982,182,122,982,182,122,982,-1
122,191,974,122,191,974,122,191,974,-1
191,122,986,191,122,986,191,122,986,-1
122,181,976,122,181,976,122,181,976,-1
181,289,994,181,289,994,181,289,994,-1
289,290,985,289,290,985,289,290,985,-1
290,295,978,290,295,978,290,295,978,-1
295,201,973,295,201,973,295,201,973,-1
201,208,967,201,208,967,201,208,967,-1
208,186,963,208,186,963,208,186,963,-1
186,130,971,186,130,971,186,130,971,-1
130,176,959,130,176,959,130,176,959,-1
176,227,974,176,227,974,176,227,974,-1
227,193,967,227,193,967,227,193,967,-1
193,183,985,193,183,985,193,183,985,-1
183,284,987,183,284,987,183,284,987,-1
284,196,1019,284,196,1019,284,196,1019,-1
196,218,1016,196,218,1016,196,218,1016,-1
218,179,982,218,179,982,218,179,982,-1
179,122,984,179,122,984,179,122,984,-1
122,179,961,122,179,961,122,179,961,-1
179,121,982,179,121,982,179,121,982,-1
121,187,960,121,187,960,121,187,960,-1
187,303,957,187,303,957,187,303,957,-1
303,122,957,303,122,957,303,122,957,-1
122,180,929,122,180,929,122,180,929,-1
180,286,961,180,286,961,180,286,961,-1
286,281,961,286,281,961,286,281,961,-1
281,122,966,281,122,966,281,122,966,-1
122,180,958,122,180,958,122,180,958,-1
180,126,973,180,126,973,180,126,973,-1
126,177,963,126,177,963,126,177,963,-1
177,301,969,177,301,969,177,301,969,-1
301,123,978,301,123,978,301,123,978,-1
123,185,954,123,185,954,123,185,954,-1
185,147,977,185,147,977,185,147,977,-1
147,151,1008,147,151,1008,147,151,1008,-1
151,210,968,151,210,968,151,210,968,-1
210,196,975,210,196,975,210,196,975,-1
196,177,931,196,177,931,196,177,931,-1
177,285,947,177,285,947,177,285,947,-1
285,310,941,285,310,941,285,310,941,-1
310,312,952,310,312,952,310,312,952,-1
312,301,945,312,301,945,312,301,945,-1
301,301,950,301,301,950,301,301,950,-1
301,288,950,301,288,950,301,288,950,-1
288,294,952,288,294,952,288,294,952,-1
294,288,950,294,288,950,294,288,950,-1
288,171,953,288,171,953,288,171,953,-1
171,236,965,171,236,965,171,236,965,-1
236,199,933,236,199,933,236,199,933,-1
199,311,953,199,311,953,199,311,953,-1
311,295,954,311,295,954,311,295,954,-1
295,296,952,295,296,952,295,296,952,-1
296,289,948,296,289,948,296,289,948,-1
289,296,949,289,296,949,289,296,949,-1
296,293,966,296,293,966,296,293,966,-1
293,299,971,293,299,971,293,299,971,-1
299,121,968,299,121,968,299,121,968,-1
121,197,957,121,197,957,121,197,957,-1
197,306,972,197,306,972,197,306,972,-1
306,209,979,306,209,979,306,209,979,-1
209,182,959,209,182,959,209,182,959,-1
182,184,949,182,184,949,182,184,949,-1
184,215,949,184,215,949,184,215,949,-1
215,190,949,215,190,949,215,190,949,-1
190,180,949,190,180,949,190,180,949,-1
180,218,969,180,218,969,180,218,969,-1
218,205,975,218,205,975,218,205,975,-1
205,179,981,205,179,981,205,179,981,-1
179,123,982,179,123,982,179,123,982,-1
123,194,981,123,194,981,123,194,981,-1
194,297,980,194,297,980,194,297,980,-1
297,286,985,297,286,985,297,286,985,-1
286,288,988,286,288,988,286,288,988,-1
288,292,986,288,292,986,288,292,986,-1
292,305,975,292,305,975,292,305,975,-1
305,305,962,305,305,962,305,305,962,-1
305,221,955,305,221,955,305,221,955,-1
221,211,955,221,211,955,221,211,955,-1
211,182,950,211,182,950,211,182,950,-1
182,288,963,182,288,963,182,288,963,-1
288,280,965,288,280,965,288,280,965,-1
280,220,972,280,220,972,280,220,972,-1
220,177,977,220,177,977,220,177,977,-1
177,191,957,177,191,957,177,191,957,-1
191,313,979,191,313,979,191,313,979,-1
313,219,988,313,219,988,313,219,988,-1
219,201,974,219,201,974,219,201,974,-1
201,189,962,201,189,962,201,189,962,-1
189,221,968,189,221,968,189,221,968,-1
221,196,973,221,196,973,221,196,973,-1
196,171,961,196,171,961,196,171,961,-1
171,281,964,171,281,964,171,281,964,-1
281,292,967,281,292,967,281,292,967,-1
292,126,972,292,126,972,292,126,972,-1
126,186,971,126,186,971,126,186,971,-1
186,125,970,186,125,970,186,125,970,-1
125,180,966,125,180,966,125,180,966,-1
180,301,961,180,301,961,180,301,961,-1
301,200,957,301,200,957,301,200,957,-1
200,208,961,200,208,961,200,208,961,-1
208,183,953,208,183,953,208,183,953,-1
183,284,960,183,284,960,183,284,960,-1
284,292,959,284,292,959,284,292,959,-1
292,198,952,292,198,952,292,198,952,-1
198,224,953,198,224,953,198,224,953,-1
224,196,967,224,196,967,224,196,967,-1
196,306,964,196,306,964,196,306,964,-1
306,215,958,306,215,958,306,215,958,-1
215,189,956,215,189,956,215,189,956,-1
189,183,972,189,183,972,189,183,972,-1
183,292,969,183,292,969,183,292,969,-1
292,286,970,292,286,970,292,286,970,-1
286,299,965,286,299,965,286,299,965,-1
299,221,969,299,221,969,299,221,969,-1
221,202,973,221,202,973,221,202,973,-1
202,196,970,202,196,970,202,196,970,-1
196,298,975,196,298,975,196,298,975,-1
298,283,965,298,283,965,298,283,965,-1
283,296,971,283,296,971,283,296,971,-1
296,296,973,296,296,973,296,296,973,-1
296,199,971,296,199,971,296,199,971,-1
199,213,968,199,213,968,199,213,968,-1
213,189,973,213,189,973,213,189,973,-1
189,306,977,189,306,977,189,306,977,-1
306,124,979,306,124,979,306,124,979,-1
124,187,962,124,187,962,124,187,962,-1
187,289,980,187,289,980,187,289,980,-1
289,280,972,289,280,972,289,280,972,-1
280,299,979,280,299,979,280,299,979,-1
299,201,976,299,201,976,299,201,976,-1
201,214,988,201,214,988,201,214,988,-1
214,180,982,214,180,982,214,180,982,-1
180,307,984,180,307,984,180,307,984,-1
307,205,981,307,205,981,307,205,981,-1
205,401,970,205,401,970,205,401,970,-1
401,286,972,401,286,972,401,286,972,-1
286,284,966,286,284,966,286,284,966,-1
284,302,972,284,302,972,284,302,972,-1
302,122,977,302,122,977,302,122,977,-1
122,183,960,122,183,960,122,183,960,-1
183,226,973,183,226,973,183,226,973,-1
226,191,968,226,191,968,226,191,968,-1
191,189,985,191,189,985,191,189,985,-1
189,216,980,189,216,980,189,216,980,-1
216,195,983,216,195,983,216,195,983,-1
195,180,984,195,180,984,195,180,984,-1
180,285,990,180,285,990,180,285,990,-1
285,289,993,285,289,993,285,289,993,-1
289,308,997,289,308,997,289,308,997,-1
308,308,985,308,308,985,308,308,985,-1
308,302,970,308,302,970,308,302,970,-1
302,297,965,302,297,965,302,297,965,-1
297,294,956,297,294,956,297,294,956,-1
294,297,972,294,297,972,294,297,972,-1
297,196,975,297,196,975,297,196,975,-1
196,206,978,196,206,978,196,206,978,-1
206,180,994,206,180,994,206,180,994,-1
180,127,976,180,127,976,180,127,976,-1
127,190,962,127,190,962,127,190,962,-1
190,123,971,190,123,971,190,123,971,-1
123,181,973,123,181,973,123,181,973,-1
181,294,965,181,294,965,181,294,965,-1
294,293,962,294,293,962,294,293,962,-1
293,289,963,293,289,963,293,289,963,-1
289,223,955,289,223,955,289,223,955,-1
223,184,955,223,184,955,223,184,955,-1
184,176,939,184,176,939,184,176,939,-1
176,304,947,176,304,947,176,304,947,-1
304,314,952,304,314,952,304,314,952,-1
314,124,954,314,124,954,314,124,954,-1
124,180,953,124,180,953,124,180,953,-1
180,213,961,180,213,961,180,213,961,-1
213,190,973,213,190,973,213,190,973,-1
190,177,965,190,177,965,190,177,965,-1
177,209,961,177,209,961,177,209,961,-1
209,201,962,209,201,962,209,201,962,-1
201,178,944,201,178,944,201,178,944,-1
178,301,944,178,301,944,178,301,944,-1
301,219,946,301,219,946,301,219,946,-1
219,214,944,219,214,944,219,214,944,-1
214,187,937,214,187,937,214,187,937,-1
187,296,960,187,296,960,187,296,960,-1
296,285,980,296,285,980,296,285,980,-1
285,285,985,285,285,985,285,285,985,-1
285,297,986,285,297,986,285,297,986,-1
297,301,980,297,301,980,297,301,980,-1
301,124,974,301,124,974,301,124,974,-1
124,181,975,124,181,975,124,181,975,-1
181,213,971,181,213,971,181,213,971,-1
213,220,983,213,220,983,213,220,983,-1
220,185,953,220,185,953,220,185,953,-1
185,289,968,185,289,968,185,289,968,-1
289,201,949,289,201,949,289,201,949,-1
201,194,953,201,194,953,201,194,953,-1
194,177,949,194,177,949,194,177,949,-1
177,122,948,177,122,948,177,122,948,-1
122,182,938,122,182,938,122,182,938,-1
182,217,951,182,217,951,182,217,951,-1
217,207,960,217,207,960,217,207,960,-1
207,182,989,207,182,989,207,182,989,-1
182,310,981,182,310,981,182,310,981,-1
310,121,982,310,121,982,310,121,982,-1
121,175,977,121,175,977,121,175,977,-1
175,284,976,175,284,976,175,284,976,-1
284,287,976,284,287,976,284,287,976,-1
287,294,961,287,294,961,287,294,961,-1
294,246,940,294,246,940,294,246,940,-1
246,190,945,246,190,945,246,190,945,-1
190,183,949,190,183,949,190,183,949,-1
183,122,949,183,122,949,183,122,949,-1
122,178,953,122,178,953,122,178,953,-1
178,214,950,178,214,950,178,214,950,-1
214,196,966,214,196,966,214,196,966,-1
196,183,944,196,183,944,196,183,944,-1
183,284,965,183,284,965,183,284,965,-1
284,292,974,284,292,974,284,292,974,-1
292,216,969,292,216,969,292,216,969,-1
216,201,974,216,201,974,216,201,974,-1
201,197,981,201,197,981,201,197,981,-1
197,122,975,197,122,975,197,122,975,-1
122,183,949,122,183,949,122,183,949,-1
183,290,976,183,290,976,183,290,976,-1
290,298,978,290,298,978,290,298,978,-1
298,291,978,298,291,978,298,291,978,-1
291,212,985,291,212,985,291,212,985,-1
212,177,994,212,177,994,212,177,994,-1
177,198,982,177,198,982,177,198,982,-1
198,213,1009,198,213,1009,198,213,1009,-1
213,213,991,213,213,991,213,213,991,-1
213,199,977,213,199,977,213,199,977,-1
199,295,985,199,295,985,199,295,985,-1
295,286,981,295,286,981,295,286,981,-1
286,297,971,286,297,971,286,297,971,-1
297,291,968,297,291,968,297,291,968,-1
291,207,982,291,207,982,291,207,982,-1
207,195,995,207,195,995,207,195,995,-1
195,191,959,195,191,959,195,191,959,-1
191,308,971,191,308,971,191,308,971,-1
308,158,970,308,158,970,308,158,970,-1
158,149,983,158,149,983,158,149,983,-1
149,290,971,149,290,971,149,290,971,-1
290,199,964,290,199,964,290,199,964,-1
199,203,972,199,203,972,199,203,972,-1
203,182,982,203,182,982,203,182,982,-1
182,294,985,182,294,985,182,294,985,-1
294,207,978,294,207,978,294,207,978,-1
207,214,992,207,214,992,207,214,992,-1
214,184,980,214,184,980,214,184,980,-1
184,308,973,184,308,973,184,308,973,-1
308,218,977,308,218,977,308,218,977,-1
218,194,965,218,194,965,218,194,965,-1
194,173,972,194,173,972,194,173,972,-1
173,286,967,173,286,967,173,286,967,-1
286,299,969,286,299,969,286,299,969,-1
299,301,972,299,301,972,299,301,972,-1
301,187,973,301,187,973,301,187,973,-1
187,236,982,187,236,982,187,236,982,-1
236,182,948,236,182,948,236,182,948,-1
182,304,968,182,304,968,182,304,968,-1
304,293,981,304,293,981,304,293,981,-1
293,202,970,293,202,970,293,202,970,-1
202,192,973,202,192,973,202,192,973,-1
192,184,960,192,184,960,192,184,960,-1
184,125,977,184,125,977,184,125,977,-1
125,183,964,125,183,964,125,183,964,-1
183,308,967,183,308,967,183,308,967,-1
308,297,969,308,297,969,308,297,969,-1
297,124,978,297,124,978,297,124,978,-1
124,174,969,124,174,969,124,174,969,-1
174,297,975,174,297,975,174,297,975,-1
297,288,971,297,288,971,297,288,971,-1
288,285,968,288,285,968,288,285,968,-1
285,219,967,285,219,967,285,219,967,-1
219,207,955,219,207,955,219,207,955,-1
207,186,944,207,186,944,207,186,944,-1
186,121,968,186,121,968,186,121,968,-1
121,183,978,121,183,978,121,183,978,-1
183,122,974,183,122,974,183,122,974,-1
122,179,971,122,179,971,122,179,971,-1
179,121,975,179,121,975,179,121,975,-1
121,170,972,121,170,972,121,170,972,-1
170,296,975,170,296,975,170,296,975,-1
296,289,979,296,289,979,296,289,979,-1
289,288,965,289,288,965,289,288,965,-1
288,232,959,288,232,959,288,232,959,-1
232,195,957,232,195,957,232,195,957,-1
195,194,956,195,194,956,195,194,956,-1
194,299,973,194,299,973,194,299,973,-1
299,295,982,299,295,982,299,295,982,-1
295,285,978,295,285,978,295,285,978,-1
285,295,972,285,295,972,285,295,972,-1
295,291,977,295,291,977,295,291,977,-1
291,298,955,291,298,955,291,298,955,-1
298,316,958,298,316,958,298,316,958,-1
316,127,976,316,127,976,316,127,976,-1
127,184,957,127,184,957,127,184,957,-1
184,292,974,184,292,974,184,292,974,-1
292,291,972,292,291,972,292,291,972,-1
291,287,968,291,287,968,291,287,968,-1
287,297,967,287,297,967,287,297,967,-1
297,299,978,297,299,978,297,299,978,-1
299,207,971,299,207,971,299,207,971,-1
207,212,974,207,212,974,207,212,974,-1
212,198,971,212,198,971,212,198,971,-1
198,121,983,198,121,983,198,121,983,-1
121,181,958,121,181,958,121,181,958,-1
181,284,974,181,284,974,181,284,974,-1
284,210,970,284,210,970,284,210,970,-1
210,182,968,210,182,968,210,182,968,-1
182,185,966,182,185,966,182,185,966,-1
185,301,975,185,301,975,185,301,975,-1
301,237,980,301,237,980,301,237,980,-1
237,184,984,237,184,984,237,184,984,-1
184,188,961,184,188,961,184,188,961,-1
188,315,977,188,315,977,188,315,977,-1
315,293,972,315,293,972,315,293,972,-1
293,282,962,293,282,962,293,282,962,-1
282,203,952,282,203,952,282,203,952,-1
203,194,956,203,194,956,203,194,956,-1
194,186,970,194,186,970,194,186,970,-1
186,312,968,186,312,968,186,312,968,-1
312,300,968,312,300,968,312,300,968,-1
300,225,962,300,225,962,300,225,962,-1
225,196,979,225,196,979,225,196,979,-1
196,186,939,196,186,939,196,186,939,-1
186,287,960,186,287,960,186,287,960,-1
287,285,959,287,285,959,287,285,959,-1
285,294,969,285,294,969,285,294,969,-1
294,304,976,294,304,976,294,304,976,-1
304,220,969,304,220,969,304,220,969,-1
220,217,974,220,217,974,220,217,974,-1
217,182,958,217,182,958,217,182,958,-1
182,293,958,182,293,958,182,293,958,-1
293,299,958,293,299,958,293,299,958,-1
299,213,966,299,213,966,299,213,966,-1
213,177,975,213,177,975,213,177,975,-1
177,180,954,177,180,954,177,180,954,-1
180,298,971,180,298,971,180,298,971,-1
298,122,968,298,122,968,298,122,968,-1
122,188,952,122,188,952,122,188,952,-1
188,124,958,188,124,958,188,124,958,-1
124,187,946,124,187,946,124,187,946,-1
187,295,958,187,295,958,187,295,958,-1
295,291,954,295,291,954,295,291,954,-1
291,300,963,291,300,963,291,300,963,-1
300,289,969,300,289,969,300,289,969,-1
289,194,969,289,194,969,289,194,969,-1
194,214,980,194,214,980,194,214,980,-1
214,191,968,214,191,968,214,191,968,-1
191,226,984,191,226,984,191,226,984,-1
226,206,972,226,206,972,226,206,972,-1
206,183,951,206,183,951,206,183,951,-1
183,209,961,183,209,961,183,209,961,-1
209,190,963,209,190,963,209,190,963,-1
190,178,968,190,178,968,190,178,968,-1
178,294,973,178,294,973,178,294,973,-1
294,144,966,294,144,966,294,144,966,-1
144,149,1009,144,149,1009,144,149,1009,-1
149,221,965,149,221,965,149,221,965,-1
221,201,970,221,201,970,221,201,970,-1
201,183,950,201,183,950,201,183,950,-1
183,309,969,183,309,969,183,309,969,-1
309,196,966,309,196,966,309,196,966,-1
196,219,985,196,219,985,196,219,985,-1
219,171,961,219,171,961,219,171,961,-1
171,291,973,171,291,973,171,291,973,-1
291,153,972,291,153,972,291,153,972,-1
153,143,1003,153,143,1003,153,143,1003,-1
143,300,965,143,300,965,143,300,965,-1
300,123,969,300,123,969,300,123,969,-1
123,182,956,123,182,956,123,182,956,-1
182,124,975,182,124,975,182,124,975,-1
124,178,967,124,178,967,124,178,967,-1
178,123,975,178,123,975,178,123,975,-1
123,182,988,123,182,988,123,182,988,-1
182,292,979,182,292,979,182,292,979,-1
292,283,981,292,283,981,292,283,981,-1
283,293,983,283,293,983,283,293,983,-1
293,207,970,293,207,970,293,207,970,-1
207,218,961,207,218,961,207,218,961,-1
218,181,947,218,181,947,218,181,947,-1
181,231,969,181,231,969,181,231,969,-1
231,200,977,231,200,977,231,200,977,-1
200,176,976,200,176,976,200,176,976,-1
176,297,978,176,297,978,176,297,978,-1
297,288,973,297,288,973,297,288,973,-1
288,214,973,288,214,973,288,214,973,-1
214,184,975,214,184,975,214,184,975,-1
184,190,958,184,190,958,184,190,958,-1
190,309,969,190,309,969,190,309,969,-1
309,301,988,309,301,988,309,301,988,-1
301,304,969,301,304,969,301,304,969,-1
304,292,973,304,292,973,304,292,973,-1
292,294,965,292,294,965,292,294,965,-1
294,285,963,294,285,963,294,285,963,-1
285,288,962,285,288,962,285,288,962,-1
288,313,972,288,313,972,288,313,972,-1
313,123,967,313,123,967,313,123,967,-1
123,188,973,123,188,973,123,188,973,-1
188,301,974,188,301,974,188,301,974,-1
301,299,984,301,299,984,301,299,984,-1
299,287,974,299,287,974,299,287,974,-1
287,295,961,287,295,961,287,295,961,-1
295,210,961,295,210,961,295,210,961,-1
210,191,956,210,191,956,210,191,956,-1
191,184,939,191,184,939,191,184,939,-1
184,127,967,184,127,967,184,127,967,-1
127,190,966,127,190,966,127,190,966,-1
190,122,971,190,122,971,190,122,971,-1
122,186,945,122,186,945,122,186,945,-1
186,292,963,186,292,963,186,292,963,-1
292,287,958,292,287,958,292,287,958,-1
287,193,959,287,193,959,287,193,959,-1
193,206,976,193,206,976,193,206,976,-1
206,184,963,206,184,963,206,184,963,-1
184,296,969,184,296,969,184,296,969,-1
296,304,969,296,304,969,296,304,969,-1
304,128,965,304,128,965,304,128,965,-1
128,194,950,128,194,950,128,194,950,-1
194,215,962,194,215,962,194,215,962,-1
215,186,943,215,186,943,215,186,943,-1
186,183,954,186,183,954,186,183,954,-1
183,196,962,183,196,962,183,196,962,-1
196,201,980,196,201,980,196,201,980,-1
201,179,960,201,179,960,201,179,960,-1
179,299,973,179,299,973,179,299,973,-1
299,305,980,299,305,980,299,305,980,-1
305,198,974,305,198,974,305,198,974,-1
198,227,977,198,227,977,198,227,977,-1
227,191,973,227,191,973,227,191,973,-1
191,293,965,191,293,965,191,293,965,-1
293,282,970,293,282,970,293,282,970,-1
282,286,974,282,286,974,282,286,974,-1
286,298,965,286,298,965,286,298,965,-1
298,309,966,298,309,966,298,309,966,-1
309,121,962,309,121,962,309,121,962,-1
121,187,940,121,187,940,121,187,940,-1
187,229,959,187,229,959,187,229,959,-1
229,196,962,229,196,962,229,196,962,-1
196,183,973,196,183,973,196,183,973,-1
183,287,961,183,287,961,183,287,961,-1
287,281,962,287,281,962,287,281,962,-1
281,290,967,281,290,967,281,290,967,-1
290,123,962,290,123,962,290,123,962,-1
123,184,950,123,184,950,123,184,950,-1
184,128,961,184,128,961,184,128,961,-1
128,182,959,128,182,959,128,182,959,-1
182,211,952,182,211,952,182,211,952,-1
211,207,962,211,207,962,211,207,962,-1
207,184,934,207,184,934,207,184,934,-1
184,294,947,184,294,947,184,294,947,-1
294,203,965,294,203,965,294,203,965,-1
203,189,968,203,189,968,203,189,968,-1
189,183,943,189,183,943,189,183,943,-1
183,298,954,183,298,954,183,298,954,-1
298,125,951,298,125,951,298,125,951,-1
125,188,961,125,188,961,125,188,961,-1
188,123,947,188,123,947,188,123,947,-1
123,185,937,123,185,937,123,185,937,-1
185,122,955,185,122,955,185,122,955,-1
122,175,952,122,175,952,122,175,952,-1
175,217,965,175,217,965,175,217,965,-1
217,190,969,217,190,969,217,190,969,-1
190,179,951,190,179,951,190,179,951,-1
179,283,966,179,283,966,179,283,966,-1
283,297,964,283,297,964,283,297,964,-1
297,122,962,297,122,962,297,122,962,-1
122,182,951,122,182,951,122,182,951,-1
182,123,961,182,123,961,182,123,961,-1
123,190,950,123,190,950,123,190,950,-1
190,303,963,190,303,963,190,303,963,-1
303,291,961,303,291,961,303,291,961,-1
291,295,959,291,295,959,291,295,959,-1
295,292,966,295,292,966,295,292,966,-1
292,205,959,292,205,959,292,205,959,-1
205,201,952,205,201,952,205,201,952,-1
201,190,946,201,190,946,201,190,946,-1
190,307,965,190,307,965,190,307,965,-1
307,127,973,307,127,973,307,127,973,-1
127,183,949,127,183,949,127,183,949,-1
183,122,972,183,122,972,183,122,972,-1
122,174,975,122,174,975,122,174,975,-1
174,282,974,174,282,974,174,282,974,-1
282,190,972,282,190,972,282,190,972,-1
190,207,986,190,207,986,190,207,986,-1
207,191,956,207,191,956,207,191,956,-1
191,297,966,191,297,966,191,297,966,-1
297,308,956,297,308,956,297,308,956,-1
308,239,957,308,239,957,308,239,957,-1
239,188,959,239,188,959,239,188,959,-1
188,186,938,188,186,938,188,186,938,-1
186,288,965,186,288,965,186,288,965,-1
288,282,970,288,282,970,288,282,970,-1
282,302,977,282,302,977,282,302,977,-1
302,300,966,302,300,966,302,300,966,-1
300,301,975,300,301,975,300,301,975,-1
301,233,976,301,233,976,301,233,976,-1
233,184,975,233,184,975,233,184,975,-1
184,191,957,184,191,957,184,191,957,-1
191,294,977,191,294,977,191,294,977,-1
294,214,958,294,214,958,294,214,958,-1
214,187,952,214,187,952,214,187,952,-1
187,168,956,187,168,956,187,168,956,-1
168,308,961,168,308,961,168,308,961,-1
308,207,977,308,207,977,308,207,977,-1
207,213,1001,207,213,1001,207,213,1001,-1
213,188,957,213,188,957,213,188,957,-1
188,304,976,188,304,976,188,304,976,-1
304,294,975,304,294,975,304,294,975,-1
294,225,973,294,225,973,294,225,973,-1
225,177,973,225,177,973,225,177,973,-1
177,180,951,177,180,951,177,180,951,-1
180,289,975,180,289,975,180,289,975,-1
289,316,971,289,316,971,289,316,971,-1
316,306,969,316,306,969,316,306,969,-1
306,298,974,306,298,974,306,298,974,-1
298,228,968,298,228,968,298,228,968,-1
228,171,975,228,171,975,228,171,975,-1
171,186,961,171,186,961,171,186,961,-1
186,292,992,186,292,992,186,292,992,-1
292,196,982,292,196,982,292,196,982,-1
196,207,979,196,207,979,196,207,979,-1
207,185,962,207,185,962,207,185,962,-1
185,128,977,185,128,977,185,128,977,-1
128,192,982,128,192,982,128,192,982,-1
192,125,972,192,125,972,192,125,972,-1
125,180,969,125,180,969,125,180,969,-1
180,212,963,180,212,963,180,212,963,-1
212,196,970,212,196,970,212,196,970,-1
196,173,975,196,173,975,196,173,975,-1
173,220,971,173,220,971,173,220,971,-1
220,184,962,220,184,962,220,184,962,-1
184,179,957,184,179,957,184,179,957,-1
179,294,971,179,294,971,179,294,971,-1
294,121,984,294,121,984,294,121,984,-1
121,188,966,121,188,966,121,188,966,-1
188,123,979,188,123,979,188,123,979,-1
123,190,997,123,190,997,123,190,997,-1
190,121,991,190,121,991,190,121,991,-1
121,176,1004,121,176,1004,121,176,1004,-1
176,286,994,176,286,994,176,286,994,-1
286,207,969,286,207,969,286,207,969,-1
207,196,976,207,196,976,207,196,976,-1
196,180,976,196,180,976,196,180,976,-1
180,297,971,180,297,971,180,297,971,-1
297,304,955,297,304,955,297,304,955,-1
304,218,960,304,218,960,304,218,960,-1
218,219,965,218,219,965,218,219,965,-1
219,184,941,219,184,941,219,184,941,-1
184,121,971,184,121,971,184,121,971,-1
121,169,969,121,169,969,121,169,969,-1
169,286,978,169,286,978,169,286,978,-1
286,286,979,286,286,979,286,286,979,-1
286,299,977,286,299,977,286,299,977,-1
299,304,975,299,304,975,299,304,975,-1
304,301,980,304,301,980,304,301,980,-1
301,311,982,301,311,982,301,311,982,-1
311,301,978,311,301,978,311,301,978,-1
301,284,973,301,284,973,301,284,973,-1
284,288,958,284,288,958,284,288,958,-1
288,292,960,288,292,960,288,292,960,-1
292,310,976,292,310,976,292,310,976,-1
310,306,969,310,306,969,310,306,969,-1
306,229,964,306,229,964,306,229,964,-1
229,187,982,229,187,982,229,187,982,-1
187,191,946,187,191,946,187,191,946,-1
191,292,969,191,292,969,191,292,969,-1
292,282,960,292,282,960,292,282,960,-1
282,203,968,282,203,968,282,203,968,-1
203,201,959,203,201,959,203,201,959,-1
201,183,944,201,183,944,201,183,944,-1
183,312,954,183,312,954,183,312,954,-1
312,303,965,312,303,965,312,303,965,-1
303,230,960,303,230,960,303,230,960,-1
230,179,967,230,179,967,230,179,967,-1
179,190,957,179,190,957,179,190,957,-1
190,289,970,190,289,970,190,289,970,-1
289,213,967,289,213,967,289,213,967,-1
213,183,961,213,183,961,213,183,961,-1
183,185,962,183,185,962,183,185,962,-1
185,214,968,185,214,968,185,214,968,-1
214,207,955,214,207,955,214,207,955,-1
207,200,954,207,200,954,207,200,954,-1
200,301,954,200,301,954,200,301,954,-1
301,210,963,301,210,963,301,210,963,-1
210,189,967,210,189,967,210,189,967,-1
189,185,944,189,185,944,189,185,944,-1
185,206,964,185,206,964,185,206,964,-1
206,190,979,206,190,979,206,190,979,-1
190,181,958,190,181,958,190,181,958,-1
181,219,968,181,219,968,181,219,968,-1
219,195,970,219,195,970,219,195,970,-1
195,197,955,195,197,955,195,197,955,-1
197,314,977,197,314,977,197,314,977,-1
314,294,976,314,294,976,314,294,976,-1
294,286,973,294,286,973,294,286,973,-1
286,298,971,286,298,971,286,298,971,-1
298,227,975,298,227,975,298,227,975,-1
227,165,977,227,165,977,227,165,977,-1
165,192,962,165,192,962,165,192,962,-1
192,307,972,192,307,972,192,307,972,-1
307,212,968,307,212,968,307,212,968,-1
212,212,973,212,212,973,212,212,973,-1
212,185,963,212,185,963,212,185,963,-1
185,287,962,185,287,962,185,287,962,-1
287,287,965,287,287,965,287,287,965,-1
287,297,969,287,297,969,287,297,969,-1
297,296,973,297,296,973,297,296,973,-1
296,212,968,296,212,968,296,212,968,-1
212,206,979,212,206,979,212,206,979,-1
206,192,969,206,192,969,206,192,969,-1
192,121,982,192,121,982,192,121,982,-1
121,187,957,121,187,957,121,187,957,-1
187,206,987,187,206,987,187,206,987,-1
206,200,978,206,200,978,206,200,978,-1
200,173,971,200,173,971,200,173,971,-1
173,292,966,173,292,966,173,292,966,-1
292,301,956,292,301,956,292,301,956,-1
301,122,965,301,122,965,301,122,965,-1
122,182,982,122,182,982,122,182,982,-1
182,303,971,182,303,971,182,303,971,-1
303,123,959,303,123,959,303,123,959,-1
123,179,959,123,179,959,123,179,959,-1
179,300,967,179,300,967,179,300,967,-1
300,219,975,300,219,975,300,219,975,-1
219,183,964,219,183,964,219,183,964,-1
183,170,956,183,170,956,183,170,956,-1
170,209,965,170,209,965,170,209,965,-1
209,216,970,209,216,970,209,216,970,-1
216,183,943,216,183,943,216,183,943,-1
183,121,959,183,121,959,183,121,959,-1
121,184,946,121,184,946,121,184,946,-1
184,123,953,184,123,953,184,123,953,-1
123,181,974,123,181,974,123,181,974,-1
181,296,962,181,296,962,181,296,962,-1
296,295,958,296,295,958,296,295,958,-1
295,286,962,295,286,962,295,286,962,-1
286,288,962,286,288,962,286,288,962,-1
288,309,964,288,309,964,288,309,964,-1
309,121,974,309,121,974,309,121,974,-1
121,188,955,121,188,955,121,188,955,-1
188,301,964,188,301,964,188,301,964,-1
301,122,959,301,122,959,301,122,959,-1
122,175,968,122,175,968,122,175,968,-1
175,207,965,175,207,965,175,207,965,-1
207,195,972,207,195,972,207,195,972,-1
195,180,940,195,180,940,195,180,940,-1
180,188,958,180,188,958,180,188,958,-1
188,208,956,188,208,956,188,208,956,-1
208,188,970,208,188,970,208,188,970,-1
188,123,952,188,123,952,188,123,952,-1
123,194,941,123,194,941,123,194,941,-1
194,125,960,194,125,960,194,125,960,-1
125,185,942,125,185,942,125,185,942,-1
185,297,971,185,297,971,185,297,971,-1
297,292,963,297,292,963,297,292,963,-1
292,201,968,292,201,968,292,201,968,-1
201,193,973,201,193,973,201,193,973,-1
193,186,962,193,186,962,193,186,962,-1
186,296,973,186,296,973,186,296,973,-1
296,300,966,296,300,966,296,300,966,-1
300,126,951,300,126,951,300,126,951,-1
126,189,958,126,189,958,126,189,958,-1
189,305,966,189,305,966,189,305,966,-1
305,291,951,305,291,951,305,291,951,-1
291,286,965,291,286,965,291,286,965,-1
286,289,964,286,289,964,286,289,964,-1
289,301,969,289,301,969,289,301,969,-1
301,225,972,301,225,972,301,225,972,-1
225,195,983,225,195,983,225,195,983,-1
195,186,957,195,186,957,195,186,957,-1
186,317,974,186,317,974,186,317,974,-1
317,219,990,317,219,990,317,219,990,-1
219,184,958,219,184,958,219,184,958,-1
184,174,942,184,174,942,184,174,942,-1
174,285,947,174,285,947,174,285,947,-1
285,290,955,285,290,955,285,290,955,-1
290,220,953,290,220,953,290,220,953,-1
220,208,955,220,208,955,220,208,955,-1
208,183,967,208,183,967,208,183,967,-1
183,303,961,183,303,961,183,303,961,-1
303,242,959,303,242,959,303,242,959,-1
242,177,970,242,177,970,242,177,970,1
177,178,961,177,178,961,177,178,961,-1
178,283,969,178,283,969,178,283,969,-1
283,291,966,283,291,966,283,291,966,-1
291,205,958,291,205,958,291,205,958,-1
205,220,964,205,220,964,205,220,964,-1
220,187,950,220,187,950,220,187,950,-1
187,125,957,187,125,957,187,125,957,-1
125,181,949,125,181,949,125,181,949,-1
181,301,961,181,301,961,181,301,961,-1
301,144,968,301,144,968,301,144,968,-1
144,152,1010,144,152,1010,144,152,1010,-1
152,220,970,152,220,970,152,220,970,-1
220,171,972,220,171,972,220,171,972,-1
171,178,960,171,178,960,171,178,960,-1
178,295,975,178,295,975,178,295,975,-1
295,312,975,295,312,975,295,312,975,-1
312,309,961,312,309,961,312,309,961,-1
309,301,960,309,301,960,309,301,960,-1
301,297,962,301,297,962,301,297,962,-1
297,294,956,297,294,956,297,294,956,-1
294,206,961,294,206,961,294,206,961,-1
206,195,977,206,195,977,206,195,977,-1
195,175,953,195,175,953,195,175,953,-1
175,304,970,175,304,970,175,304,970,-1
304,314,989,304,314,989,304,314,989,-1
314,304,971,314,304,971,314,304,971,-1
304,290,985,304,290,985,304,290,985,-1
290,296,986,290,296,986,290,296,986,-1
296,290,980,296,290,980,296,290,980,-1
290,189,983,290,189,983,290,189,983,-1
189,214,994,189,214,994,189,214,994,-1
214,183,975,214,183,975,214,183,975,-1
183,122,966,183,122,966,183,122,966,-1
122,186,948,122,186,948,122,186,948,-1
186,233,969,186,233,969,186,233,969,-1
233,194,975,233,194,975,233,194,975,-1
194,184,967,194,184,967,194,184,967,-1
184,286,967,184,286,967,184,286,967,-1
286,229,966,286,229,966,286,229,966,-1
229,209,962,229,209,962,229,209,962,-1
209,150,1015,209,150,1015,209,150,1015,-1
150,211,961,150,211,961,150,211,961,-1
211,194,974,211,194,974,211,194,974,-1
194,194,962,194,194,962,194,194,962,-1
194,307,974,194,307,974,194,307,974,-1
307,307,971,307,307,971,307,307,971,-1
307,290,961,307,290,961,307,290,961,-1
290,282,959,290,282,959,290,282,959,-1
282,297,961,282,297,961,282,297,961,-1
297,298,968,297,298,968,297,298,968,-1
298,301,970,298,301,970,298,301,970,-1
301,241,969,301,241,969,301,241,969,-1
241,183,974,241,183,974,241,183,974,-1
183,189,953,183,189,953,183,189,953,-1
189,302,967,189,302,967,189,302,967,-1
302,287,961,302,287,961,302,287,961,-1
287,283,970,287,283,970,287,283,970,-1
283,303,966,283,303,966,283,303,966,-1
303,302,972,303,302,972,303,302,972,-1
302,300,981,302,300,981,302,300,981,-1
300,304,979,300,304,979,300,304,979,-1
304,296,987,304,296,987,304,296,987,-1
296,210,989,296,210,989,296,210,989,-1
210,189,985,210,189,985,210,189,985,-1
189,181,973,189,181,973,189,181,973,-1
181,290,972,181,290,972,181,290,972,-1
290,122,971,290,122,971,290,122,971,-1
122,187,941,122,187,941,122,187,941,-1
187,224,958,187,224,958,187,224,958,-1
224,294,951,224,294,951,224,294,951,-1
294,213,968,294,213,968,294,213,968,-1
213,177,962,213,177,962,213,177,962,-1
177,293,959,177,293,959,177,293,959,-1
293,292,967,293,292,967,293,292,967,-1
292,286,984,292,286,984,292,286,984,-1
286,222,973,286,222,973,286,222,973,-1
222,196,963,222,196,963,222,196,963,-1
196,193,967,196,193,967,196,193,967,-1
193,124,959,193,124,959,193,124,959,-1
124,183,936,124,183,936,124,183,936,-1
183,207,960,183,207,960,183,207,960,-1
207,379,969,207,379,969,207,379,969,-1
379,200,969,379,200,969,379,200,969,-1
200,206,979,200,206,979,200,206,979,-1
206,177,960,206,177,960,206,177,960,-1
177,296,971,177,296,971,177,296,971,-1
296,221,982,296,221,982,296,221,982,-1
221,207,966,221,207,966,221,207,966,-1
207,197,950,207,197,950,207,197,950,-1
197,219,970,197,219,970,197,219,970,-1
219,196,979,219,196,979,219,196,979,-1
196,175,952,196,175,952,196,175,952,-1
175,287,973,175,287,973,175,287,973,-1
287,292,976,287,292,976,287,292,976,-1
292,121,970,292,121,970,292,121,970,-1
121,172,967,121,172,967,121,172,967,-1
172,230,966,172,230,966,172,230,966,-1
230,185,973,230,185,973,230,185,973,-1
185,198,963,185,198,963,185,198,963,-1
198,238,982,198,238,982,198,238,982,-1
238,184,964,238,184,964,238,184,964,-1
184,179,945,184,179,945,184,179,945,-1
179,289,969,179,289,969,179,289,969,-1
289,290,976,289,290,976,289,290,976,-1
290,223,968,290,223,968,290,223,968,-1
223,188,966,223,188,966,223,188,966,-1
188,186,978,188,186,978,188,186,978,-1
186,303,981,186,303,981,186,303,981,-1
303,315,973,303,315,973,303,315,973,-1
315,300,983,315,300,983,315,300,983,-1
300,285,979,300,285,979,300,285,979,-1
285,287,967,285,287,967,285,287,967,-1
287,223,971,287,223,971,287,223,971,-1
223,184,970,223,184,970,223,184,970,-1
184,187,958,184,187,958,184,187,958,-1
187,303,972,187,303,972,187,303,972,-1
303,302,976,303,302,976,303,302,976,-1
302,224,989,302,224,989,302,224,989,-1
224,207,980,224,207,980,224,207,980,-1
207,176,988,207,176,988,207,176,988,-1
176,207,980,176,207,980,176,207,980,-1
207,187,976,207,187,976,207,187,976,-1
187,179,963,187,179,963,187,179,963,-1
179,208,972,179,208,972,179,208,972,-1
208,202,965,208,202,965,208,202,965,-1
202,199,971,202,199,971,202,199,971,-1
199,304,964,199,304,964,199,304,964,-1
304,298,963,304,298,963,304,298,963,-1
298,305,966,298,305,966,298,305,966,-1
305,287,967,305,287,967,305,287,967,-1
287,280,967,287,280,967,287,280,967,-1
280,292,967,280,292,967,280,292,967,-1
292,227,966,292,227,966,292,227,966,-1
