130,130,1031,130,130,1031,130,130,1031,-1
130,164,977,130,164,977,130,164,977,-1
164,135,1018,164,135,1018,164,135,1018,-1
135,154,970,135,154,970,135,154,970,-1
154,132,1021,154,132,1021,154,132,1021,-1
132,154,964,132,154,964,132,154,964,-1
154,132,1040,154,132,1040,154,132,1040,-1
132,156,972,132,156,972,132,156,972,-1
156,137,1020,156,137,1020,156,137,1020,-1
137,270,1130,137,270,1130,137,270,1130,-1
270,164,975,270,164,975,270,164,975,-1
164,148,1022,164,148,1022,164,148,1022,-1
148,164,971,148,164,971,148,164,971,-1
164,134,1021,164,134,1021,164,134,1021,-1
134,166,967,134,166,967,134,166,967,-1
166,125,1012,166,125,1012,166,125,1012,-1
125,168,954,125,168,954,125,168,954,-1
168,123,1000,168,123,1000,168,123,1000,-1
123,166,958,123,166,958,123,166,958,-1
166,124,1020,166,124,1020,166,124,1020,-1
124,156,958,124,156,958,124,156,958,-1
156,139,1024,156,139,1024,156,139,1024,-1
139,270,1145,139,270,1145,139,270,1145,-1
270,168,982,270,168,982,270,168,982,-1
168,137,1011,168,137,1011,168,137,1011,-1
137,163,976,137,163,976,137,163,976,-1
163,142,1031,163,142,1031,163,142,1031,-1
142,163,984,142,163,984,142,163,984,-1
163,133,1025,163,133,1025,163,133,1025,-1
133,162,976,133,162,976,133,162,976,-1
162,130,1037,162,130,1037,162,130,1037,-1
130,153,989,130,153,989,130,153,989,-1
153,133,1074,153,133,1074,153,133,1074,-1
133,166,989,133,166,989,133,166,989,-1
166,124,1033,166,124,1033,166,124,1033,-1
124,307,1090,124,307,1090,124,307,1090,-1
307,189,1130,307,189,1130,307,189,1130,-1
189,250,974,189,250,974,189,250,974,-1
250,134,1028,250,134,1028,250,134,1028,-1
134,172,981,134,172,981,134,172,981,-1
172,122,1016,172,122,1016,172,122,1016,-1
122,171,969,122,171,969,122,171,969,-1
171,126,1003,171,126,1003,171,126,1003,-1
126,125,950,126,125,950,126,125,950,-1
125,165,989,125,165,989,125,165,989,-1
165,291,950,165,291,950,165,291,950,-1
291,165,1086,291,165,1086,291,165,1086,-1
165,136,920,165,136,920,165,136,920,-1
136,179,1074,136,179,1074,136,179,1074,-1
179,208,942,179,208,942,179,208,942,-1
208,180,947,208,180,947,208,180,947,-1
180,167,952,180,167,952,180,167,952,-1
167,137,1060,167,137,1060,167,137,1060,-1
137,156,1049,137,156,1049,137,156,1049,-1
156,137,1124,156,137,1124,156,137,1124,-1
137,161,1053,137,161,1053,137,161,1053,-1
161,129,1093,161,129,1093,161,129,1093,-1
129,166,1016,129,166,1016,129,166,1016,-1
166,139,1040,166,139,1040,166,139,1040,-1
139,270,1159,139,270,1159,139,270,1159,-1
270,279,971,270,279,971,270,279,971,-1
279,182,962,279,182,962,279,182,962,-1
182,294,984,182,294,984,182,294,984,-1
294,131,1013,294,131,1013,294,131,1013,-1
131,168,953,131,168,953,131,168,953,-1
168,128,995,168,128,995,168,128,995,-1
128,185,946,128,185,946,128,185,946,-1
185,218,986,185,218,986,185,218,986,-1
218,192,905,218,192,905,218,192,905,-1
192,277,1147,192,277,1147,192,277,1147,-1
277,152,972,277,152,972,277,152,972,-1
152,127,997,152,127,997,152,127,997,-1
127,160,953,127,160,953,127,160,953,-1
160,129,1002,160,129,1002,160,129,1002,-1
129,173,975,129,173,975,129,173,975,-1
173,137,1039,173,137,1039,173,137,1039,-1
137,173,976,137,173,976,137,173,976,-1
173,127,1029,173,127,1029,173,127,1029,-1
127,173,976,127,173,976,127,173,976,-1
173,121,1026,173,121,1026,173,121,1026,-1
121,162,972,121,162,972,121,162,972,-1
162,145,1040,162,145,1040,162,145,1040,-1
145,275,1131,145,275,1131,145,275,1131,-1
275,179,1000,275,179,1000,275,179,1000,-1
179,242,988,179,242,988,179,242,988,-1
242,136,1024,242,136,1024,242,136,1024,-1
136,169,973,136,169,973,136,169,973,-1
169,143,1038,169,143,1038,169,143,1038,-1
143,168,983,143,168,983,143,168,983,-1
168,134,1038,168,134,1038,168,134,1038,-1
134,149,980,134,149,980,134,149,980,-1
149,144,1053,149,144,1053,149,144,1053,-1
144,162,959,144,162,959,144,162,959,-1
162,131,1012,162,131,1012,162,131,1012,-1
131,303,1025,131,303,1025,131,303,1025,-1
303,270,1116,303,270,1116,303,270,1116,-1
270,153,996,270,153,996,270,153,996,-1
153,126,1029,153,126,1029,153,126,1029,-1
126,157,979,126,157,979,126,157,979,-1
157,140,1024,157,140,1024,157,140,1024,-1
140,177,973,140,177,973,140,177,973,1
177,130,1024,177,130,1024,177,130,1024,-1
130,170,986,130,170,986,130,170,986,-1
170,128,1040,170,128,1040,170,128,1040,-1
128,164,983,128,164,983,128,164,983,-1
164,133,1062,164,133,1062,164,133,1062,-1
133,156,995,133,156,995,133,156,995,-1
156,149,1048,156,149,1048,156,149,1048,-1
149,272,1126,149,272,1126,149,272,1126,-1
272,150,1005,272,150,1005,272,150,1005,-1
150,127,1040,150,127,1040,150,127,1040,-1
127,155,990,127,155,990,127,155,990,-1
155,130,1030,155,130,1030,155,130,1030,-1
130,176,986,130,176,986,130,176,986,-1
176,135,1014,176,135,1014,176,135,1014,-1
135,164,965,135,164,965,135,164,965,-1
164,134,1002,164,134,1002,164,134,1002,-1
134,167,949,134,167,949,134,167,949,-1
167,127,1008,167,127,1008,167,127,1008,-1
127,185,944,127,185,944,127,185,944,1
185,206,983,185,206,983,185,206,983,1
206,194,909,206,194,909,206,194,909,-1
194,283,1094,194,283,1094,194,283,1094,-1
283,123,967,283,123,967,283,123,967,-1
123,154,956,123,154,956,123,154,956,-1
154,166,959,154,166,959,154,166,959,-1
166,140,991,166,140,991,166,140,991,-1
140,162,956,140,162,956,140,162,956,-1
162,143,990,162,143,990,162,143,990,-1
143,162,944,143,162,944,143,162,944,-1
162,131,995,162,131,995,162,131,995,1
131,166,963,131,166,963,131,166,963,-1
166,293,1011,166,293,1011,166,293,1011,-1
293,205,966,293,205,966,293,205,966,-1
205,147,840,205,147,840,205,147,840,-1
147,147,948,147,147,948,147,147,948,-1
147,185,976,147,185,976,147,185,976,-1
185,295,984,185,295,984,185,295,984,-1
295,206,951,295,206,951,295,206,951,-1
206,393,928,206,393,928,206,393,928,-1
393,167,987,393,167,987,393,167,987,1
167,136,1030,167,136,1030,167,136,1030,-1
136,161,969,136,161,969,136,161,969,-1
161,129,1033,161,129,1033,161,129,1033,-1
129,154,976,129,154,976,129,154,976,-1
154,136,1032,154,136,1032,154,136,1032,-1
136,302,1060,136,302,1060,136,302,1060,-1
302,258,1088,302,258,1088,302,258,1088,-1
258,167,953,258,167,953,258,167,953,1
167,141,991,167,141,991,167,141,991,-1
141,166,938,141,166,938,141,166,938,-1
166,134,985,166,134,985,166,134,985,-1
134,162,937,134,162,937,134,162,937,-1
162,131,1011,162,131,1011,162,131,1011,-1
131,167,965,131,167,965,131,167,965,-1
167,126,1034,167,126,1034,167,126,1034,-1
126,156,981,126,156,981,126,156,981,-1
156,137,1037,156,137,1037,156,137,1037,-1
137,174,970,137,174,970,137,174,970,-1
174,190,1002,174,190,1002,174,190,1002,1
190,201,894,190,201,894,190,201,894,-1
201,287,1110,201,287,1110,201,287,1110,-1
287,155,977,287,155,977,287,155,977,-1
155,150,1038,155,150,1038,155,150,1038,-1
150,122,981,150,122,981,150,122,981,-1
122,173,1030,122,173,1030,122,173,1030,-1
173,163,961,173,163,961,173,163,961,-1
163,134,1002,163,134,1002,163,134,1002,-1
134,159,939,134,159,939,134,159,939,-1
159,129,983,159,129,983,159,129,983,-1
129,160,939,129,160,939,129,160,939,1
160,127,998,160,127,998,160,127,998,-1
127,160,947,127,160,947,127,160,947,-1
160,214,1010,160,214,1010,160,214,1010,-1
214,190,917,214,190,917,214,190,917,-1
190,332,1102,190,332,1102,190,332,1102,-1
332,275,1122,332,275,1122,332,275,1122,-1
275,160,983,275,160,983,275,160,983,-1
160,137,1023,160,137,1023,160,137,1023,-1
137,155,980,137,155,980,137,155,980,-1
155,139,1014,155,139,1014,155,139,1014,-1
139,156,957,139,156,957,139,156,957,-1
156,133,1000,156,133,1000,156,133,1000,1
133,155,956,133,155,956,133,155,956,-1
155,123,1008,155,123,1008,155,123,1008,-1
123,152,972,123,152,972,123,152,972,-1
152,130,1026,152,130,1026,152,130,1026,-1
130,159,981,130,159,981,130,159,981,-1
159,147,1046,159,147,1046,159,147,1046,-1
147,170,994,147,170,994,147,170,994,-1
170,214,1049,170,214,1049,170,214,1049,-1
214,185,930,214,185,930,214,185,930,-1
185,325,1089,185,325,1089,185,325,1089,-1
325,271,1142,325,271,1142,325,271,1142,-1
271,159,987,271,159,987,271,159,987,-1
159,126,1009,159,126,1009,159,126,1009,-1
126,154,979,126,154,979,126,154,979,-1
154,124,1026,154,124,1026,154,124,1026,-1
124,153,984,124,153,984,124,153,984,-1
153,146,1048,153,146,1048,153,146,1048,-1
146,170,1008,146,170,1008,146,170,1008,1
170,134,1049,170,134,1049,170,134,1049,1
134,161,999,134,161,999,134,161,999,1
161,134,1051,161,134,1051,161,134,1051,-1
134,160,992,134,160,992,134,160,992,-1
160,138,1044,160,138,1044,160,138,1044,-1
138,177,979,138,177,979,138,177,979,-1
177,199,1009,177,199,1009,177,199,1009,-1
199,194,908,199,194,908,199,194,908,-1
194,277,1013,194,277,1013,194,277,1013,-1
277,154,982,277,154,982,277,154,982,-1
154,132,1005,154,132,1005,154,132,1005,-1
132,163,989,132,163,989,132,163,989,-1
163,141,1040,163,141,1040,163,141,1040,-1
141,165,994,141,165,994,141,165,994,-1
165,134,1038,165,134,1038,165,134,1038,-1
134,165,995,134,165,995,134,165,995,-1
165,131,1037,165,131,1037,165,131,1037,-1
131,164,987,131,164,987,131,164,987,1
164,128,1030,164,128,1030,164,128,1030,1
128,154,975,128,154,975,128,154,975,-1
154,139,1052,154,139,1052,154,139,1052,-1
139,152,966,139,152,966,139,152,966,-1
152,223,1046,152,223,1046,152,223,1046,-1
223,198,935,223,198,935,223,198,935,-1
198,291,1159,198,291,1159,198,291,1159,-1
291,153,1004,291,153,1004,291,153,1004,-1
153,146,1043,153,146,1043,153,146,1043,-1
146,150,992,146,150,992,146,150,992,-1
150,143,1045,150,143,1045,150,143,1045,-1
143,169,985,143,169,985,143,169,985,-1
169,129,1036,169,129,1036,169,129,1036,-1
129,164,985,129,164,985,129,164,985,-1
164,127,1047,164,127,1047,164,127,1047,-1
127,161,999,127,161,999,127,161,999,-1
161,124,1051,161,124,1051,161,124,1051,1
124,152,984,124,152,984,124,152,984,-1
152,225,1047,152,225,1047,152,225,1047,-1
225,194,938,225,194,938,225,194,938,-1
194,301,1107,194,301,1107,194,301,1107,-1
301,162,983,301,162,983,301,162,983,-1
162,137,993,162,137,993,162,137,993,-1
137,169,984,137,169,984,137,169,984,-1
169,126,985,169,126,985,169,126,985,-1
126,143,942,126,143,942,126,143,942,-1
143,154,1013,143,154,1013,143,154,1013,-1
154,122,956,154,122,956,154,122,956,1
122,173,1004,122,173,1004,122,173,1004,-1
173,133,985,173,133,985,173,133,985,1
133,144,1036,133,144,1036,133,144,1036,-1
144,134,990,144,134,990,144,134,990,-1
134,143,1044,134,143,1044,134,143,1044,-1
143,173,979,143,173,979,143,173,979,-1
173,131,1039,173,131,1039,173,131,1039,-1
131,201,1100,131,201,1100,131,201,1100,-1
201,193,974,201,193,974,201,193,974,-1
193,133,933,193,133,933,193,133,933,-1
133,165,976,133,165,976,133,165,976,-1
165,199,935,165,199,935,165,199,935,-1
199,290,990,199,290,990,199,290,990,-1
290,197,999,290,197,999,290,197,999,-1
197,294,951,197,294,951,197,294,951,-1
294,186,980,294,186,980,294,186,980,-1
186,190,1026,186,190,1026,186,190,1026,-1
190,173,994,190,173,994,190,173,994,-1
173,131,1042,173,131,1042,173,131,1042,-1
131,177,978,131,177,978,131,177,978,-1
177,278,951,177,278,951,177,278,951,1
278,129,979,278,129,979,278,129,979,1
129,204,892,129,204,892,129,204,892,-1
204,248,915,204,248,915,204,248,915,-1
248,278,944,248,278,944,248,278,944,-1
278,126,952,278,126,952,278,126,952,-1
126,288,1043,126,288,1043,126,288,1043,-1
288,144,993,288,144,993,288,144,993,-1
144,161,962,144,161,962,144,161,962,-1
161,212,996,161,212,996,161,212,996,-1
212,192,991,212,192,991,212,192,991,-1
192,139,1070,192,139,1070,192,139,1070,-1
139,183,1022,139,183,1022,139,183,1022,-1
183,167,1041,183,167,1041,183,167,1041,-1
167,152,1002,167,152,1002,167,152,1002,-1
152,139,1118,152,139,1118,152,139,1118,-1
139,155,1096,139,155,1096,139,155,1096,-1
155,125,1154,155,125,1154,155,125,1154,-1
125,175,1059,125,175,1059,125,175,1059,-1
175,265,1030,175,265,1030,175,265,1030,-1
265,147,980,265,147,980,265,147,980,-1
147,218,912,147,218,912,147,218,912,-1
218,324,882,218,324,882,218,324,882,-1
324,135,909,324,135,909,324,135,909,-1
135,174,883,135,174,883,135,174,883,-1
174,292,918,174,292,918,174,292,918,-1
292,144,922,292,144,922,292,144,922,1
144,146,904,144,146,904,144,146,904,1
146,135,952,146,135,952,146,135,952,1
135,141,944,135,141,944,135,141,944,1
141,124,980,141,124,980,141,124,980,1
124,168,1026,124,168,1026,124,168,1026,-1
168,147,971,168,147,971,168,147,971,1
147,157,1048,147,157,1048,147,157,1048,1
157,162,972,157,162,972,157,162,972,1
162,135,1023,162,135,1023,162,135,1023,1
135,234,995,135,234,995,135,234,995,1
234,228,982,234,228,982,234,228,982,1
228,132,1039,228,132,1039,228,132,1039,-1
132,162,960,132,162,960,132,162,960,1
162,127,991,162,127,991,162,127,991,1
127,198,945,127,198,945,127,198,945,1
198,187,975,198,187,975,198,187,975,1
187,171,1008,187,171,1008,187,171,1008,1
171,179,958,171,179,958,171,179,958,1
179,124,1068,179,124,1068,179,124,1068,1
124,137,996,124,137,996,124,137,996,1
137,162,1045,137,162,1045,137,162,1045,1
162,124,944,162,124,944,162,124,944,1
124,139,1035,124,139,1035,124,139,1035,-1
139,289,1080,139,289,1080,139,289,1080,-1
289,189,1063,289,189,1063,289,189,1063,-1
189,279,976,189,279,976,189,279,976,-1
279,122,950,279,122,950,279,122,950,-1
122,162,1037,122,162,1037,122,162,1037,-1
162,128,949,162,128,949,162,128,949,-1
128,175,1058,128,175,1058,128,175,1058,-1
175,411,970,175,411,970,175,411,970,-1
411,157,947,411,157,947,411,157,947,-1
157,141,952,157,141,952,157,141,952,-1
141,193,1008,141,193,1008,141,193,1008,-1
193,394,967,193,394,967,193,394,967,-1
394,213,1020,394,213,1020,394,213,1020,-1
213,260,1017,213,260,1017,213,260,1017,-1
260,377,1018,260,377,1018,260,377,1018,-1
377,185,924,377,185,924,377,185,924,-1
185,123,996,185,123,996,185,123,996,-1
123,132,951,123,132,951,123,132,951,-1
132,165,997,132,165,997,132,165,997,-1
165,280,936,165,280,936,165,280,936,-1
280,282,1069,280,282,1069,280,282,1069,-1
282,306,1065,282,306,1065,282,306,1065,-1
306,203,951,306,203,951,306,203,951,-1
203,248,934,203,248,934,203,248,934,-1
248,265,982,248,265,982,248,265,982,-1
265,147,1034,265,147,1034,265,147,1034,-1
147,299,979,147,299,979,147,299,979,-1
299,177,991,299,177,991,299,177,991,-1
177,347,1018,177,347,1018,177,347,1018,-1
347,186,981,347,186,981,347,186,981,-1
186,192,997,186,192,997,186,192,997,-1
192,267,1048,192,267,1048,192,267,1048,-1
267,268,1044,267,268,1044,267,268,1044,-1
268,189,1094,268,189,1094,268,189,1094,-1
189,217,944,189,217,944,189,217,944,-1
217,196,918,217,196,918,217,196,918,-1
196,194,1055,196,194,1055,196,194,1055,-1
194,189,937,194,189,937,194,189,937,-1
189,196,944,189,196,944,189,196,944,1
196,156,952,196,156,952,196,156,952,-1
156,138,993,156,138,993,156,138,993,-1
138,169,944,138,169,944,138,169,944,-1
169,122,992,169,122,992,169,122,992,-1
122,155,964,122,155,964,122,155,964,-1
155,125,1014,155,125,1014,155,125,1014,-1
125,149,951,125,149,951,125,149,951,-1
149,135,1022,149,135,1022,149,135,1022,-1
135,135,947,135,135,947,135,135,947,-1
135,164,1013,135,164,1013,135,164,1013,-1
164,298,938,164,298,938,164,298,938,-1
298,202,947,298,202,947,298,202,947,-1
202,226,965,202,226,965,202,226,965,-1
226,124,948,226,124,948,226,124,948,-1
124,178,1050,124,178,1050,124,178,1050,-1
178,136,960,178,136,960,178,136,960,-1
136,177,1027,136,177,1027,136,177,1027,-1
177,379,976,177,379,976,177,379,976,-1
379,167,1010,379,167,1010,379,167,1010,-1
167,133,1022,167,133,1022,167,133,1022,-1
133,192,982,133,192,982,133,192,982,-1
192,238,1044,192,238,1044,192,238,1044,-1
238,162,1088,238,162,1088,238,162,1088,-1
162,137,973,162,137,973,162,137,973,-1
137,162,1001,137,162,1001,137,162,1001,-1
162,164,936,162,164,936,162,164,936,-1
164,133,980,164,133,980,164,133,980,-1
133,151,934,133,151,934,133,151,934,-1
151,134,1003,151,134,1003,151,134,1003,-1
134,193,949,134,193,949,134,193,949,-1
193,280,962,193,280,962,193,280,962,1
280,264,950,280,264,950,280,264,950,1
264,131,1016,264,131,1016,264,131,1016,1
131,166,966,131,166,966,131,166,966,1
166,130,1018,166,130,1018,166,130,1018,1
130,166,960,130,166,960,130,166,960,1
166,138,1022,166,138,1022,166,138,1022,1
138,171,959,138,171,959,138,171,959,1
171,195,1013,171,195,1013,171,195,1013,1
195,181,910,195,181,910,195,181,910,1
181,285,1038,181,285,1038,181,285,1038,1
285,284,1048,285,284,1048,285,284,1048,1
284,194,1067,284,194,1067,284,194,1067,1
194,226,958,194,226,958,194,226,958,-1
226,180,927,226,180,927,226,180,927,1
180,310,970,180,310,970,180,310,970,1
310,212,1084,310,212,1084,310,212,1084,1
212,199,965,212,199,965,212,199,965,1
199,169,944,199,169,944,199,169,944,1
169,131,969,169,131,969,169,131,969,1
131,153,944,131,153,944,131,153,944,1
153,277,959,153,277,959,153,277,959,1
277,185,984,277,185,984,277,185,984,1
185,251,978,185,251,978,185,251,978,1
251,158,999,251,158,999,251,158,999,-1
158,137,1023,158,137,1023,158,137,1023,-1
137,160,982,137,160,982,137,160,982,1
160,164,1006,160,164,1006,160,164,1006,-1
164,138,991,164,138,991,164,138,991,-1
138,295,983,138,295,983,138,295,983,1
295,140,995,295,140,995,295,140,995,-1
140,168,983,140,168,983,140,168,983,-1
168,175,1100,168,175,1100,168,175,1100,-1
175,175,990,175,175,990,175,175,990,-1
175,207,950,175,207,950,175,207,950,-1
207,290,1196,207,290,1196,207,290,1196,-1
290,295,1079,290,295,1079,290,295,1079,-1
295,213,1067,295,213,1067,295,213,1067,-1
213,200,1006,213,200,1006,213,200,1006,-1
200,181,985,200,181,985,200,181,985,-1
181,164,1133,181,164,1133,181,164,1133,-1
164,229,992,164,229,992,164,229,992,-1
229,161,929,229,161,929,229,161,929,-1
161,268,1076,161,268,1076,161,268,1076,-1
268,290,1080,268,290,1080,268,290,1080,-1
290,292,1112,290,292,1112,290,292,1112,-1
292,123,1103,292,123,1103,292,123,1103,-1
123,166,951,123,166,951,123,166,951,-1
166,219,1081,166,219,1081,166,219,1081,-1
219,185,990,219,185,990,219,185,990,-1
185,182,970,185,182,970,185,182,970,-1
182,123,1078,182,123,1078,182,123,1078,-1
123,160,966,123,160,966,123,160,966,-1
160,180,1071,160,180,1071,160,180,1071,-1
180,201,980,180,201,980,180,201,980,-1
201,172,945,201,172,945,201,172,945,-1
172,294,1077,172,294,1077,172,294,1077,-1
294,290,1095,294,290,1095,294,290,1095,-1
290,292,1086,290,292,1086,290,292,1086,-1
292,294,1107,292,294,1107,292,294,1107,-1
294,291,1104,294,291,1104,294,291,1104,-1
291,277,1088,291,277,1088,291,277,1088,-1
277,268,1059,277,268,1059,277,268,1059,-1
268,287,1058,268,287,1058,268,287,1058,-1
287,217,1074,287,217,1074,287,217,1074,-1
217,184,980,217,184,980,217,184,980,-1
184,180,930,184,180,930,184,180,930,-1
180,196,1096,180,196,1096,180,196,1096,-1
196,126,1022,196,126,1022,196,126,1022,-1
126,179,1048,126,179,1048,126,179,1048,-1
179,152,979,179,152,979,179,152,979,-1
152,142,1051,152,142,1051,152,142,1051,-1
142,145,966,142,145,966,142,145,966,-1
145,133,1028,145,133,1028,145,133,1028,-1
133,144,950,133,144,950,133,144,950,-1
144,134,1028,144,134,1028,144,134,1028,-1
134,153,960,134,153,960,134,153,960,-1
153,146,1027,153,146,1027,153,146,1027,-1
146,149,945,146,149,945,146,149,945,-1
149,145,1032,149,145,1032,149,145,1032,-1
145,154,950,145,154,950,145,154,950,-1
154,142,1024,154,142,1024,154,142,1024,-1
142,160,949,142,160,949,142,160,949,-1
160,140,1026,160,140,1026,160,140,1026,-1
140,158,948,140,158,948,140,158,948,-1
158,141,1029,158,141,1029,158,141,1029,-1
141,152,947,141,152,947,141,152,947,-1
152,133,1022,152,133,1022,152,133,1022,-1
133,144,952,133,144,952,133,144,952,-1
144,132,1020,144,132,1020,144,132,1020,-1
132,145,952,132,145,952,132,145,952,-1
145,149,1032,145,149,1032,145,149,1032,-1
149,151,949,149,151,949,149,151,949,-1
151,145,1023,151,145,1023,151,145,1023,-1
145,148,953,145,148,953,145,148,953,-1
148,148,1013,148,148,1013,148,148,1013,-1
148,152,949,148,152,949,148,152,949,-1
152,147,1006,152,147,1006,152,147,1006,-1
147,153,945,147,153,945,147,153,945,-1
153,147,1001,153,147,1001,153,147,1001,-1
147,152,947,147,152,947,147,152,947,-1
152,138,1013,152,138,1013,152,138,1013,-1
138,139,958,138,139,958,138,139,958,-1
139,138,1017,139,138,1017,139,138,1017,-1
138,144,957,138,144,957,138,144,957,-1
144,143,1002,144,143,1002,144,143,1002,-1
143,124,968,143,124,968,143,124,968,1
124,173,984,124,173,984,124,173,984,1
173,126,982,173,126,982,173,126,982,1
126,168,966,126,168,966,126,168,966,1
168,133,990,168,133,990,168,133,990,1
133,169,963,133,169,963,133,169,963,1
169,131,984,169,131,984,169,131,984,1
131,189,957,131,189,957,131,189,957,-1
189,294,1107,189,294,1107,189,294,1107,1
294,275,1097,294,275,1097,294,275,1097,1
275,274,1137,275,274,1137,275,274,1137,1
274,296,1155,274,296,1155,274,296,1155,1
296,211,1257,296,211,1257,296,211,1257,1
211,250,969,211,250,969,211,250,969,1
250,121,960,250,121,960,250,121,960,1
121,207,1071,121,207,1071,121,207,1071,1
207,227,948,207,227,948,207,227,948,-1
227,166,949,227,166,949,227,166,949,1
166,201,1051,166,201,1051,166,201,1051,1
201,237,954,201,237,954,201,237,954,-1
237,124,962,237,124,962,237,124,962,-1
124,189,1077,124,189,1077,124,189,1077,-1
189,224,956,189,224,956,189,224,956,-1
224,126,943,224,126,943,224,126,943,-1
126,149,1106,126,149,1106,126,149,1106,-1
149,159,962,149,159,962,149,159,962,-1
159,200,983,159,200,983,159,200,983,-1
200,221,968,200,221,968,200,221,968,-1
221,176,1006,221,176,1006,221,176,1006,-1
176,185,977,176,185,977,176,185,977,-1
185,393,969,185,393,969,185,393,969,-1
393,143,967,393,143,967,393,143,967,-1
143,136,970,143,136,970,143,136,970,-1
136,131,911,136,131,911,136,131,911,-1
131,163,956,131,163,956,131,163,956,-1
163,295,894,163,295,894,163,295,894,-1
295,225,924,295,225,924,295,225,924,-1
225,280,928,225,280,928,225,280,928,-1
280,229,957,280,229,957,280,229,957,-1
229,169,1052,229,169,1052,229,169,1052,-1
169,145,1006,169,145,1006,169,145,1006,-1
145,139,1128,145,139,1128,145,139,1128,-1
139,145,1025,139,145,1025,139,145,1025,-1
145,132,1114,145,132,1114,145,132,1114,-1
132,233,1028,132,233,1028,132,233,1028,-1
233,185,1019,233,185,1019,233,185,1019,-1
185,171,1049,185,171,1049,185,171,1049,-1
171,171,981,171,171,981,171,171,981,-1
171,420,1028,171,420,1028,171,420,1028,-1
420,169,1030,420,169,1030,420,169,1030,-1
169,131,1054,169,131,1054,169,131,1054,-1
131,156,984,131,156,984,131,156,984,-1
156,133,1049,156,133,1049,156,133,1049,-1
133,149,965,133,149,965,133,149,965,-1
149,127,1053,149,127,1053,149,127,1053,-1
127,149,980,127,149,980,127,149,980,-1
149,141,1043,149,141,1043,149,141,1043,-1
141,287,955,141,287,955,141,287,955,-1
287,207,810,287,207,810,287,207,810,-1
207,247,921,207,247,921,207,247,921,-1
247,152,1040,247,152,1040,247,152,1040,-1
152,149,990,152,149,990,152,149,990,-1
149,149,1089,149,149,1089,149,149,1089,-1
149,168,974,149,168,974,149,168,974,-1
168,200,1047,168,200,1047,168,200,1047,-1
200,132,930,200,132,930,200,132,930,-1
132,274,1091,132,274,1091,132,274,1091,-1
274,279,1109,274,279,1109,274,279,1109,-1
279,284,1082,279,284,1082,279,284,1082,-1
284,292,1075,284,292,1075,284,292,1075,-1
292,121,1097,292,121,1097,292,121,1097,-1
121,166,970,121,166,970,121,166,970,-1
166,297,1068,166,297,1068,166,297,1068,-1
297,285,1114,297,285,1114,297,285,1114,-1
285,175,1084,285,175,1084,285,175,1084,-1
175,185,1011,175,185,1011,175,185,1011,-1
185,186,948,185,186,948,185,186,948,-1
186,201,1106,186,201,1106,186,201,1106,-1
201,193,993,201,193,993,201,193,993,-1
193,176,963,193,176,963,193,176,963,-1
176,288,1097,176,288,1097,176,288,1097,-1
288,121,1092,288,121,1092,288,121,1092,-1
121,169,965,121,169,965,121,169,965,-1
169,194,1085,169,194,1085,169,194,1085,1
194,192,981,194,192,981,194,192,981,1
192,185,969,192,185,969,192,185,969,-1
185,143,1064,185,143,1064,185,143,1064,-1
143,127,1019,143,127,1019,143,127,1019,-1
127,124,1080,127,124,1080,127,124,1080,-1
124,166,982,124,166,982,124,166,982,-1
166,277,1117,166,277,1117,166,277,1117,-1
277,288,1122,277,288,1122,277,288,1122,-1
288,302,1027,288,302,1027,288,302,1027,-1
302,210,1111,302,210,1111,302,210,1111,-1
210,194,995,210,194,995,210,194,995,-1
194,182,943,194,182,943,194,182,943,-1
182,270,1071,182,270,1071,182,270,1071,-1
270,177,979,270,177,979,270,177,979,-1
177,219,906,177,219,906,177,219,906,-1
219,182,902,219,182,902,219,182,902,-1
182,290,1072,182,290,1072,182,290,1072,-1
290,132,1044,290,132,1044,290,132,1044,-1
132,160,932,132,160,932,132,160,932,-1
160,182,979,160,182,979,160,182,979,-1
182,125,935,182,125,935,182,125,935,-1
125,126,1100,125,126,1100,125,126,1100,-1
126,179,955,126,179,955,126,179,955,-1
179,273,1146,179,273,1146,179,273,1146,-1
273,167,1011,273,167,1011,273,167,1011,-1
167,276,978,167,276,978,167,276,978,1
276,132,995,276,132,995,276,132,995,1
132,168,1082,132,168,1082,132,168,1082,-1
168,122,971,168,122,971,168,122,971,-1
122,139,1005,122,139,1005,122,139,1005,-1
139,162,961,139,162,961,139,162,961,-1
162,224,1087,162,224,1087,162,224,1087,-1
224,200,988,224,200,988,224,200,988,-1
200,167,983,200,167,983,200,167,983,-1
167,128,1018,167,128,1018,167,128,1018,-1
128,172,925,128,172,925,128,172,925,-1
172,192,1089,172,192,1089,172,192,1089,-1
192,375,964,192,375,964,192,375,964,-1
375,176,1044,375,176,1044,375,176,1044,-1
176,181,1083,176,181,1083,176,181,1083,-1
181,229,996,181,229,996,181,229,996,-1
229,195,1165,229,195,1165,229,195,1165,-1
195,247,1010,195,247,1010,195,247,1010,-1
247,164,1030,247,164,1030,247,164,1030,-1
164,174,1142,164,174,1142,164,174,1142,-1
174,189,926,174,189,926,174,189,926,1
189,206,744,189,206,744,189,206,744,-1
206,285,1056,206,285,1056,206,285,1056,-1
285,149,1018,285,149,1018,285,149,1018,-1
149,146,973,149,146,973,149,146,973,-1
146,139,1017,146,139,1017,146,139,1017,-1
139,149,999,139,149,999,139,149,999,-1
149,180,1047,149,180,1047,149,180,1047,-1
180,135,1012,180,135,1012,180,135,1012,-1
135,146,1189,135,146,1189,135,146,1189,-1
146,280,957,146,280,957,146,280,957,-1
280,157,1026,280,157,1026,280,157,1026,-1
157,175,977,157,175,977,157,175,977,-1
175,139,896,175,139,896,175,139,896,-1
139,247,1008,139,247,1008,139,247,1008,-1
247,206,946,247,206,946,247,206,946,-1
206,255,989,206,255,989,206,255,989,-1
255,130,1008,255,130,1008,255,130,1008,-1
130,149,966,130,149,966,130,149,966,-1
149,138,1012,149,138,1012,149,138,1012,-1
138,166,922,138,166,922,138,166,922,-1
166,139,983,166,139,983,166,139,983,-1
139,129,904,139,129,904,139,129,904,-1
129,168,966,129,168,966,129,168,966,1
168,159,898,168,159,898,168,159,898,1
159,141,1008,159,141,1008,159,141,1008,-1
141,205,943,141,205,943,141,205,943,-1
205,172,948,205,172,948,205,172,948,-1
172,188,981,172,188,981,172,188,981,-1
188,196,977,188,196,977,188,196,977,-1
196,289,1076,196,289,1076,196,289,1076,-1
289,264,1014,289,264,1014,289,264,1014,-1
264,136,1051,264,136,1051,264,136,1051,-1
136,213,1011,136,213,1011,136,213,1011,-1
213,251,1013,213,251,1013,213,251,1013,-1
251,136,1044,251,136,1044,251,136,1044,-1
136,161,983,136,161,983,136,161,983,-1
161,401,1013,161,401,1013,161,401,1013,-1
401,158,956,401,158,956,401,158,956,-1
158,134,1034,158,134,1034,158,134,1034,-1
134,126,942,134,126,942,134,126,942,-1
126,160,1003,126,160,1003,126,160,1003,-1
160,163,955,160,163,955,160,163,955,-1
163,137,1053,163,137,1053,163,137,1053,-1
137,161,1001,137,161,1001,137,161,1001,-1
161,141,1060,161,141,1060,161,141,1060,-1
141,167,968,141,167,968,141,167,968,-1
167,136,1015,167,136,1015,167,136,1015,-1
136,158,975,136,158,975,136,158,975,-1
158,128,1017,158,128,1017,158,128,1017,-1
128,148,964,128,148,964,128,148,964,-1
148,128,1026,148,128,1026,148,128,1026,1
128,154,960,128,154,960,128,154,960,1
154,140,1023,154,140,1023,154,140,1023,-1
140,149,953,140,149,953,140,149,953,-1
149,141,1039,149,141,1039,149,141,1039,-1
141,153,973,141,153,973,141,153,973,-1
153,136,1033,153,136,1033,153,136,1033,-1
136,163,968,136,163,968,136,163,968,-1
163,135,1030,163,135,1030,163,135,1030,-1
135,171,974,135,171,974,135,171,974,-1
171,136,1035,171,136,1035,171,136,1035,-1
136,176,984,136,176,984,136,176,984,-1
176,276,1048,176,276,1048,176,276,1048,-1
276,122,1067,276,122,1067,276,122,1067,-1
122,154,1000,122,154,1000,122,154,1000,-1
154,137,1052,154,137,1052,154,137,1052,-1
137,151,978,137,151,978,137,151,978,-1
151,136,1054,151,136,1054,151,136,1054,-1
136,157,978,136,157,978,136,157,978,-1
157,133,1035,157,133,1035,157,133,1035,-1
133,156,963,133,156,963,133,156,963,-1
156,146,1020,156,146,1020,156,146,1020,-1
146,150,947,146,150,947,146,150,947,-1
150,151,1017,150,151,1017,150,151,1017,1
151,165,948,151,165,948,151,165,948,1
165,138,1006,165,138,1006,165,138,1006,-1
138,156,947,138,156,947,138,156,947,-1
156,125,1010,156,125,1010,156,125,1010,-1
125,150,946,125,150,946,125,150,946,-1
150,131,1009,150,131,1009,150,131,1009,-1
131,157,950,131,157,950,131,157,950,-1
157,136,1025,157,136,1025,157,136,1025,-1
136,158,965,136,158,965,136,158,965,-1
158,129,1035,158,129,1035,158,129,1035,-1
129,160,968,129,160,968,129,160,968,-1
160,134,1027,160,134,1027,160,134,1027,-1
134,165,967,134,165,967,134,165,967,-1
165,138,1021,165,138,1021,165,138,1021,-1
138,162,965,138,162,965,138,162,965,-1
162,146,1036,162,146,1036,162,146,1036,-1
146,148,981,146,148,981,146,148,981,-1
148,140,1047,148,140,1047,148,140,1047,-1
140,143,988,140,143,988,140,143,988,-1
143,134,1016,143,134,1016,143,134,1016,-1
134,153,962,134,153,962,134,153,962,-1
153,158,972,153,158,972,153,158,972,-1
158,267,1073,158,267,1073,158,267,1073,1
267,274,1048,267,274,1048,267,274,1048,-1
274,286,1043,274,286,1043,274,286,1043,-1
286,285,1044,286,285,1044,286,285,1044,-1
285,285,1084,285,285,1084,285,285,1084,-1
285,266,1062,285,266,1062,285,266,1062,-1
266,192,1061,266,192,1061,266,192,1061,-1
192,186,992,192,186,992,192,186,992,-1
186,176,975,186,176,975,186,176,975,-1
176,274,1091,176,274,1091,176,274,1091,-1
274,203,1093,274,203,1093,274,203,1093,-1
203,192,994,203,192,994,203,192,994,-1
192,177,959,192,177,959,192,177,959,-1
177,219,1084,177,219,1084,177,219,1084,-1
219,194,973,219,194,973,219,194,973,-1
194,173,936,194,173,936,194,173,936,-1
173,273,1076,173,273,1076,173,273,1076,-1
273,206,1064,273,206,1064,273,206,1064,-1
206,192,1001,206,192,1001,206,192,1001,1
192,175,983,192,175,983,192,175,983,1
175,209,1099,175,209,1099,175,209,1099,-1
209,193,997,209,193,997,209,193,997,-1
193,182,968,193,182,968,193,182,968,-1
182,301,1067,182,301,1067,182,301,1067,-1
301,307,1077,301,307,1077,301,307,1077,-1
307,281,1061,307,281,1061,307,281,1061,-1
281,176,1056,281,176,1056,281,176,1056,-1
176,204,955,176,204,955,176,204,955,-1
204,125,905,204,125,905,204,125,905,-1
125,176,959,125,176,959,125,176,959,-1
176,191,963,176,191,963,176,191,963,-1
191,299,1202,191,299,1202,191,299,1202,-1
299,308,1168,299,308,1168,299,308,1168,-1
308,302,1214,308,302,1214,308,302,1214,-1
302,144,1211,302,144,1211,302,144,1211,1
144,149,991,144,149,991,144,149,991,-1
149,153,1136,149,153,1136,149,153,1136,-1
153,126,944,153,126,944,153,126,944,-1
126,301,1139,126,301,1139,126,301,1139,-1
301,132,1135,301,132,1135,301,132,1135,-1
132,123,902,132,123,902,132,123,902,-1
123,164,946,123,164,946,123,164,946,-1
164,125,950,164,125,950,164,125,950,-1
125,300,953,125,300,953,125,300,953,-1
300,165,974,300,165,974,300,165,974,-1
165,140,995,165,140,995,165,140,995,-1
140,205,1006,140,205,1006,140,205,1006,-1
205,250,1017,205,250,1017,205,250,1017,-1
250,123,1055,250,123,1055,250,123,1055,-1
123,153,1036,123,153,1036,123,153,1036,-1
153,135,1042,153,135,1042,153,135,1042,-1
135,159,1016,135,159,1016,135,159,1016,1
159,131,1032,159,131,1032,159,131,1032,1
131,157,989,131,157,989,131,157,989,-1
157,130,1006,157,130,1006,157,130,1006,-1
130,157,977,130,157,977,130,157,977,-1
157,144,991,157,144,991,157,144,991,-1
144,151,961,144,151,961,144,151,961,-1
151,150,981,151,150,981,151,150,981,-1
150,167,949,150,167,949,150,167,949,-1
167,137,972,167,137,972,167,137,972,-1
137,151,953,137,151,953,137,151,953,-1
151,133,972,151,133,972,151,133,972,-1
133,122,963,133,122,963,133,122,963,-1
122,182,944,122,182,944,122,182,944,-1
182,287,1077,182,287,1077,182,287,1077,-1
287,280,1107,287,280,1107,287,280,1107,-1
280,205,1102,280,205,1102,280,205,1102,-1
205,192,966,205,192,966,205,192,966,-1
192,184,939,192,184,939,192,184,939,-1
184,225,1078,184,225,1078,184,225,1078,1
225,191,956,225,191,956,225,191,956,1
191,180,934,191,180,934,191,180,934,-1
180,272,1083,180,272,1083,180,272,1083,-1
272,295,1114,272,295,1114,272,295,1114,-1
295,285,1097,295,285,1097,295,285,1097,-1
285,290,1075,285,290,1075,285,290,1075,-1
290,220,1078,290,220,1078,290,220,1078,-1
220,198,986,220,198,986,220,198,986,-1
198,196,971,198,196,971,198,196,971,-1
196,292,1089,196,292,1089,196,292,1089,-1
292,124,983,292,124,983,292,124,983,-1
124,173,944,124,173,944,124,173,944,-1
173,273,1081,173,273,1081,173,273,1081,-1
273,135,965,273,135,965,273,135,965,-1
135,152,948,135,152,948,135,152,948,-1
152,152,968,152,152,968,152,152,968,-1
152,136,971,152,136,971,152,136,971,-1
136,152,968,136,152,968,136,152,968,1
152,147,984,152,147,984,152,147,984,1
147,153,969,147,153,969,147,153,969,-1
153,148,987,153,148,987,153,148,987,-1
148,164,964,148,164,964,148,164,964,-1
164,143,988,164,143,988,164,143,988,-1
143,152,942,143,152,942,143,152,942,-1
152,131,992,152,131,992,152,131,992,-1
131,145,941,131,145,941,131,145,941,-1
145,138,999,145,138,999,145,138,999,-1
138,160,960,138,160,960,138,160,960,-1
160,131,1005,160,131,1005,160,131,1005,-1
131,152,963,131,152,963,131,152,963,-1
152,130,1019,152,130,1019,152,130,1019,-1
130,157,957,130,157,957,130,157,957,-1
157,137,1022,157,137,1022,157,137,1022,1
137,163,979,137,163,979,137,163,979,1
163,139,1024,163,139,1024,163,139,1024,-1
139,161,968,139,161,968,139,161,968,-1
161,147,1017,161,147,1017,161,147,1017,-1
147,153,949,147,153,949,147,153,949,-1
153,137,990,153,137,990,153,137,990,-1
137,146,926,137,146,926,137,146,926,-1
146,132,995,146,132,995,146,132,995,-1
132,162,944,132,162,944,132,162,944,-1
162,134,1009,162,134,1009,162,134,1009,-1
134,285,949,134,285,949,134,285,949,-1
285,283,940,285,283,940,285,283,940,-1
283,162,933,283,162,933,283,162,933,-1
162,136,991,162,136,991,162,136,991,-1
136,164,931,136,164,931,136,164,931,-1
164,146,1013,164,146,1013,164,146,1013,-1
146,165,936,146,165,936,146,165,936,-1
165,208,1016,165,208,1016,165,208,1016,-1
208,148,890,208,148,890,208,148,890,-1
148,292,1031,148,292,1031,148,292,1031,-1
292,211,1092,292,211,1092,292,211,1092,-1
211,182,968,211,182,968,211,182,968,-1
182,183,946,182,183,946,182,183,946,-1
183,207,1082,183,207,1082,183,207,1082,-1
207,192,952,207,192,952,207,192,952,-1
192,195,924,192,195,924,192,195,924,1
195,219,1102,195,219,1102,195,219,1102,-1
219,197,951,219,197,951,219,197,951,-1
197,189,938,197,189,938,197,189,938,-1
189,289,1038,189,289,1038,189,289,1038,-1
289,213,1132,289,213,1132,289,213,1132,-1
213,181,962,213,181,962,213,181,962,-1
181,191,937,181,191,937,181,191,937,-1
191,264,1079,191,264,1079,191,264,1079,-1
264,170,969,264,170,969,264,170,969,-1
170,130,975,170,130,975,170,130,975,-1
130,160,972,130,160,972,130,160,972,-1
160,153,994,160,153,994,160,153,994,-1
153,158,981,153,158,981,153,158,981,-1
158,140,1025,158,140,1025,158,140,1025,-1
140,148,1003,140,148,1003,140,148,1003,1
148,130,1040,148,130,1040,148,130,1040,1
130,152,988,130,152,988,130,152,988,-1
152,144,1030,152,144,1030,152,144,1030,-1
144,150,971,144,150,971,144,150,971,-1
150,133,1021,150,133,1021,150,133,1021,-1
133,149,970,133,149,970,133,149,970,-1
149,130,1023,149,130,1023,149,130,1023,-1
130,157,968,130,157,968,130,157,968,-1
157,140,1025,157,140,1025,157,140,1025,-1
140,161,971,140,161,971,140,161,971,-1
161,143,1038,161,143,1038,161,143,1038,-1
143,163,988,143,163,988,143,163,988,-1
163,139,1076,163,139,1076,163,139,1076,-1
139,162,1011,139,162,1011,139,162,1011,-1
162,126,1099,162,126,1099,162,126,1099,-1
126,148,1014,126,148,1014,126,148,1014,-1
148,220,1065,148,220,1065,148,220,1065,1
220,181,924,220,181,924,220,181,924,1
181,215,1066,181,215,1066,181,215,1066,-1
215,180,974,215,180,974,215,180,974,-1
180,122,946,180,122,946,180,122,946,-1
122,190,973,122,190,973,122,190,973,-1
190,182,956,190,182,956,190,182,956,-1
182,136,1003,182,136,1003,182,136,1003,-1
136,175,984,136,175,984,136,175,984,-1
175,152,1000,175,152,1000,175,152,1000,-1
152,138,1000,152,138,1000,152,138,1000,-1
138,144,983,138,144,983,138,144,983,-1
144,137,1009,144,137,1009,144,137,1009,-1
137,151,971,137,151,971,137,151,971,-1
151,142,1016,151,142,1016,151,142,1016,-1
142,145,963,142,145,963,142,145,963,-1
145,136,1017,145,136,1017,145,136,1017,-1
136,147,962,136,147,962,136,147,962,-1
147,137,1021,147,137,1021,147,137,1021,-1
137,162,975,137,162,975,137,162,975,-1
162,137,1043,162,137,1043,162,137,1043,-1
137,165,1002,137,165,1002,137,165,1002,-1
165,144,1065,165,144,1065,165,144,1065,-1
144,167,1005,144,167,1005,144,167,1005,-1
167,134,1051,167,134,1051,167,134,1051,-1
134,153,992,134,153,992,134,153,992,-1
153,129,1039,153,129,1039,153,129,1039,-1
129,154,972,129,154,972,129,154,972,-1
154,138,1019,154,138,1019,154,138,1019,-1
138,155,956,138,155,956,138,155,956,-1
155,133,1012,155,133,1012,155,133,1012,-1
133,150,946,133,150,946,133,150,946,-1
150,132,1022,150,132,1022,150,132,1022,-1
132,162,940,132,162,940,132,162,940,-1
162,206,993,162,206,993,162,206,993,-1
206,187,880,206,187,880,206,187,880,-1
187,314,1058,187,314,1058,187,314,1058,-1
314,292,1085,314,292,1085,314,292,1085,-1
292,205,1080,292,205,1080,292,205,1080,-1
205,191,990,205,191,990,205,191,990,1
191,179,961,191,179,961,191,179,961,-1
179,298,995,179,298,995,179,298,995,-1
298,269,1090,298,269,1090,298,269,1090,-1
269,135,974,269,135,974,269,135,974,-1
135,164,957,135,164,957,135,164,957,-1
164,136,970,164,136,970,164,136,970,-1
136,173,956,136,173,956,136,173,956,-1
173,159,949,173,159,949,173,159,949,-1
159,140,974,159,140,974,159,140,974,-1
140,144,965,140,144,965,140,144,965,-1
144,135,1013,144,135,1013,144,135,1013,-1
135,153,976,135,153,976,135,153,976,1
153,142,1010,153,142,1010,153,142,1010,-1
142,145,958,142,145,958,142,145,958,-1
145,140,998,145,140,998,145,140,998,-1
140,141,944,140,141,944,140,141,944,-1
141,139,988,141,139,988,141,139,988,-1
139,155,935,139,155,935,139,155,935,-1
155,140,988,155,140,988,155,140,988,-1
140,161,948,140,161,948,140,161,948,-1
161,145,1000,161,145,1000,161,145,1000,-1
145,166,947,145,166,947,145,166,947,-1
166,136,1007,166,136,1007,166,136,1007,-1
136,165,948,136,165,948,136,165,948,-1
165,123,998,165,123,998,165,123,998,1
123,153,956,123,153,956,123,153,956,-1
153,135,1006,153,135,1006,153,135,1006,-1
135,153,963,135,153,963,135,153,963,-1
153,133,1025,153,133,1025,153,133,1025,-1
133,149,966,133,149,966,133,149,966,-1
149,133,1049,149,133,1049,149,133,1049,-1
133,149,996,133,149,996,133,149,996,-1
149,146,1081,149,146,1081,149,146,1081,-1
146,159,1000,146,159,1000,146,159,1000,-1
159,220,1044,159,220,1044,159,220,1044,-1
220,172,905,220,172,905,220,172,905,-1
172,224,1050,172,224,1050,172,224,1050,-1
224,179,948,224,179,948,224,179,948,-1
179,186,934,179,186,934,179,186,934,-1
186,211,1068,186,211,1068,186,211,1068,-1
211,179,958,211,179,958,211,179,958,-1
179,181,926,179,181,926,179,181,926,-1
181,210,1052,181,210,1052,181,210,1052,-1
210,185,950,210,185,950,210,185,950,-1
185,185,916,185,185,916,185,185,916,-1
185,310,1035,185,310,1035,185,310,1035,-1
310,295,1020,310,295,1020,310,295,1020,-1
295,306,949,295,306,949,295,306,949,-1
306,294,1087,306,294,1087,306,294,1087,-1
294,261,1105,294,261,1105,294,261,1105,-1
261,280,978,261,280,978,261,280,978,-1
280,148,1015,280,148,1015,280,148,1015,-1
148,145,1050,148,145,1050,148,145,1050,-1
145,154,1029,145,154,1029,145,154,1029,-1
154,149,1060,154,149,1060,154,149,1060,-1
149,164,1011,149,164,1011,149,164,1011,-1
164,143,1030,164,143,1030,164,143,1030,-1
143,162,960,143,162,960,143,162,960,-1
162,129,989,162,129,989,162,129,989,1
129,148,940,129,148,940,129,148,940,-1
148,139,982,148,139,982,148,139,982,-1
139,156,928,139,156,928,139,156,928,-1
156,132,984,156,132,984,156,132,984,-1
132,154,936,132,154,936,132,154,936,-1
154,125,995,154,125,995,154,125,995,-1
125,151,945,125,151,945,125,151,945,-1
151,140,1009,151,140,1009,151,140,1009,-1
140,155,969,140,155,969,140,155,969,-1
155,145,1049,155,145,1049,155,145,1049,-1
145,161,996,145,161,996,145,161,996,-1
161,148,1058,161,148,1058,161,148,1058,-1
148,152,990,148,152,990,148,152,990,-1
152,142,1038,152,142,1038,152,142,1038,-1
142,145,958,142,145,958,142,145,958,-1
145,139,1030,145,139,1030,145,139,1030,-1
139,168,939,139,168,939,139,168,939,-1
168,194,998,168,194,998,168,194,998,-1
194,178,885,194,178,885,194,178,885,-1
178,279,1057,178,279,1057,178,279,1057,-1
279,221,1097,279,221,1097,279,221,1097,-1
221,198,982,221,198,982,221,198,982,-1
198,193,969,198,193,969,198,193,969,-1
193,234,1041,193,234,1041,193,234,1041,-1
234,186,981,234,186,981,234,186,981,-1
186,181,957,186,181,957,186,181,957,-1
181,305,1125,181,305,1125,181,305,1125,-1
305,262,1121,305,262,1121,305,262,1121,-1
262,143,989,262,143,989,262,143,989,-1
143,134,995,143,134,995,143,134,995,-1
134,142,979,134,142,979,134,142,979,-1
142,148,1016,142,148,1016,142,148,1016,-1
148,151,993,148,151,993,148,151,993,1
151,149,1023,151,149,1023,151,149,1023,-1
149,163,982,149,163,982,149,163,982,-1
163,142,1027,163,142,1027,163,142,1027,-1
142,158,985,142,158,985,142,158,985,-1
158,134,1017,158,134,1017,158,134,1017,-1
134,155,986,134,155,986,134,155,986,-1
155,136,1062,155,136,1062,155,136,1062,-1
136,158,1025,136,158,1025,136,158,1025,-1
158,129,1085,158,129,1085,158,129,1085,-1
129,158,1020,129,158,1020,129,158,1020,-1
158,121,1058,158,121,1058,158,121,1058,-1
121,149,993,121,149,993,121,149,993,-1
149,139,1056,149,139,1056,149,139,1056,-1
139,155,966,139,155,966,139,155,966,1
155,142,1011,155,142,1011,155,142,1011,-1
142,158,949,142,158,949,142,158,949,-1
158,153,1043,158,153,1043,158,153,1043,-1
153,178,972,153,178,972,153,178,972,-1
178,196,1011,178,196,1011,178,196,1011,-1
196,168,908,196,168,908,196,168,908,-1
168,305,1076,168,305,1076,168,305,1076,-1
305,286,1082,305,286,1082,305,286,1082,-1
286,287,1071,286,287,1071,286,287,1071,-1
287,293,1075,287,293,1075,287,293,1075,-1
293,289,1086,293,289,1086,293,289,1086,-1
289,139,964,289,139,964,289,139,964,-1
139,166,951,139,166,951,139,166,951,-1
166,162,971,166,162,971,166,162,971,-1
162,131,976,162,131,976,162,131,976,-1
131,151,968,131,151,968,131,151,968,-1
151,142,1003,151,142,1003,151,142,1003,-1
142,152,984,142,152,984,142,152,984,-1
152,134,1015,152,134,1015,152,134,1015,-1
134,149,980,134,149,980,134,149,980,-1
149,129,1026,149,129,1026,149,129,1026,-1
129,146,965,129,146,965,129,146,965,-1
146,144,1004,146,144,1004,146,144,1004,-1
144,149,961,144,149,961,144,149,961,-1
149,150,1004,149,150,1004,149,150,1004,-1
150,163,960,150,163,960,150,163,960,-1
163,145,1011,163,145,1011,163,145,1011,-1
145,156,979,145,156,979,145,156,979,-1
156,138,1030,156,138,1030,156,138,1030,-1
138,155,981,138,155,981,138,155,981,-1
155,133,1030,155,133,1030,155,133,1030,-1
133,161,979,133,161,979,133,161,979,-1
161,131,1032,161,131,1032,161,131,1032,-1
131,151,976,131,151,976,131,151,976,-1
151,127,1029,151,127,1029,151,127,1029,-1
127,150,977,127,150,977,127,150,977,-1
150,132,1045,150,132,1045,150,132,1045,-1
132,161,996,132,161,996,132,161,996,-1
161,132,1074,161,132,1074,161,132,1074,-1
132,258,1121,132,258,1121,132,258,1121,-1
258,310,1105,258,310,1105,258,310,1105,-1
310,307,1112,310,307,1112,310,307,1112,-1
307,300,1129,307,300,1129,307,300,1129,-1
300,289,1104,300,289,1104,300,289,1104,-1
289,258,1083,289,258,1083,289,258,1083,-1
258,128,950,258,128,950,258,128,950,-1
128,160,941,128,160,941,128,160,941,-1
160,156,945,160,156,945,160,156,945,-1
156,146,964,156,146,964,156,146,964,-1
146,166,949,146,166,949,146,166,949,-1
166,140,984,166,140,984,166,140,984,1
140,159,967,140,159,967,140,159,967,-1
159,135,997,159,135,997,159,135,997,-1
135,148,951,135,148,951,135,148,951,-1
148,143,986,148,143,986,148,143,986,-1
143,157,941,143,157,941,143,157,941,-1
157,135,979,157,135,979,157,135,979,-1
135,153,943,135,153,943,135,153,943,-1
153,122,998,153,122,998,153,122,998,-1
122,148,951,122,148,951,122,148,951,-1
148,139,1010,148,139,1010,148,139,1010,-1
139,155,964,139,155,964,139,155,964,1
155,142,1021,155,142,1021,155,142,1021,-1
142,311,976,142,311,976,142,311,976,-1
311,153,988,311,153,988,311,153,988,-1
153,144,1075,153,144,1075,153,144,1075,-1
144,149,1002,144,149,1002,144,149,1002,-1
149,226,1054,149,226,1054,149,226,1054,-1
226,189,926,226,189,926,226,189,926,-1
189,294,1070,189,294,1070,189,294,1070,-1
294,290,1041,294,290,1041,294,290,1041,-1
290,271,1116,290,271,1116,290,271,1116,-1
271,170,983,271,170,983,271,170,983,1
170,137,992,170,137,992,170,137,992,-1
137,163,973,137,163,973,137,163,973,-1
163,139,1002,163,139,1002,163,139,1002,-1
139,155,982,139,155,982,139,155,982,-1
155,135,1012,155,135,1012,155,135,1012,-1
135,159,959,135,159,959,135,159,959,-1
159,139,1005,159,139,1005,159,139,1005,-1
139,155,963,139,155,963,139,155,963,-1
155,130,1015,155,130,1015,155,130,1015,-1
130,147,977,130,147,977,130,147,977,-1
147,130,1024,147,130,1024,147,130,1024,-1
130,151,972,130,151,972,130,151,972,-1
151,139,1016,151,139,1016,151,139,1016,-1
139,149,966,139,149,966,139,149,966,-1
149,148,1031,149,148,1031,149,148,1031,-1
148,164,960,148,164,960,148,164,960,-1
164,143,1007,164,143,1007,164,143,1007,-1
143,157,946,143,157,946,143,157,946,-1
157,141,1026,157,141,1026,157,141,1026,-1
141,171,954,141,171,954,141,171,954,-1
171,196,991,171,196,991,171,196,991,-1
196,192,896,196,192,896,196,192,896,-1
192,288,1098,192,288,1098,192,288,1098,-1
288,296,1026,288,296,1026,288,296,1026,-1
296,274,1124,296,274,1124,296,274,1124,-1
274,137,982,274,137,982,274,137,982,-1
137,175,967,137,175,967,137,175,967,-1
175,158,984,175,158,984,175,158,984,-1
158,141,1015,158,141,1015,158,141,1015,-1
141,147,995,141,147,995,141,147,995,-1
147,142,1030,147,142,1030,147,142,1030,-1
142,152,996,142,152,996,142,152,996,-1
152,148,1046,152,148,1046,152,148,1046,-1
148,146,979,148,146,979,148,146,979,-1
146,135,1037,146,135,1037,146,135,1037,-1
135,142,982,135,142,982,135,142,982,-1
142,132,1030,142,132,1030,142,132,1030,-1
132,155,988,132,155,988,132,155,988,-1
155,132,1038,155,132,1038,155,132,1038,-1
132,167,994,132,167,994,132,167,994,-1
167,139,1060,167,139,1060,167,139,1060,-1
139,168,996,139,168,996,139,168,996,-1
168,135,1045,168,135,1045,168,135,1045,-1
135,160,989,135,160,989,135,160,989,-1
160,133,1050,160,133,1050,160,133,1050,-1
133,160,994,133,160,994,133,160,994,-1
160,140,1062,160,140,1062,160,140,1062,-1
140,165,1001,140,165,1001,140,165,1001,-1
165,208,1054,165,208,1054,165,208,1054,-1
208,154,953,208,154,953,208,154,953,-1
154,295,1100,154,295,1100,154,295,1100,-1
295,315,1134,295,315,1134,295,315,1134,-1
315,312,1134,315,312,1134,315,312,1134,-1
312,270,1104,312,270,1104,312,270,1104,1
270,162,983,270,162,983,270,162,983,-1
162,133,995,162,133,995,162,133,995,-1
133,162,998,133,162,998,133,162,998,-1
162,132,1028,162,132,1028,162,132,1028,-1
132,150,1008,132,150,1008,132,150,1008,-1
150,128,1031,150,128,1031,150,128,1031,-1
128,154,990,128,154,990,128,154,990,-1
154,129,1021,154,129,1021,154,129,1021,-1
129,147,972,129,147,972,129,147,972,-1
147,143,1034,147,143,1034,147,143,1034,-1
143,163,966,143,163,966,143,163,966,-1
163,146,1006,163,146,1006,163,146,1006,-1
146,160,972,146,160,972,146,160,972,-1
160,141,1011,160,141,1011,160,141,1011,-1
141,153,961,141,153,961,141,153,961,-1
153,137,1027,153,137,1027,153,137,1027,-1
137,163,971,137,163,971,137,163,971,-1
163,138,1026,163,138,1026,163,138,1026,-1
138,149,965,138,149,965,138,149,965,-1
149,137,1019,149,137,1019,149,137,1019,-1
137,134,962,137,134,962,137,134,962,-1
134,137,1017,134,137,1017,134,137,1017,-1
137,157,947,137,157,947,137,157,947,-1
157,224,1011,157,224,1011,157,224,1011,-1
224,171,893,224,171,893,224,171,893,-1
171,316,1034,171,316,1034,171,316,1034,-1
316,304,1056,316,304,1056,316,304,1056,-1
304,317,1105,304,317,1105,304,317,1105,-1
317,263,1101,317,263,1101,317,263,1101,-1
263,151,948,263,151,948,263,151,948,-1
151,126,965,151,126,965,151,126,965,-1
126,144,947,126,144,947,126,144,947,-1
144,143,987,144,143,987,144,143,987,-1
143,145,960,143,145,960,143,145,960,-1
145,145,997,145,145,997,145,145,997,-1
145,160,965,145,160,965,145,160,965,-1
160,146,1014,160,146,1014,160,146,1014,-1
146,160,961,146,160,961,146,160,961,-1
160,137,996,160,137,996,160,137,996,-1
137,152,960,137,152,960,137,152,960,-1
152,142,1007,152,142,1007,152,142,1007,-1
142,164,956,142,164,956,142,164,956,-1
164,133,1003,164,133,1003,164,133,1003,-1
133,154,967,133,154,967,133,154,967,-1
154,125,1032,154,125,1032,154,125,1032,-1
125,146,977,125,146,977,125,146,977,-1
146,131,1031,146,131,1031,146,131,1031,-1
131,151,972,131,151,972,131,151,972,-1
151,136,1031,151,136,1031,151,136,1031,-1
136,170,961,136,170,961,136,170,961,-1
170,122,1011,170,122,1011,170,122,1011,-1
122,199,1054,122,199,1054,122,199,1054,-1
199,198,960,199,198,960,199,198,960,-1
198,125,951,198,125,951,198,125,951,-1
125,193,984,125,193,984,125,193,984,-1
193,181,963,193,181,963,193,181,963,-1
181,124,984,181,124,984,181,124,984,-1
124,161,957,124,161,957,124,161,957,-1
161,143,971,161,143,971,161,143,971,-1
143,133,983,143,133,983,143,133,983,-1
133,143,964,133,143,964,133,143,964,-1
143,139,1013,143,139,1013,143,139,1013,-1
139,155,952,139,155,952,139,155,952,-1
155,141,996,155,141,996,155,141,996,-1
141,165,957,141,165,957,141,165,957,-1
165,142,1003,165,142,1003,165,142,1003,-1
142,163,958,142,163,958,142,163,958,-1
163,133,1010,163,133,1010,163,133,1010,-1
133,161,960,133,161,960,133,161,960,-1
161,139,1009,161,139,1009,161,139,1009,-1
139,161,958,139,161,958,139,161,958,-1
161,130,1013,161,130,1013,161,130,1013,-1
130,153,953,130,153,953,130,153,953,-1
153,122,1010,153,122,1010,153,122,1010,-1
122,159,956,122,159,956,122,159,956,-1
159,219,1006,159,219,1006,159,219,1006,-1
219,167,919,219,167,919,219,167,919,-1
167,333,1086,167,333,1086,167,333,1086,-1
333,283,1133,333,283,1133,333,283,1133,-1
283,124,990,283,124,990,283,124,990,-1
124,170,983,124,170,983,124,170,983,-1
170,158,981,170,158,981,170,158,981,-1
158,144,1028,158,144,1028,158,144,1028,-1
144,148,983,144,148,983,144,148,983,-1
148,132,1025,148,132,1025,148,132,1025,-1
132,150,975,132,150,975,132,150,975,-1
150,128,1015,150,128,1015,150,128,1015,-1
128,154,977,128,154,977,128,154,977,-1
154,130,1028,154,130,1028,154,130,1028,-1
130,159,981,130,159,981,130,159,981,-1
159,142,1043,159,142,1043,159,142,1043,-1
142,169,978,142,169,978,142,169,978,-1
169,136,1029,169,136,1029,169,136,1029,-1
136,157,983,136,157,983,136,157,983,-1
157,136,1041,157,136,1041,157,136,1041,-1
136,171,986,136,171,986,136,171,986,-1
171,134,1032,171,134,1032,171,134,1032,-1
134,154,977,134,154,977,134,154,977,-1
154,131,1037,154,131,1037,154,131,1037,-1
131,203,1088,131,203,1088,131,203,1088,-1
203,185,965,203,185,965,203,185,965,-1
185,196,958,185,196,958,185,196,958,-1
196,272,1085,196,272,1085,196,272,1085,-1
272,170,983,272,170,983,272,170,983,-1
170,135,999,170,135,999,170,135,999,-1
135,160,979,135,160,979,135,160,979,-1
160,138,1020,160,138,1020,160,138,1020,-1
138,156,959,138,156,959,138,156,959,-1
156,145,1005,156,145,1005,156,145,1005,-1
145,162,961,145,162,961,145,162,961,-1
162,134,1014,162,134,1014,162,134,1014,-1
134,154,965,134,154,965,134,154,965,-1
154,123,1013,154,123,1013,154,123,1013,-1
123,151,952,123,151,952,123,151,952,-1
151,131,1010,151,131,1010,151,131,1010,-1
131,288,957,131,288,957,131,288,957,-1
288,152,968,288,152,968,288,152,968,-1
152,154,1039,152,154,1039,152,154,1039,-1
154,181,984,154,181,984,154,181,984,-1
181,201,1014,181,201,1014,181,201,1014,-1
201,193,922,201,193,922,201,193,922,-1
193,315,1116,193,315,1116,193,315,1116,-1
315,281,1008,315,281,1008,315,281,1008,-1
281,273,979,281,273,979,281,273,979,-1
273,154,981,273,154,981,273,154,981,-1
154,131,1010,154,131,1010,154,131,1010,-1
131,163,987,131,163,987,131,163,987,-1
163,136,1016,163,136,1016,163,136,1016,-1
136,170,976,136,170,976,136,170,976,-1
170,131,1025,170,131,1025,170,131,1025,-1
131,157,978,131,157,978,131,157,978,-1
157,139,1026,157,139,1026,157,139,1026,-1
139,161,985,139,161,985,139,161,985,-1
161,146,1032,161,146,1032,161,146,1032,-1
146,154,988,146,154,988,146,154,988,-1
154,135,1044,154,135,1044,154,135,1044,-1
135,152,996,135,152,996,135,152,996,-1
152,125,1038,152,125,1038,152,125,1038,-1
125,151,975,125,151,975,125,151,975,-1
151,132,1018,151,132,1018,151,132,1018,-1
132,151,967,132,151,967,132,151,967,-1
151,137,1023,151,137,1023,151,137,1023,-1
137,175,972,137,175,972,137,175,972,-1
175,225,1017,175,225,1017,175,225,1017,-1
225,183,907,225,183,907,225,183,907,-1
183,230,1055,183,230,1055,183,230,1055,1
230,192,993,230,192,993,230,192,993,-1
192,203,967,192,203,967,192,203,967,-1
203,261,1131,203,261,1131,203,261,1131,-1
261,151,987,261,151,987,261,151,987,-1
151,128,1002,151,128,1002,151,128,1002,-1
128,149,985,128,149,985,128,149,985,-1
149,139,1015,149,139,1015,149,139,1015,-1
139,149,1014,139,149,1014,139,149,1014,-1
149,154,1044,149,154,1044,149,154,1044,-1
154,158,984,154,158,984,154,158,984,1
158,143,1023,158,143,1023,158,143,1023,-1
143,157,969,143,157,969,143,157,969,-1
157,139,1005,157,139,1005,157,139,1005,-1
139,161,970,139,161,970,139,161,970,-1
161,145,1015,161,145,1015,161,145,1015,-1
145,149,960,145,149,960,145,149,960,-1
149,135,1025,149,135,1025,149,135,1025,-1
135,141,967,135,141,967,135,141,967,-1
141,130,1030,141,130,1030,141,130,1030,-1
130,281,963,130,281,963,130,281,963,1
281,153,973,281,153,973,281,153,973,-1
153,145,1048,153,145,1048,153,145,1048,-1
145,174,973,145,174,973,145,174,973,-1
174,224,1027,174,224,1027,174,224,1027,-1
224,175,927,224,175,927,224,175,927,-1
175,232,1070,175,232,1070,175,232,1070,-1
232,198,986,232,198,986,232,198,986,-1
198,200,958,198,200,958,198,200,958,-1
200,257,1120,200,257,1120,200,257,1120,-1
257,152,993,257,152,993,257,152,993,-1
152,131,995,152,131,995,152,131,995,-1
131,146,984,131,146,984,131,146,984,-1
146,141,1022,146,141,1022,146,141,1022,-1
141,158,979,141,158,979,141,158,979,-1
158,142,1019,158,142,1019,158,142,1019,-1
142,159,970,142,159,970,142,159,970,-1
159,140,1019,159,140,1019,159,140,1019,-1
140,159,977,140,159,977,140,159,977,-1
159,143,1027,159,143,1027,159,143,1027,-1
143,169,975,143,169,975,143,169,975,-1
169,128,1019,169,128,1019,169,128,1019,-1
128,155,979,128,155,979,128,155,979,-1
155,125,1036,155,125,1036,155,125,1036,-1
125,150,975,125,150,975,125,150,975,-1
150,133,1036,150,133,1036,150,133,1036,-1
133,149,975,133,149,975,133,149,975,-1
149,134,1037,149,134,1037,149,134,1037,-1
134,155,974,134,155,974,134,155,974,-1
155,141,1036,155,141,1036,155,141,1036,-1
141,216,1126,141,216,1126,141,216,1126,-1
216,192,978,216,192,978,216,192,978,-1
192,209,959,192,209,959,192,209,959,-1
209,294,1159,209,294,1159,209,294,1159,-1
294,127,990,294,127,990,294,127,990,-1
127,160,989,127,160,989,127,160,989,-1
160,143,983,160,143,983,160,143,983,-1
143,128,1012,143,128,1012,143,128,1012,-1
128,153,970,128,153,970,128,153,970,-1
153,130,1010,153,130,1010,153,130,1010,-1
130,153,964,130,153,964,130,153,964,-1
153,144,1020,153,144,1020,153,144,1020,-1
144,161,973,144,161,973,144,161,973,-1
161,138,1026,161,138,1026,161,138,1026,-1
138,157,980,138,157,980,138,157,980,-1
157,137,1045,157,137,1045,157,137,1045,-1
137,168,978,137,168,978,137,168,978,-1
168,143,1028,168,143,1028,168,143,1028,-1
143,157,975,143,157,975,143,157,975,-1
157,137,1036,157,137,1036,157,137,1036,-1
137,140,964,137,140,964,137,140,964,-1
140,130,1001,140,130,1001,140,130,1001,1
130,206,1031,130,206,1031,130,206,1031,-1
206,182,940,206,182,940,206,182,940,-1
182,182,930,182,182,930,182,182,930,-1
182,137,961,182,137,961,182,137,961,-1
137,163,943,137,163,943,137,163,943,-1
163,163,970,163,163,970,163,163,970,-1
163,134,994,163,134,994,163,134,994,-1
134,160,989,134,160,989,134,160,989,-1
160,145,1016,160,145,1016,160,145,1016,1
145,167,964,145,167,964,145,167,964,-1
167,133,1018,167,133,1018,167,133,1018,-1
133,155,972,133,155,972,133,155,972,-1
155,125,1020,155,125,1020,155,125,1020,-1
125,151,968,125,151,968,125,151,968,-1
151,133,1022,151,133,1022,151,133,1022,-1
133,149,970,133,149,970,133,149,970,-1
149,135,1031,149,135,1031,149,135,1031,-1
135,159,974,135,159,974,135,159,974,-1
159,139,1024,159,139,1024,159,139,1024,1
139,157,966,139,157,966,139,157,966,-1
157,142,1042,157,142,1042,157,142,1042,-1
142,154,969,142,154,969,142,154,969,-1
154,127,1029,154,127,1029,154,127,1029,-1
127,232,1064,127,232,1064,127,232,1064,-1
232,188,973,232,188,973,232,188,973,-1
188,184,949,188,184,949,188,184,949,-1
184,131,984,184,131,984,184,131,984,-1
131,145,961,131,145,961,131,145,961,1
145,153,978,145,153,978,145,153,978,-1
153,128,1008,153,128,1008,153,128,1008,-1
128,159,1000,128,159,1000,128,159,1000,-1
159,137,1023,159,137,1023,159,137,1023,-1
137,158,971,137,158,971,137,158,971,-1
158,143,1036,158,143,1036,158,143,1036,-1
143,157,975,143,157,975,143,157,975,-1
157,137,1031,157,137,1031,157,137,1031,-1
137,163,971,137,163,971,137,163,971,-1
163,151,1021,163,151,1021,163,151,1021,-1
151,160,967,151,160,967,151,160,967,-1
160,134,1015,160,134,1015,160,134,1015,-1
134,143,964,134,143,964,134,143,964,-1
143,131,1029,143,131,1029,143,131,1029,-1
131,157,939,131,157,939,131,157,939,-1
157,125,1014,157,125,1014,157,125,1014,-1
125,150,979,125,150,979,125,150,979,-1
150,225,1031,150,225,1031,150,225,1031,-1
225,197,934,225,197,934,225,197,934,-1
197,295,1095,197,295,1095,197,295,1095,-1
295,139,980,295,139,980,295,139,980,-1
139,165,961,139,165,961,139,165,961,-1
165,168,976,165,168,976,165,168,976,-1
168,133,998,168,133,998,168,133,998,-1
133,154,980,133,154,980,133,154,980,-1
154,128,1015,154,128,1015,154,128,1015,-1
128,149,972,128,149,972,128,149,972,-1
149,134,1020,149,134,1020,149,134,1020,-1
134,147,974,134,147,974,134,147,974,-1
147,137,1010,147,137,1010,147,137,1010,-1
137,157,971,137,157,971,137,157,971,-1
157,142,1025,157,142,1025,157,142,1025,-1
142,152,978,142,152,978,142,152,978,-1
152,144,1034,152,144,1034,152,144,1034,-1
144,156,976,144,156,976,144,156,976,-1
156,140,1037,156,140,1037,156,140,1037,-1
140,166,975,140,166,975,140,166,975,-1
166,145,1022,166,145,1022,166,145,1022,-1
145,163,975,145,163,975,145,163,975,-1
163,125,1034,163,125,1034,163,125,1034,-1
125,248,1062,125,248,1062,125,248,1062,-1
248,306,1083,248,306,1083,248,306,1083,-1
306,276,1161,306,276,1161,306,276,1161,-1
276,136,994,276,136,994,276,136,994,-1
136,160,977,136,160,977,136,160,977,-1
160,157,978,160,157,978,160,157,978,-1
157,139,1008,157,139,1008,157,139,1008,-1
139,161,984,139,161,984,139,161,984,-1
161,146,1009,161,146,1009,161,146,1009,-1
146,159,965,146,159,965,146,159,965,-1
159,144,1028,159,144,1028,159,144,1028,-1
144,156,973,144,156,973,144,156,973,-1
156,123,1017,156,123,1017,156,123,1017,-1
123,148,974,123,148,974,123,148,974,-1
148,135,1028,148,135,1028,148,135,1028,-1
135,147,979,135,147,979,135,147,979,-1
147,138,1023,147,138,1023,147,138,1023,-1
138,297,968,138,297,968,138,297,968,-1
297,164,960,297,164,960,297,164,960,1
164,130,1024,164,130,1024,164,130,1024,-1
130,158,970,130,158,970,130,158,970,-1
158,145,1018,158,145,1018,158,145,1018,-1
145,231,1246,145,231,1246,145,231,1246,-1
231,186,972,231,186,972,231,186,972,-1
186,197,957,186,197,957,186,197,957,-1
197,258,1106,197,258,1106,197,258,1106,-1
258,149,987,258,149,987,258,149,987,-1
149,134,1027,149,134,1027,149,134,1027,-1
134,152,988,134,152,988,134,152,988,1
152,140,1016,152,140,1016,152,140,1016,-1
140,154,971,140,154,971,140,154,971,-1
154,141,1018,154,141,1018,154,141,1018,-1
141,153,979,141,153,979,141,153,979,-1
153,143,1019,153,143,1019,153,143,1019,-1
143,164,965,143,164,965,143,164,965,-1
164,149,1023,164,149,1023,164,149,1023,-1
149,157,965,149,157,965,149,157,965,-1
157,137,1015,157,137,1015,157,137,1015,-1
137,145,957,137,145,957,137,145,957,-1
145,131,1031,145,131,1031,145,131,1031,-1
131,156,954,131,156,954,131,156,954,-1
156,122,1014,156,122,1014,156,122,1014,-1
122,222,1042,122,222,1042,122,222,1042,-1
222,188,958,222,188,958,222,188,958,-1
188,178,934,188,178,934,188,178,934,-1
178,133,971,178,133,971,178,133,971,-1
133,163,965,133,163,965,133,163,965,-1
163,159,970,163,159,970,163,159,970,-1
159,151,1005,159,151,1005,159,151,1005,-1
151,161,957,151,161,957,151,161,957,-1
161,138,1015,161,138,1015,161,138,1015,-1
138,150,957,138,150,957,138,150,957,-1
150,133,1007,150,133,1007,150,133,1007,-1
133,147,967,133,147,967,133,147,967,-1
147,133,1016,147,133,1016,147,133,1016,-1
133,151,960,133,151,960,133,151,960,-1
151,130,1015,151,130,1015,151,130,1015,-1
130,152,955,130,152,955,130,152,955,-1
152,145,1025,152,145,1025,152,145,1025,-1
145,154,961,145,154,961,145,154,961,-1
154,143,1024,154,143,1024,154,143,1024,-1
143,259,1076,143,259,1076,143,259,1076,-1
259,321,1053,259,321,1053,259,321,1053,-1
321,160,1000,321,160,1000,321,160,1000,-1
160,127,1030,160,127,1030,160,127,1030,-1
127,149,970,127,149,970,127,149,970,-1
149,131,1026,149,131,1026,149,131,1026,-1
131,150,970,131,150,970,131,150,970,-1
150,133,1025,150,133,1025,150,133,1025,-1
133,155,971,133,155,971,133,155,971,-1
155,139,1017,155,139,1017,155,139,1017,-1
139,150,971,139,150,971,139,150,971,-1
150,141,1030,150,141,1030,150,141,1030,-1
141,153,967,141,153,967,141,153,967,-1
153,142,1020,153,142,1020,153,142,1020,-1
142,187,967,142,187,967,142,187,967,-1
187,127,1019,187,127,1019,187,127,1019,-1
127,212,1088,127,212,1088,127,212,1088,-1
212,175,975,212,175,975,212,175,975,-1
175,198,948,175,198,948,175,198,948,-1
198,265,1106,198,265,1106,198,265,1106,-1
265,162,972,265,162,972,265,162,972,-1
162,128,990,162,128,990,162,128,990,-1
128,161,983,128,161,983,128,161,983,-1
161,132,1013,161,132,1013,161,132,1013,-1
132,157,968,132,157,968,132,157,968,-1
157,136,1009,157,136,1009,157,136,1009,-1
136,169,969,136,169,969,136,169,969,1
169,142,1000,169,142,1000,169,142,1000,-1
142,170,967,142,170,967,142,170,967,-1
170,134,1018,170,134,1018,170,134,1018,-1
134,155,958,134,155,958,134,155,958,-1
155,130,1006,155,130,1006,155,130,1006,-1
130,282,952,130,282,952,130,282,952,-1
282,151,947,282,151,947,282,151,947,-1
151,132,1023,151,132,1023,151,132,1023,-1
132,163,957,132,163,957,132,163,957,-1
163,123,1010,163,123,1010,163,123,1010,1
123,210,1068,123,210,1068,123,210,1068,-1
210,184,945,210,184,945,210,184,945,-1
184,134,929,184,134,929,184,134,929,-1
134,210,956,134,210,956,134,210,956,-1
210,168,934,210,168,934,210,168,934,-1
168,164,963,168,164,963,168,164,963,-1
164,124,971,164,124,971,164,124,971,-1
124,152,959,124,152,959,124,152,959,-1
152,133,987,152,133,987,152,133,987,1
133,149,956,133,149,956,133,149,956,-1
149,132,1003,149,132,1003,149,132,1003,-1
132,155,950,132,155,950,132,155,950,-1
155,139,992,155,139,992,155,139,992,-1
139,150,957,139,150,957,139,150,957,-1
150,139,1003,150,139,1003,150,139,1003,-1
139,155,961,139,155,961,139,155,961,-1
155,138,1022,155,138,1022,155,138,1022,-1
138,174,965,138,174,965,138,174,965,-1
174,144,1022,174,144,1022,174,144,1022,-1
144,296,961,144,296,961,144,296,961,-1
296,142,967,296,142,967,296,142,967,-1
142,136,1036,142,136,1036,142,136,1036,-1
136,171,970,136,171,970,136,171,970,-1
171,193,1014,171,193,1014,171,193,1014,-1
193,186,906,193,186,906,193,186,906,-1
186,217,1076,186,217,1076,186,217,1076,-1
217,191,969,217,191,969,217,191,969,-1
191,196,945,191,196,945,191,196,945,-1
196,289,1123,196,289,1123,196,289,1123,-1
289,166,969,289,166,969,289,166,969,-1
166,134,984,166,134,984,166,134,984,-1
134,149,961,134,149,961,134,149,961,-1
149,138,991,149,138,991,149,138,991,-1
138,150,958,138,150,958,138,150,958,-1
150,133,989,150,133,989,150,133,989,-1
133,143,940,133,143,940,133,143,940,-1
143,138,995,143,138,995,143,138,995,-1
138,155,941,138,155,941,138,155,941,-1
155,136,990,155,136,990,155,136,990,-1
136,158,943,136,158,943,136,158,943,-1
158,135,995,158,135,995,158,135,995,-1
135,160,955,135,160,955,135,160,955,-1
160,143,1016,160,143,1016,160,143,1016,-1
143,174,962,143,174,962,143,174,962,-1
174,134,1002,174,134,1002,174,134,1002,-1
134,161,957,134,161,957,134,161,957,-1
161,130,1018,161,130,1018,161,130,1018,-1
130,174,958,130,174,958,130,174,958,-1
174,197,994,174,197,994,174,197,994,-1
197,185,911,197,185,911,197,185,911,-1
185,315,1103,185,315,1103,185,315,1103,-1
315,266,1100,315,266,1100,315,266,1100,-1
266,154,959,266,154,959,266,154,959,-1
154,140,978,154,140,978,154,140,978,-1
140,160,970,140,160,970,140,160,970,-1
160,153,1013,160,153,1013,160,153,1013,-1
153,159,965,153,159,965,153,159,965,-1
159,138,1005,159,138,1005,159,138,1005,-1
138,150,968,138,150,968,138,150,968,-1
150,130,1007,150,130,1007,150,130,1007,-1
130,158,966,130,158,966,130,158,966,-1
158,125,1003,158,125,1003,158,125,1003,-1
125,157,958,125,157,958,125,157,958,-1
157,130,1003,157,130,1003,157,130,1003,-1
130,156,958,130,156,958,130,156,958,-1
156,132,1027,156,132,1027,156,132,1027,1
132,157,962,132,157,962,132,157,962,-1
157,134,1011,157,134,1011,157,134,1011,-1
134,228,1065,134,228,1065,134,228,1065,-1
228,194,968,228,194,968,228,194,968,-1
194,219,938,194,219,938,194,219,938,-1
219,262,1093,219,262,1093,219,262,1093,-1
262,151,978,262,151,978,262,151,978,-1
151,134,1011,151,134,1011,151,134,1011,-1
134,148,972,134,148,972,134,148,972,1
148,136,1010,148,136,1010,148,136,1010,-1
136,158,972,136,158,972,136,158,972,-1
158,128,1016,158,128,1016,158,128,1016,-1
128,160,984,128,160,984,128,160,984,-1
160,128,1021,160,128,1021,160,128,1021,-1
128,161,972,128,161,972,128,161,972,-1
161,142,1021,161,142,1021,161,142,1021,-1
142,169,969,142,169,969,142,169,969,-1
169,139,1024,169,139,1024,169,139,1024,-1
139,157,958,139,157,958,139,157,958,-1
157,137,1027,157,137,1027,157,137,1027,-1
137,288,1048,137,288,1048,137,288,1048,-1
288,283,1071,288,283,1071,288,283,1071,-1
283,128,993,283,128,993,283,128,993,-1
128,165,986,128,165,986,128,165,986,-1
165,149,990,165,149,990,165,149,990,-1
149,137,1022,149,137,1022,149,137,1022,-1
137,151,972,137,151,972,137,151,972,-1
151,140,1015,151,140,1015,151,140,1015,1
140,172,966,140,172,966,140,172,966,-1
172,145,1012,172,145,1012,172,145,1012,-1
145,161,964,145,161,964,145,161,964,-1
161,139,1025,161,139,1025,161,139,1025,-1
139,155,967,139,155,967,139,155,967,-1
155,125,1015,155,125,1015,155,125,1015,-1
125,156,973,125,156,973,125,156,973,-1
156,127,1042,156,127,1042,156,127,1042,-1
127,156,978,127,156,978,127,156,978,-1
156,136,1042,156,136,1042,156,136,1042,-1
136,208,1087,136,208,1087,136,208,1087,-1
208,193,973,208,193,973,208,193,973,-1
193,170,953,193,170,953,193,170,953,-1
170,169,973,170,169,973,170,169,973,-1
169,146,973,169,146,973,169,146,973,-1
146,160,976,146,160,976,146,160,976,-1
160,144,1018,160,144,1018,160,144,1018,-1
144,155,964,144,155,964,144,155,964,-1
155,135,1015,155,135,1015,155,135,1015,-1
135,154,972,135,154,972,135,154,972,-1
154,131,1019,154,131,1019,154,131,1019,-1
131,145,972,131,145,972,131,145,972,-1
145,137,1029,145,137,1029,145,137,1029,-1
137,157,978,137,157,978,137,157,978,-1
157,131,1033,157,131,1033,157,131,1033,-1
131,154,978,131,154,978,131,154,978,-1
154,131,1057,154,131,1057,154,131,1057,-1
131,160,972,131,160,972,131,160,972,-1
160,143,1019,160,143,1019,160,143,1019,-1
143,124,1110,143,124,1110,143,124,1110,-1
124,186,948,124,186,948,124,186,948,-1
186,131,996,186,131,996,186,131,996,-1
131,159,966,131,159,966,131,159,966,-1
159,157,979,159,157,979,159,157,979,-1
157,132,1010,157,132,1010,157,132,1010,-1
132,150,984,132,150,984,132,150,984,-1
150,133,1023,150,133,1023,150,133,1023,-1
133,149,980,133,149,980,133,149,980,-1
149,140,1024,149,140,1024,149,140,1024,-1
140,149,985,140,149,985,140,149,985,-1
149,136,1033,149,136,1033,149,136,1033,-1
136,157,978,136,157,978,136,157,978,-1
157,135,1043,157,135,1043,157,135,1043,-1
135,171,985,135,171,985,135,171,985,-1
171,144,1030,171,144,1030,171,144,1030,-1
144,156,983,144,156,983,144,156,983,-1
156,143,1044,156,143,1044,156,143,1044,-1
143,175,979,143,175,979,143,175,979,-1
175,213,1016,175,213,1016,175,213,1016,1
213,175,940,213,175,940,213,175,940,-1
175,312,1079,175,312,1079,175,312,1079,-1
312,270,1137,312,270,1137,312,270,1137,-1
270,152,987,270,152,987,270,152,987,-1
152,132,1013,152,132,1013,152,132,1013,-1
132,168,998,132,168,998,132,168,998,-1
168,145,1009,168,145,1009,168,145,1009,-1
145,166,975,145,166,975,145,166,975,-1
166,140,1004,166,140,1004,166,140,1004,1
140,149,961,140,149,961,140,149,961,-1
149,137,1000,149,137,1000,149,137,1000,-1
137,156,967,137,156,967,137,156,967,-1
156,128,1028,156,128,1028,156,128,1028,-1
128,160,972,128,160,972,128,160,972,-1
160,123,1003,160,123,1003,160,123,1003,-1
123,154,964,123,154,964,123,154,964,-1
154,132,1025,154,132,1025,154,132,1025,-1
132,173,960,132,173,960,132,173,960,-1
173,196,1005,173,196,1005,173,196,1005,1
196,133,910,196,133,910,196,133,910,-1
133,196,960,133,196,960,133,196,960,-1
196,210,941,196,210,941,196,210,941,-1
210,266,1101,210,266,1101,210,266,1101,-1
266,156,966,266,156,966,266,156,966,-1
156,138,999,156,138,999,156,138,999,-1
138,146,968,138,146,968,138,146,968,-1
146,137,1006,146,137,1006,146,137,1006,-1
137,151,946,137,151,946,137,151,946,1
151,138,993,151,138,993,151,138,993,-1
138,149,953,138,149,953,138,149,953,-1
149,131,1005,149,131,1005,149,131,1005,-1
131,152,959,131,152,959,131,152,959,-1
152,138,1018,152,138,1018,152,138,1018,-1
138,173,975,138,173,975,138,173,975,-1
173,140,1029,173,140,1029,173,140,1029,-1
140,160,968,140,160,968,140,160,968,-1
160,137,1029,160,137,1029,160,137,1029,-1
137,151,960,137,151,960,137,151,960,-1
151,232,1013,151,232,1013,151,232,1013,-1
232,185,919,232,185,919,232,185,919,-1
185,288,1025,185,288,1025,185,288,1025,-1
288,153,976,288,153,976,288,153,976,-1
153,131,987,153,131,987,153,131,987,-1
131,145,976,131,145,976,131,145,976,-1
145,138,1012,145,138,1012,145,138,1012,-1
138,162,956,138,162,956,138,162,956,-1
162,150,999,162,150,999,162,150,999,-1
150,162,962,150,162,962,150,162,962,-1
162,144,1011,162,144,1011,162,144,1011,-1
144,155,967,144,155,967,144,155,967,-1
155,135,1014,155,135,1014,155,135,1014,-1
135,286,971,135,286,971,135,286,971,-1
286,150,967,286,150,967,286,150,967,-1
150,137,1034,150,137,1034,150,137,1034,-1
137,157,968,137,157,968,137,157,968,-1
157,122,1027,157,122,1027,157,122,1027,-1
122,287,1086,122,287,1086,122,287,1086,-1
287,303,974,287,303,974,287,303,974,-1
303,175,967,303,175,967,303,175,967,-1
175,134,976,175,134,976,175,134,976,-1
134,160,975,134,160,975,134,160,975,-1
160,133,1003,160,133,1003,160,133,1003,-1
133,156,958,133,156,958,133,156,958,-1
156,138,998,156,138,998,156,138,998,-1
138,149,950,138,149,950,138,149,950,-1
149,136,990,149,136,990,149,136,990,-1
136,152,949,136,152,949,136,152,949,-1
152,135,998,152,135,998,152,135,998,-1
135,142,952,135,142,952,135,142,952,-1
142,139,1018,142,139,1018,142,139,1018,-1
139,143,955,139,143,955,139,143,955,-1
143,150,1018,143,150,1018,143,150,1018,-1
150,122,1032,150,122,1032,150,122,1032,-1
122,196,921,122,196,921,122,196,921,-1
196,286,1105,196,286,1105,196,286,1105,-1
286,164,974,286,164,974,286,164,974,-1
164,131,993,164,131,993,164,131,993,-1
131,151,970,131,151,970,131,151,970,-1
151,133,1020,151,133,1020,151,133,1020,-1
133,155,965,133,155,965,133,155,965,-1
155,137,1007,155,137,1007,155,137,1007,-1
137,150,961,137,150,961,137,150,961,-1
150,133,1017,150,133,1017,150,133,1017,-1
133,149,963,133,149,963,133,149,963,-1
149,133,1024,149,133,1024,149,133,1024,1
133,162,972,133,162,972,133,162,972,-1
162,150,1040,162,150,1040,162,150,1040,-1
150,161,970,150,161,970,150,161,970,-1
161,143,1028,161,143,1028,161,143,1028,-1
143,288,1023,143,288,1023,143,288,1023,-1
288,136,985,288,136,985,288,136,985,-1
136,154,978,136,154,978,136,154,978,-1
154,156,999,154,156,999,154,156,999,-1
156,133,1020,156,133,1020,156,133,1020,-1
133,160,973,133,160,973,133,160,973,1
160,126,1008,160,126,1008,160,126,1008,-1
126,155,970,126,155,970,126,155,970,-1
155,126,1025,155,126,1025,155,126,1025,-1
126,163,965,126,163,965,126,163,965,-1
163,139,1021,163,139,1021,163,139,1021,-1
139,162,970,139,162,970,139,162,970,-1
162,145,1040,162,145,1040,162,145,1040,-1
145,155,971,145,155,971,145,155,971,-1
155,142,1026,155,142,1026,155,142,1026,-1
142,215,1035,142,215,1035,142,215,1035,1
215,191,971,215,191,971,215,191,971,-1
191,170,957,191,170,957,191,170,957,-1
170,157,982,170,157,982,170,157,982,-1
157,132,1006,157,132,1006,157,132,1006,-1
132,145,969,132,145,969,132,145,969,-1
145,134,1012,145,134,1012,145,134,1012,-1
134,153,964,134,153,964,134,153,964,-1
153,136,1000,153,136,1000,153,136,1000,-1
136,171,957,136,171,957,136,171,957,-1
171,138,1008,171,138,1008,171,138,1008,-1
138,168,942,138,168,942,138,168,942,-1
168,127,988,168,127,988,168,127,988,-1
127,155,940,127,155,940,127,155,940,-1
155,145,1021,155,145,1021,155,145,1021,-1
145,155,946,145,155,946,145,155,946,-1
155,129,1013,155,129,1013,155,129,1013,-1
129,221,1086,129,221,1086,129,221,1086,-1
221,186,939,221,186,939,221,186,939,-1
186,171,925,186,171,925,186,171,925,-1
171,150,960,171,150,960,171,150,960,-1
150,132,966,150,132,966,150,132,966,-1
132,162,972,132,162,972,132,162,972,-1
162,147,1012,162,147,1012,162,147,1012,-1
147,159,953,147,159,953,147,159,953,-1
159,143,986,159,143,986,159,143,986,-1
143,157,944,143,157,944,143,157,944,-1
157,135,993,157,135,993,157,135,993,-1
135,160,950,135,160,950,135,160,950,-1
160,129,1021,160,129,1021,160,129,1021,-1
129,159,957,129,159,957,129,159,957,-1
159,133,1012,159,133,1012,159,133,1012,-1
133,179,948,133,179,948,133,179,948,-1
179,201,982,179,201,982,179,201,982,-1
201,178,907,201,178,907,201,178,907,-1
178,304,1062,178,304,1062,178,304,1062,-1
304,141,962,304,141,962,304,141,962,-1
141,167,944,141,167,944,141,167,944,-1
167,155,962,167,155,962,167,155,962,-1
155,138,1005,155,138,1005,155,138,1005,-1
138,160,948,138,160,948,138,160,948,-1
160,139,987,160,139,987,160,139,987,-1
139,156,941,139,156,941,139,156,941,-1
156,131,980,156,131,980,156,131,980,-1
131,157,944,131,157,944,131,157,944,-1
157,130,1001,157,130,1001,157,130,1001,-1
130,152,952,130,152,952,130,152,952,-1
152,126,1017,152,126,1017,152,126,1017,-1
126,157,958,126,157,958,126,157,958,-1
157,134,1018,157,134,1018,157,134,1018,-1
134,171,958,134,171,958,134,171,958,-1
171,131,1002,171,131,1002,171,131,1002,-1
131,238,1058,131,238,1058,131,238,1058,-1
238,192,950,238,192,950,238,192,950,-1
192,168,939,192,168,939,192,168,939,-1
168,159,969,168,159,969,168,159,969,-1
159,133,990,159,133,990,159,133,990,-1
133,149,980,133,149,980,133,149,980,-1
149,142,1017,149,142,1017,149,142,1017,-1
142,147,969,142,147,969,142,147,969,-1
147,131,1021,147,131,1021,147,131,1021,-1
131,150,967,131,150,967,131,150,967,1
150,131,1013,150,131,1013,150,131,1013,-1
131,163,976,131,163,976,131,163,976,-1
163,147,1031,163,147,1031,163,147,1031,-1
147,301,973,147,301,973,147,301,973,-1
301,170,973,301,170,973,301,170,973,-1
170,226,1014,170,226,1014,170,226,1014,-1
226,187,923,226,187,923,226,187,923,-1
187,318,1063,187,318,1063,187,318,1063,-1
318,260,1108,318,260,1108,318,260,1108,-1
260,150,967,260,150,967,260,150,967,1
150,129,1012,150,129,1012,150,129,1012,-1
129,158,961,129,158,961,129,158,961,-1
158,141,1002,158,141,1002,158,141,1002,-1
141,160,964,141,160,964,141,160,964,-1
160,145,1007,160,145,1007,160,145,1007,-1
145,160,967,145,160,967,145,160,967,-1
160,136,1011,160,136,1011,160,136,1011,-1
136,157,973,136,157,973,136,157,973,-1
157,138,1021,157,138,1021,157,138,1021,-1
138,157,978,138,157,978,138,157,978,-1
157,131,1049,157,131,1049,157,131,1049,-1
131,163,986,131,163,986,131,163,986,-1
163,126,1042,163,126,1042,163,126,1042,-1
126,277,994,126,277,994,126,277,994,-1
277,122,992,277,122,992,277,122,992,-1
122,171,970,122,171,970,122,171,970,-1
171,167,995,171,167,995,171,167,995,-1
167,137,1029,167,137,1029,167,137,1029,-1
137,170,982,137,170,982,137,170,982,-1
170,126,1024,170,126,1024,170,126,1024,-1
126,162,979,126,162,979,126,162,979,-1
162,138,1023,162,138,1023,162,138,1023,-1
138,156,980,138,156,980,138,156,980,-1
156,137,1030,156,137,1030,156,137,1030,-1
137,150,981,137,150,981,137,150,981,-1
150,140,1040,150,140,1040,150,140,1040,-1
140,143,976,140,143,976,140,143,976,-1
143,137,1036,143,137,1036,143,137,1036,-1
137,213,999,137,213,999,137,213,999,-1
213,193,976,213,193,976,213,193,976,-1
193,176,955,193,176,955,193,176,955,-1
176,156,989,176,156,989,176,156,989,-1
156,142,1032,156,142,1032,156,142,1032,-1
142,158,982,142,158,982,142,158,982,-1
158,137,1031,158,137,1031,158,137,1031,-1
137,164,982,137,164,982,137,164,982,-1
164,132,1031,164,132,1031,164,132,1031,-1
132,161,974,132,161,974,132,161,974,-1
161,135,1023,161,135,1023,161,135,1023,-1
135,147,970,135,147,970,135,147,970,-1
147,134,1028,147,134,1028,147,134,1028,-1
134,148,961,134,148,961,134,148,961,-1
148,144,1014,148,144,1014,148,144,1014,-1
144,217,1103,144,217,1103,144,217,1103,-1
217,193,965,217,193,965,217,193,965,-1
193,178,942,193,178,942,193,178,942,-1
178,156,975,178,156,975,178,156,975,-1
156,138,1019,156,138,1019,156,138,1019,-1
138,163,969,138,163,969,138,163,969,-1
163,133,1016,163,133,1016,163,133,1016,-1
133,166,967,133,166,967,133,166,967,-1
166,129,1002,166,129,1002,166,129,1002,-1
129,159,959,129,159,959,129,159,959,-1
159,128,1012,159,128,1012,159,128,1012,-1
128,148,962,128,148,962,128,148,962,-1
148,128,1037,148,128,1037,148,128,1037,-1
128,154,968,128,154,968,128,154,968,-1
154,151,1028,154,151,1028,154,151,1028,-1
151,305,1129,151,305,1129,151,305,1129,-1
305,280,1125,305,280,1125,305,280,1125,-1
280,158,984,280,158,984,280,158,984,1
158,142,1017,158,142,1017,158,142,1017,-1
142,152,977,142,152,977,142,152,977,-1
152,141,1034,152,141,1034,152,141,1034,-1
141,159,985,141,159,985,141,159,985,-1
159,134,1030,159,134,1030,159,134,1030,-1
134,148,979,134,148,979,134,148,979,-1
148,127,1030,148,127,1030,148,127,1030,-1
127,143,973,127,143,973,127,143,973,-1
143,143,1037,143,143,1037,143,143,1037,1
143,163,975,143,163,975,143,163,975,-1
163,141,1039,163,141,1039,163,141,1039,-1
141,314,1011,141,314,1011,141,314,1011,-1
314,278,1118,314,278,1118,314,278,1118,-1
278,155,997,278,155,997,278,155,997,-1
155,141,1033,155,141,1033,155,141,1033,-1
141,159,978,141,159,978,141,159,978,-1
159,136,1019,159,136,1019,159,136,1019,-1
136,152,976,136,152,976,136,152,976,-1
152,128,1016,152,128,1016,152,128,1016,1
128,148,978,128,148,978,128,148,978,1
148,128,1016,148,128,1016,148,128,1016,-1
128,301,966,128,301,966,128,301,966,-1
301,175,960,301,175,960,301,175,960,-1
175,123,1005,175,123,1005,175,123,1005,-1
123,217,1077,123,217,1077,123,217,1077,-1
217,198,971,217,198,971,217,198,971,-1
198,174,956,198,174,956,198,174,956,-1
174,133,995,174,133,995,174,133,995,-1
133,159,982,133,159,982,133,159,982,-1
159,287,1319,159,287,1319,159,287,1319,1
287,157,977,287,157,977,287,157,977,-1
157,121,1019,157,121,1019,157,121,1019,-1
121,155,966,121,155,966,121,155,966,-1
155,139,1008,155,139,1008,155,139,1008,-1
139,297,961,139,297,961,139,297,961,-1
297,182,964,297,182,964,297,182,964,-1
182,218,1001,182,218,1001,182,218,1001,-1
218,192,927,218,192,927,218,192,927,-1
192,326,1062,192,326,1062,192,326,1062,-1
326,266,1091,326,266,1091,326,266,1091,-1
266,155,985,266,155,985,266,155,985,-1
155,123,999,155,123,999,155,123,999,-1
123,147,958,123,147,958,123,147,958,-1
147,136,1001,147,136,1001,147,136,1001,-1
136,164,961,136,164,961,136,164,961,-1
164,135,1001,164,135,1001,164,135,1001,-1
135,165,944,135,165,944,135,165,944,-1
165,129,984,165,129,984,165,129,984,-1
129,164,947,129,164,947,129,164,947,-1
164,136,1003,164,136,1003,164,136,1003,-1
136,171,964,136,171,964,136,171,964,-1
171,128,1025,171,128,1025,171,128,1025,-1
128,216,1269,128,216,1269,128,216,1269,-1
216,186,966,216,186,966,216,186,966,-1
186,197,950,186,197,950,186,197,950,-1
197,256,1093,197,256,1093,197,256,1093,-1
256,157,979,256,157,979,256,157,979,-1
157,141,1020,157,141,1020,157,141,1020,-1
141,153,958,141,153,958,141,153,958,-1
153,142,993,153,142,993,153,142,993,-1
142,152,958,142,152,958,142,152,958,-1
152,144,996,152,144,996,152,144,996,-1
144,174,951,144,174,951,144,174,951,-1
174,124,1001,174,124,1001,174,124,1001,-1
124,164,973,124,164,973,124,164,973,-1
164,136,1030,164,136,1030,164,136,1030,-1
136,164,976,136,164,976,136,164,976,-1
164,121,1020,164,121,1020,164,121,1020,-1
121,155,969,121,155,969,121,155,969,-1
155,124,1008,155,124,1008,155,124,1008,-1
124,226,1073,124,226,1073,124,226,1073,-1
226,192,962,226,192,962,226,192,962,-1
192,172,939,192,172,939,192,172,939,-1
172,156,974,172,156,974,172,156,974,-1
156,140,1001,156,140,1001,156,140,1001,-1
140,155,961,140,155,961,140,155,961,-1
155,147,1003,155,147,1003,155,147,1003,-1
147,158,957,147,158,957,147,158,957,1
158,142,999,158,142,999,158,142,999,-1
142,163,961,142,163,961,142,163,961,-1
163,128,1020,163,128,1020,163,128,1020,-1
128,155,967,128,155,967,128,155,967,-1
155,122,1006,155,122,1006,155,122,1006,-1
122,159,963,122,159,963,122,159,963,-1
159,127,1014,159,127,1014,159,127,1014,-1
127,163,966,127,163,966,127,163,966,-1
163,131,1018,163,131,1018,163,131,1018,1
131,314,1075,131,314,1075,131,314,1075,-1
314,285,1112,314,285,1112,314,285,1112,-1
285,156,958,285,156,958,285,156,958,-1
156,141,989,156,141,989,156,141,989,-1
141,161,950,141,161,950,141,161,950,-1
161,140,996,161,140,996,161,140,996,-1
140,152,963,140,152,963,140,152,963,-1
152,127,1002,152,127,1002,152,127,1002,-1
127,144,958,127,144,958,127,144,958,-1
144,132,1010,144,132,1010,144,132,1010,1
132,302,960,132,302,960,132,302,960,-1
302,173,974,302,173,974,302,173,974,-1
173,123,1023,173,123,1023,173,123,1023,-1
123,293,1048,123,293,1048,123,293,1048,-1
293,299,1031,293,299,1031,293,299,1031,-1
299,166,972,299,166,972,299,166,972,-1
166,136,974,166,136,974,166,136,974,-1
136,157,978,136,157,978,136,157,978,-1
157,126,1005,157,126,1005,157,126,1005,-1
126,151,957,126,151,957,126,151,957,1
151,125,1007,151,125,1007,151,125,1007,-1
125,157,958,125,157,958,125,157,958,-1
157,139,1017,157,139,1017,157,139,1017,-1
139,294,969,139,294,969,139,294,969,-1
294,162,974,294,162,974,294,162,974,-1
162,132,1027,162,132,1027,162,132,1027,-1
132,161,977,132,161,977,132,161,977,-1
161,137,1030,161,137,1030,161,137,1030,-1
137,123,985,137,123,985,137,123,985,-1
123,176,952,123,176,952,123,176,952,-1
176,164,993,176,164,993,176,164,993,-1
164,131,1007,164,131,1007,164,131,1007,-1
131,151,999,131,151,999,131,151,999,-1
151,128,1032,151,128,1032,151,128,1032,-1
128,148,983,128,148,983,128,148,983,-1
148,137,1025,148,137,1025,148,137,1025,-1
137,164,974,137,164,974,137,164,974,-1
164,131,1032,164,131,1032,164,131,1032,-1
131,293,982,131,293,982,131,293,982,-1
293,180,985,293,180,985,293,180,985,-1
180,124,1018,180,124,1018,180,124,1018,-1
124,301,1085,124,301,1085,124,301,1085,-1
301,298,1072,301,298,1072,301,298,1072,-1
298,154,979,298,154,979,298,154,979,-1
154,125,987,154,125,987,154,125,987,-1
125,145,975,125,145,975,125,145,975,-1
145,135,1014,145,135,1014,145,135,1014,-1
135,159,973,135,159,973,135,159,973,-1
159,135,1011,159,135,1011,159,135,1011,-1
135,159,966,135,159,966,135,159,966,-1
159,131,1013,159,131,1013,159,131,1013,-1
131,163,961,131,163,961,131,163,961,-1
163,132,1021,163,132,1021,163,132,1021,-1
132,179,966,132,179,966,132,179,966,-1
179,123,1009,179,123,1009,179,123,1009,-1
123,301,1092,123,301,1092,123,301,1092,-1
301,287,1086,301,287,1086,301,287,1086,-1
287,127,982,287,127,982,287,127,982,-1
127,147,968,127,147,968,127,147,968,-1
147,162,970,147,162,970,147,162,970,-1
162,135,1004,162,135,1004,162,135,1004,-1
135,159,962,135,159,962,135,159,962,-1
159,132,992,159,132,992,159,132,992,-1
132,150,957,132,150,957,132,150,957,-1
150,139,1007,150,139,1007,150,139,1007,-1
139,167,962,139,167,962,139,167,962,-1
167,133,1023,167,133,1023,167,133,1023,-1
133,167,962,133,167,962,133,167,962,-1
167,140,1022,167,140,1022,167,140,1022,-1
140,185,967,140,185,967,140,185,967,-1
185,194,997,185,194,997,185,194,997,-1
194,183,911,194,183,911,194,183,911,1
183,194,1039,183,194,1039,183,194,1039,-1
194,255,983,194,255,983,194,255,983,-1
255,127,997,255,127,997,255,127,997,-1
127,156,974,127,156,974,127,156,974,-1
156,136,1004,156,136,1004,156,136,1004,-1
136,163,969,136,163,969,136,163,969,-1
163,141,1008,163,141,1008,163,141,1008,-1
141,160,970,141,160,970,141,160,970,-1
160,138,1032,160,138,1032,160,138,1032,-1
138,173,975,138,173,975,138,173,975,1
173,129,1023,173,129,1023,173,129,1023,-1
129,281,981,129,281,981,129,281,981,-1
281,155,968,281,155,968,281,155,968,-1
155,128,1019,155,128,1019,155,128,1019,-1
128,205,1114,128,205,1114,128,205,1114,-1
205,185,969,205,185,969,205,185,969,-1
185,191,929,185,191,929,185,191,929,-1
191,296,1036,191,296,1036,191,296,1036,-1
296,131,982,296,131,982,296,131,982,-1
131,172,956,131,172,956,131,172,956,1
172,161,982,172,161,982,172,161,982,-1
161,144,1011,161,144,1011,161,144,1011,-1
144,151,955,144,151,955,144,151,955,-1
151,132,997,151,132,997,151,132,997,-1
132,137,956,132,137,956,132,137,956,-1
137,140,1001,137,140,1001,137,140,1001,-1
140,157,960,140,157,960,140,157,960,-1
157,139,1021,157,139,1021,157,139,1021,-1
139,153,970,139,153,970,139,153,970,-1
153,133,1024,153,133,1024,153,133,1024,-1
133,149,971,133,149,971,133,149,971,1
149,141,1023,149,141,1023,149,141,1023,1
141,188,964,141,188,964,141,188,964,-1
188,202,995,188,202,995,188,202,995,-1
202,203,919,202,203,919,202,203,919,-1
203,121,1039,203,121,1039,203,121,1039,-1
121,170,952,121,170,952,121,170,952,-1
170,151,975,170,151,975,170,151,975,-1
151,126,991,151,126,991,151,126,991,-1
126,156,975,126,156,975,126,156,975,-1
156,137,1004,156,137,1004,156,137,1004,-1
137,156,965,137,156,965,137,156,965,-1
156,133,1010,156,133,1010,156,133,1010,-1
133,155,971,133,155,971,133,155,971,-1
155,130,1023,155,130,1023,155,130,1023,-1
130,159,974,130,159,974,130,159,974,-1
159,141,1019,159,141,1019,159,141,1019,-1
141,126,970,141,126,970,141,126,970,-1
126,177,1012,126,177,1012,126,177,1012,-1
177,186,967,177,186,967,177,186,967,-1
186,219,999,186,219,999,186,219,999,-1
219,181,941,219,181,941,219,181,941,-1
181,282,1066,181,282,1066,181,282,1066,-1
282,137,981,282,137,981,282,137,981,-1
137,152,965,137,152,965,137,152,965,-1
152,157,981,152,157,981,152,157,981,-1
157,129,1016,157,129,1016,157,129,1016,-1
129,153,970,129,153,970,129,153,970,-1
153,148,1023,153,148,1023,153,148,1023,-1
148,158,977,148,158,977,148,158,977,-1
158,144,1020,158,144,1020,158,144,1020,-1
144,168,974,144,168,974,144,168,974,-1
168,142,1023,168,142,1023,168,142,1023,-1
142,288,978,142,288,978,142,288,978,-1
288,165,985,288,165,985,288,165,985,-1
165,224,1016,165,224,1016,165,224,1016,-1
224,181,947,224,181,947,224,181,947,-1
181,284,1062,181,284,1062,181,284,1062,-1
284,156,990,284,156,990,284,156,990,-1
156,131,997,156,131,997,156,131,997,-1
131,163,995,131,163,995,131,163,995,-1
163,140,1022,163,140,1022,163,140,1022,-1
140,161,978,140,161,978,140,161,978,-1
161,145,1017,161,145,1017,161,145,1017,-1
145,160,970,145,160,970,145,160,970,-1
160,134,1026,160,134,1026,160,134,1026,-1
134,153,970,134,153,970,134,153,970,-1
153,127,1015,153,127,1015,153,127,1015,-1
127,162,963,127,162,963,127,162,963,-1
162,133,1022,162,133,1022,162,133,1022,-1
133,149,971,133,149,971,133,149,971,-1
149,134,1018,149,134,1018,149,134,1018,-1
134,285,980,134,285,980,134,285,980,-1
285,136,985,285,136,985,285,136,985,-1
136,164,982,136,164,982,136,164,982,-1
164,163,977,164,163,977,164,163,977,1
163,143,1011,163,143,1011,163,143,1011,-1
143,169,964,143,169,964,143,169,964,-1
169,133,1001,169,133,1001,169,133,1001,-1
133,160,962,133,160,962,133,160,962,-1
160,123,1012,160,123,1012,160,123,1012,-1
123,153,966,123,153,966,123,153,966,-1
153,134,1029,153,134,1029,153,134,1029,-1
134,167,968,134,167,968,134,167,968,-1
167,121,1021,167,121,1021,167,121,1021,-1
121,155,968,121,155,968,121,155,968,-1
155,129,1025,155,129,1025,155,129,1025,-1
129,299,991,129,299,991,129,299,991,-1
299,127,981,299,127,981,299,127,981,-1
127,176,987,127,176,987,127,176,987,-1
176,163,984,176,163,984,176,163,984,-1
163,142,1019,163,142,1019,163,142,1019,-1
142,158,972,142,158,972,142,158,972,-1
158,130,1013,158,130,1013,158,130,1013,-1
130,152,971,130,152,971,130,152,971,-1
152,129,1016,152,129,1016,152,129,1016,-1
129,159,968,129,159,968,129,159,968,-1
159,134,1025,159,134,1025,159,134,1025,-1
134,165,973,134,165,973,134,165,973,-1
165,121,1027,165,121,1027,165,121,1027,-1
121,155,972,121,155,972,121,155,972,-1
155,134,1024,155,134,1024,155,134,1024,-1
134,122,1020,134,122,1020,134,122,1020,-1
122,177,931,122,177,931,122,177,931,-1
177,141,975,177,141,975,177,141,975,-1
141,170,971,141,170,971,141,170,971,-1
170,163,987,170,163,987,170,163,987,-1
163,131,1031,163,131,1031,163,131,1031,-1
131,151,984,131,151,984,131,151,984,-1
151,127,1022,151,127,1022,151,127,1022,-1
127,161,978,127,161,978,127,161,978,-1
161,136,1020,161,136,1020,161,136,1020,-1
136,157,981,136,157,981,136,157,981,-1
157,128,1031,157,128,1031,157,128,1031,-1
128,148,973,128,148,973,128,148,973,-1
148,133,1036,148,133,1036,148,133,1036,-1
133,162,971,133,162,971,133,162,971,-1
162,125,1023,162,125,1023,162,125,1023,-1
125,318,1050,125,318,1050,125,318,1050,-1
318,124,1060,318,124,1060,318,124,1060,-1
124,173,965,124,173,965,124,173,965,-1
173,159,998,173,159,998,173,159,998,-1
159,127,1011,159,127,1011,159,127,1011,-1
127,150,993,127,150,993,127,150,993,-1
150,141,1020,150,141,1020,150,141,1020,-1
141,159,978,141,159,978,141,159,978,-1
159,127,1020,159,127,1020,159,127,1020,-1
127,155,979,127,155,979,127,155,979,-1
155,129,1028,155,129,1028,155,129,1028,-1
129,159,973,129,159,973,129,159,973,-1
159,138,1016,159,138,1016,159,138,1016,-1
138,301,970,138,301,970,138,301,970,-1
301,184,967,301,184,967,301,184,967,-1
184,220,1023,184,220,1023,184,220,1023,-1
220,185,923,220,185,923,220,185,923,-1
185,309,1075,185,309,1075,185,309,1075,-1
309,270,1116,309,270,1116,309,270,1116,-1
270,151,982,270,151,982,270,151,982,-1
151,126,1017,151,126,1017,151,126,1017,-1
126,156,966,126,156,966,126,156,966,-1
156,134,1000,156,134,1000,156,134,1000,-1
134,160,965,134,160,965,134,160,965,-1
160,142,1002,160,142,1002,160,142,1002,1
142,170,962,142,170,962,142,170,962,-1
170,141,1011,170,141,1011,170,141,1011,-1
141,160,975,141,160,975,141,160,975,-1
160,136,1025,160,136,1025,160,136,1025,-1
136,150,975,136,150,975,136,150,975,-1
150,131,1033,150,131,1033,150,131,1033,-1
131,157,971,131,157,971,131,157,971,-1
157,121,1023,157,121,1023,157,121,1023,-1
121,307,1079,121,307,1079,121,307,1079,-1
307,264,1151,307,264,1151,307,264,1151,-1
264,161,994,264,161,994,264,161,994,-1
161,135,1013,161,135,1013,161,135,1013,-1
135,165,986,135,165,986,135,165,986,-1
165,144,1019,165,144,1019,165,144,1019,-1
144,162,970,144,162,970,144,162,970,-1
162,139,1021,162,139,1021,162,139,1021,-1
139,160,974,139,160,974,139,160,974,-1
160,123,1020,160,123,1020,160,123,1020,-1
123,159,981,123,159,981,123,159,981,-1
159,135,1026,159,135,1026,159,135,1026,-1
135,286,979,135,286,979,135,286,979,1
286,143,976,286,143,976,286,143,976,-1
143,121,1035,143,121,1035,143,121,1035,-1
121,302,1066,121,302,1066,121,302,1066,-1
302,305,1080,302,305,1080,302,305,1080,-1
305,134,1000,305,134,1000,305,134,1000,-1
134,171,959,134,171,959,134,171,959,-1
171,155,984,171,155,984,171,155,984,-1
155,137,1031,155,137,1031,155,137,1031,-1
137,151,976,137,151,976,137,151,976,-1
151,138,1016,151,138,1016,151,138,1016,1
138,162,970,138,162,970,138,162,970,-1
162,125,1015,162,125,1015,162,125,1015,-1
125,157,971,125,157,971,125,157,971,-1
157,125,1018,157,125,1018,157,125,1018,-1
125,151,971,125,151,971,125,151,971,-1
151,140,1022,151,140,1022,151,140,1022,-1
140,172,976,140,172,976,140,172,976,-1
172,130,1013,172,130,1013,172,130,1013,-1
130,237,1068,130,237,1068,130,237,1068,-1
237,189,984,237,189,984,237,189,984,-1
189,174,953,189,174,953,189,174,953,-1
174,152,975,174,152,975,174,152,975,-1
152,132,1000,152,132,1000,152,132,1000,-1
132,156,967,132,156,967,132,156,967,-1
156,139,1011,156,139,1011,156,139,1011,-1
139,156,961,139,156,961,139,156,961,-1
156,125,1000,156,125,1000,156,125,1000,-1
125,150,959,125,150,959,125,150,959,-1
150,128,1004,150,128,1004,150,128,1004,-1
128,160,963,128,160,963,128,160,963,-1
160,138,1018,160,138,1018,160,138,1018,-1
138,174,962,138,174,962,138,174,962,-1
174,137,1017,174,137,1017,174,137,1017,-1
137,163,967,137,163,967,137,163,967,-1
163,135,1022,163,135,1022,163,135,1022,-1
135,288,979,135,288,979,135,288,979,-1
288,159,975,288,159,975,288,159,975,-1
159,139,998,159,139,998,159,139,998,-1
139,148,978,139,148,978,139,148,978,-1
148,136,1020,148,136,1020,148,136,1020,-1
136,147,972,136,147,972,136,147,972,-1
147,130,1017,147,130,1017,147,130,1017,-1
130,158,973,130,158,973,130,158,973,-1
158,129,1021,158,129,1021,158,129,1021,-1
129,165,968,129,165,968,129,165,968,-1
165,141,1031,165,141,1031,165,141,1031,-1
141,165,975,141,165,975,141,165,975,-1
165,140,1035,165,140,1035,165,140,1035,-1
140,121,1023,140,121,1023,140,121,1023,-1
121,167,941,121,167,941,121,167,941,-1
167,121,983,167,121,983,167,121,983,-1
121,174,943,121,174,943,121,174,943,-1
174,154,973,174,154,973,174,154,973,-1
154,132,1016,154,132,1016,154,132,1016,-1
132,149,966,132,149,966,132,149,966,-1
149,130,1021,149,130,1021,149,130,1021,-1
130,153,972,130,153,972,130,153,972,-1
153,137,1021,153,137,1021,153,137,1021,-1
137,156,973,137,156,973,137,156,973,-1
156,142,1023,156,142,1023,156,142,1023,-1
142,164,968,142,164,968,142,164,968,-1
164,145,1033,164,145,1033,164,145,1033,-1
145,160,970,145,160,970,145,160,970,-1
