311,311,914,311,311,914,311,311,914,-1
311,301,906,311,301,906,311,301,906,1
301,304,917,301,304,917,301,304,917,1
304,302,913,304,302,913,304,302,913,1
302,312,911,302,312,911,302,312,911,1
312,333,921,312,333,921,312,333,921,1
333,316,923,333,316,923,333,316,923,1
316,301,916,316,301,916,316,301,916,1
301,299,919,301,299,919,301,299,919,1
299,303,921,299,303,921,299,303,921,1
303,300,930,303,300,930,303,300,930,1
300,308,918,300,308,918,300,308,918,1
308,328,922,308,328,922,308,328,922,1
328,122,917,328,122,917,328,122,917,1
122,205,1017,122,205,1017,122,205,1017,1
205,249,906,205,249,906,205,249,906,1
249,155,938,249,155,938,249,155,938,1
155,241,978,155,241,978,155,241,978,1
241,326,932,241,326,932,241,326,932,1
326,312,922,326,312,922,326,312,922,1
312,324,893,312,324,893,312,324,893,1
324,337,878,324,337,878,324,337,878,1
337,319,916,337,319,916,337,319,916,1
319,306,911,319,306,911,319,306,911,1
306,303,918,306,303,918,306,303,918,1
303,299,925,303,299,925,303,299,925,1
299,317,923,299,317,923,299,317,923,1
317,320,928,317,320,928,317,320,928,1
320,321,920,320,321,920,320,321,920,1
321,322,945,321,322,945,321,322,945,1
322,301,924,322,301,924,322,301,924,1
301,302,927,301,302,927,301,302,927,1
302,300,944,302,300,944,302,300,944,1
300,316,945,300,316,945,300,316,945,1
316,318,947,316,318,947,316,318,947,1
318,313,932,318,313,932,318,313,932,1
313,313,944,313,313,944,313,313,944,1
313,297,947,313,297,947,313,297,947,1
297,283,926,297,283,926,297,283,926,1
283,293,917,283,293,917,283,293,917,1
293,298,923,293,298,923,293,298,923,1
298,304,922,298,304,922,298,304,922,1
304,302,918,304,302,918,304,302,918,1
302,300,926,302,300,926,302,300,926,1
300,298,951,300,298,951,300,298,951,1
298,287,922,298,287,922,298,287,922,1
287,284,906,287,284,906,287,284,906,1
284,291,907,284,291,907,284,291,907,1
291,308,913,291,308,913,291,308,913,1
308,122,916,308,122,916,308,122,916,1
122,191,1041,122,191,1041,122,191,1041,1
191,301,920,191,301,920,191,301,920,1
301,301,910,301,301,910,301,301,910,1
301,294,930,301,294,930,301,294,930,1
294,291,910,294,291,910,294,291,910,1
291,307,912,291,307,912,291,307,912,1
307,310,946,307,310,946,307,310,946,1
310,191,960,310,191,960,310,191,960,1
191,143,1006,191,143,1006,191,143,1006,1
143,316,958,143,316,958,143,316,958,1
316,302,938,316,302,938,316,302,938,1
302,308,932,302,308,932,302,308,932,1
308,300,920,308,300,920,308,300,920,1
300,294,921,300,294,921,300,294,921,1
294,309,928,294,309,928,294,309,928,1
309,318,930,309,318,930,309,318,930,1
318,322,921,318,322,921,318,322,921,1
322,302,931,322,302,931,322,302,931,1
302,296,912,302,296,912,302,296,912,1
296,307,908,296,307,908,296,307,908,1
307,300,903,307,300,903,307,300,903,1
300,306,917,300,306,917,300,306,917,1
306,318,924,306,318,924,306,318,924,1
318,246,931,318,246,931,318,246,931,1
246,184,953,246,184,953,246,184,953,1
184,189,1033,184,189,1033,184,189,1033,1
189,287,928,189,287,928,189,287,928,1
287,304,913,287,304,913,287,304,913,1
304,225,907,304,225,907,304,225,907,1
225,183,953,225,183,953,225,183,953,1
183,191,1038,183,191,1038,183,191,1038,1
191,313,912,191,313,912,191,313,912,1
313,315,917,313,315,917,313,315,917,1
315,313,922,315,313,922,315,313,922,1
313,293,920,313,293,920,313,293,920,1
293,299,914,293,299,914,293,299,914,1
299,306,918,299,306,918,299,306,918,1
306,299,916,306,299,916,306,299,916,1
299,309,911,299,309,911,299,309,911,1
309,309,925,309,309,925,309,309,925,1
309,306,927,309,306,927,309,306,927,1
306,296,922,306,296,922,306,296,922,1
296,289,910,296,289,910,296,289,910,1
289,299,900,289,299,900,289,299,900,1
299,302,922,299,302,922,299,302,922,1
302,300,924,302,300,924,302,300,924,1
300,312,936,300,312,936,300,312,936,1
312,305,931,312,305,931,312,305,931,1
305,293,914,305,293,914,305,293,914,1
293,279,906,293,279,906,293,279,906,1
279,281,905,279,281,905,279,281,905,1
281,305,905,281,305,905,281,305,905,1
305,305,904,305,305,904,305,305,904,1
305,305,907,305,305,907,305,305,907,1
305,314,911,305,314,911,305,314,911,1
314,307,903,314,307,903,314,307,903,1
307,301,921,307,301,921,307,301,921,1
301,297,907,301,297,907,301,297,907,1
297,313,910,297,313,910,297,313,910,1
313,325,918,313,325,918,313,325,918,1
325,320,931,325,320,931,325,320,931,1
320,321,922,320,321,922,320,321,922,1
321,234,929,321,234,929,321,234,929,1
234,183,971,234,183,971,234,183,971,1
183,200,1058,183,200,1058,183,200,1058,1
200,304,934,200,304,934,200,304,934,1
304,302,917,304,302,917,304,302,917,1
302,328,929,302,328,929,302,328,929,1
328,321,920,328,321,920,328,321,920,1
321,309,917,321,309,917,321,309,917,1
309,300,918,309,300,918,309,300,918,1
300,302,912,300,302,912,300,302,912,1
302,306,919,302,306,919,302,306,919,1
306,308,924,306,308,924,306,308,924,1
308,322,925,308,322,925,308,322,925,1
322,122,935,322,122,935,322,122,935,1
122,205,1045,122,205,1045,122,205,1045,1
205,312,921,205,312,921,205,312,921,1
312,302,923,312,302,923,312,302,923,1
302,228,913,302,228,913,302,228,913,1
228,183,957,228,183,957,228,183,957,1
183,198,1037,183,198,1037,183,198,1037,1
198,306,919,198,306,919,198,306,919,1
306,315,933,306,315,933,306,315,933,1
315,122,932,315,122,932,315,122,932,1
122,205,1035,122,205,1035,122,205,1035,1
205,238,921,205,238,921,205,238,921,1
238,144,985,238,144,985,238,144,985,1
144,221,1008,144,221,1008,144,221,1008,1
221,295,942,221,295,942,221,295,942,1
295,305,922,295,305,922,295,305,922,1
305,303,909,305,303,909,305,303,909,1
303,308,896,303,308,896,303,308,896,1
308,317,920,308,317,920,308,317,920,1
317,308,928,317,308,928,317,308,928,1
308,293,923,308,293,923,308,293,923,1
293,290,923,293,290,923,293,290,923,1
290,289,929,290,289,929,290,289,929,1
289,306,926,289,306,926,289,306,926,1
306,310,923,306,310,923,306,310,923,1
310,301,927,310,301,927,310,301,927,1
301,319,911,301,319,911,301,319,911,1
319,306,909,319,306,909,319,306,909,1
306,286,899,306,286,899,306,286,899,1
286,290,906,286,290,906,286,290,906,1
290,301,902,290,301,902,290,301,902,1
301,310,918,301,310,918,301,310,918,1
310,309,922,310,309,922,310,309,922,1
309,305,919,309,305,919,309,305,919,1
305,301,909,305,301,909,305,301,909,1
301,286,900,301,286,900,301,286,900,1
286,283,908,286,283,908,286,283,908,1
283,286,931,283,286,931,283,286,931,1
286,307,921,286,307,921,286,307,921,1
307,299,932,307,299,932,307,299,932,1
299,293,908,299,293,908,299,293,908,1
293,295,929,293,295,929,293,295,929,1
295,284,931,295,284,931,295,284,931,1
284,279,916,284,279,916,284,279,916,1
279,285,899,279,285,899,279,285,899,1
285,287,909,285,287,909,285,287,909,1
287,309,906,287,309,906,287,309,906,1
309,305,915,309,305,915,309,305,915,1
305,297,896,305,297,896,305,297,896,1
297,300,904,297,300,904,297,300,904,1
300,294,905,300,294,905,300,294,905,1
294,288,901,294,288,901,294,288,901,1
288,303,899,288,303,899,288,303,899,1
303,310,906,303,310,906,303,310,906,1
310,321,914,310,321,914,310,321,914,1
321,308,914,321,308,914,321,308,914,1
308,299,913,308,299,913,308,299,913,1
299,302,926,299,302,926,299,302,926,1
302,296,911,302,296,911,302,296,911,1
296,290,908,296,290,908,296,290,908,1
290,306,909,290,306,909,290,306,909,1
306,311,934,306,311,934,306,311,934,1
311,303,927,311,303,927,311,303,927,1
303,295,921,303,295,921,303,295,921,1
295,290,926,295,290,926,295,290,926,1
290,285,925,290,285,925,290,285,925,1
285,285,906,285,285,906,285,285,906,1
285,296,902,285,296,902,285,296,902,1
296,299,931,296,299,931,296,299,931,1
299,299,947,299,299,947,299,299,947,1
299,286,936,299,286,936,299,286,936,1
286,273,942,286,273,942,286,273,942,1
273,284,917,273,284,917,273,284,917,1
284,292,907,284,292,907,284,292,907,1
292,298,900,292,298,900,292,298,900,1
298,316,906,298,316,906,298,316,906,1
316,322,931,316,322,931,316,322,931,1
322,327,935,322,327,935,322,327,935,1
327,322,927,327,322,927,327,322,927,1
322,245,904,322,245,904,322,245,904,1
245,185,942,245,185,942,245,185,942,1
185,206,1050,185,206,1050,185,206,1050,1
206,317,938,206,317,938,206,317,938,1
317,318,916,317,318,916,317,318,916,1
318,190,913,318,190,913,318,190,913,1
190,138,949,190,138,949,190,138,949,1
138,319,923,138,319,923,138,319,923,1
319,303,923,319,303,923,319,303,923,1
303,293,926,303,293,926,303,293,926,1
293,309,928,293,309,928,293,309,928,1
309,313,934,309,313,934,309,313,934,1
313,313,950,313,313,950,313,313,950,1
313,319,951,313,319,951,313,319,951,1
319,314,926,319,314,926,319,314,926,1
314,307,927,314,307,927,314,307,927,1
307,296,929,307,296,929,307,296,929,1
296,314,920,296,314,920,296,314,920,1
314,333,926,314,333,926,314,333,926,1
333,327,943,333,327,943,333,327,943,1
327,330,941,327,330,941,327,330,941,1
330,314,932,330,314,932,330,314,932,1
314,311,932,314,311,932,314,311,932,1
311,301,921,311,301,921,311,301,921,1
301,300,921,301,300,921,301,300,921,1
300,333,922,300,333,922,300,333,922,1
333,324,930,333,324,930,333,324,930,1
324,314,914,324,314,914,324,314,914,1
314,314,914,314,314,914,314,314,914,1
314,307,920,314,307,920,314,307,920,1
307,305,919,307,305,919,307,305,919,1
305,305,923,305,305,923,305,305,923,1
305,331,924,305,331,924,305,331,924,1
331,331,936,331,331,936,331,331,936,1
331,324,926,331,324,926,331,324,926,1
324,312,912,324,312,912,324,312,912,1
312,312,903,312,312,903,312,312,903,1
312,312,918,312,312,918,312,312,918,1
312,315,907,312,315,907,312,315,907,1
315,331,904,315,331,904,315,331,904,1
331,121,914,331,121,914,331,121,914,1
121,215,1037,121,215,1037,121,215,1037,1
215,325,923,215,325,923,215,325,923,1
325,310,926,325,310,926,325,310,926,1
310,306,910,310,306,910,310,306,910,1
306,312,906,306,312,906,306,312,906,1
312,308,910,312,308,910,312,308,910,1
308,322,922,308,322,922,308,322,922,1
322,330,920,322,330,920,322,330,920,1
330,309,916,330,309,916,330,309,916,1
309,298,913,309,298,913,309,298,913,1
298,294,904,298,294,904,298,294,904,1
294,307,926,294,307,926,294,307,926,1
307,305,944,307,305,944,307,305,944,1
305,307,930,305,307,930,305,307,930,1
307,324,935,307,324,935,307,324,935,1
324,309,949,324,309,949,324,309,949,1
309,288,935,309,288,935,309,288,935,1
288,295,917,288,295,917,288,295,917,1
295,296,925,295,296,925,295,296,925,1
296,303,924,296,303,924,296,303,924,1
303,308,925,303,308,925,303,308,925,1
308,312,920,308,312,920,308,312,920,1
312,312,938,312,312,938,312,312,938,1
312,290,932,312,290,932,312,290,932,1
290,283,907,290,283,907,290,283,907,1
283,287,909,283,287,909,283,287,909,1
287,303,928,287,303,928,287,303,928,1
303,306,919,303,306,919,303,306,919,1
306,302,919,306,302,919,306,302,919,1
302,310,937,302,310,937,302,310,937,1
310,299,955,310,299,955,310,299,955,1
299,288,929,299,288,929,299,288,929,1
288,219,903,288,219,903,288,219,903,1
219,184,931,219,184,931,219,184,931,1
184,178,1030,184,178,1030,184,178,1030,1
178,313,959,178,313,959,178,313,959,1
313,308,969,313,308,969,313,308,969,1
308,296,933,308,296,933,308,296,933,1
296,314,905,296,314,905,296,314,905,1
314,297,901,314,297,901,314,297,901,1
297,285,906,297,285,906,297,285,906,1
285,296,900,285,296,900,285,296,900,1
296,304,901,296,304,901,296,304,901,1
304,315,920,304,315,920,304,315,920,1
315,302,923,315,302,923,315,302,923,1
302,294,916,302,294,916,302,294,916,1
294,294,917,294,294,917,294,294,917,1
294,282,905,294,282,905,294,282,905,1
282,273,912,282,273,912,282,273,912,1
273,288,917,273,288,917,273,288,917,1
288,302,910,288,302,910,288,302,910,1
302,302,914,302,302,914,302,302,914,1
302,295,895,302,295,895,302,295,895,1
295,290,899,295,290,899,295,290,899,1
290,287,907,290,287,907,290,287,907,1
287,280,909,287,280,909,287,280,909,1
280,281,896,280,281,896,280,281,896,1
281,293,903,281,293,903,281,293,903,1
293,304,905,293,304,905,293,304,905,1
304,300,916,304,300,916,304,300,916,1
300,287,905,300,287,905,300,287,905,1
287,283,906,287,283,906,287,283,906,1
283,289,911,283,289,911,283,289,911,1
289,279,916,289,279,916,289,279,916,1
279,287,902,279,287,902,279,287,902,1
287,302,905,287,302,905,287,302,905,1
302,305,928,302,305,928,302,305,928,1
305,302,924,305,302,924,305,302,924,1
302,284,909,302,284,909,302,284,909,1
284,287,904,284,287,904,284,287,904,1
287,291,932,287,291,932,287,291,932,1
291,287,909,291,287,909,291,287,909,1
287,298,927,287,298,927,287,298,927,1
298,301,940,298,301,940,298,301,940,1
301,302,917,301,302,917,301,302,917,1
302,287,903,302,287,903,302,287,903,1
287,279,903,287,279,903,287,279,903,1
279,285,909,279,285,909,279,285,909,1
285,284,919,285,284,919,285,284,919,1
284,287,931,284,287,931,284,287,931,1
287,300,933,287,300,933,287,300,933,1
300,290,937,300,290,937,300,290,937,1
290,290,923,290,290,923,290,290,923,1
290,267,898,290,267,898,290,267,898,1
267,255,895,267,255,895,267,255,895,1
255,260,881,255,260,881,255,260,881,1
260,273,894,260,273,894,260,273,894,1
273,280,893,273,280,893,273,280,893,1
280,288,912,280,288,912,280,288,912,1
288,298,931,288,298,931,288,298,931,1
298,297,953,298,297,953,298,297,953,1
297,297,965,297,297,965,297,297,965,1
297,285,952,297,285,952,297,285,952,1
285,301,951,285,301,951,285,301,951,1
301,326,968,301,326,968,301,326,968,1
326,306,962,326,306,962,326,306,962,1
306,307,938,306,307,938,306,307,938,1
307,310,957,307,310,957,307,310,957,1
310,303,958,310,303,958,310,303,958,1
303,293,945,303,293,945,303,293,945,1
293,289,930,293,289,930,293,289,930,1
289,313,944,289,313,944,289,313,944,1
313,323,969,313,323,969,313,323,969,1
323,316,950,323,316,950,323,316,950,1
316,318,940,316,318,940,316,318,940,1
318,312,931,318,312,931,318,312,931,1
312,307,936,312,307,936,312,307,936,1
307,305,940,307,305,940,307,305,940,1
305,317,922,305,317,922,305,317,922,1
317,121,938,317,121,938,317,121,938,1
121,205,1020,121,205,1020,121,205,1020,1
205,319,934,205,319,934,205,319,934,1
319,319,914,319,319,914,319,319,914,1
319,309,913,319,309,913,319,309,913,1
309,315,922,309,315,922,309,315,922,1
315,306,927,315,306,927,315,306,927,1
306,320,920,306,320,920,306,320,920,1
320,199,940,320,199,940,320,199,940,1
199,144,983,199,144,983,199,144,983,1
144,193,935,144,193,935,144,193,935,1
193,131,979,193,131,979,193,131,979,1
131,316,933,131,316,933,131,316,933,1
316,307,948,316,307,948,316,307,948,1
307,314,945,307,314,945,307,314,945,1
314,185,966,314,185,966,314,185,966,1
185,131,1009,185,131,1009,185,131,1009,1
131,317,951,131,317,951,131,317,951,1
317,200,913,317,200,913,317,200,913,1
200,141,954,200,141,954,200,141,954,1
141,190,912,141,190,912,141,190,912,1
190,137,952,190,137,952,190,137,952,1
137,298,910,137,298,910,137,298,910,1
298,303,897,298,303,897,298,303,897,1
303,307,893,303,307,893,303,307,893,1
307,309,901,307,309,901,307,309,901,1
309,311,904,309,311,904,309,311,904,1
311,323,912,311,323,912,311,323,912,1
323,318,940,323,318,940,323,318,940,1
318,303,937,318,303,937,318,303,937,1
303,297,913,303,297,913,303,297,913,1
297,299,900,297,299,900,297,299,900,1
299,317,895,299,317,895,299,317,895,1
317,316,914,317,316,914,317,316,914,1
316,319,917,316,319,917,316,319,917,1
319,319,951,319,319,951,319,319,951,1
319,302,929,319,302,929,319,302,929,1
302,296,917,302,296,917,302,296,917,1
296,301,913,296,301,913,296,301,913,1
301,318,926,301,318,926,301,318,926,1
318,327,928,318,327,928,318,327,928,1
327,323,942,327,323,942,327,323,942,1
323,332,957,323,332,957,323,332,957,1
332,317,938,332,317,938,332,317,938,1
317,301,938,317,301,938,317,301,938,1
301,306,927,301,306,927,301,306,927,1
306,313,934,306,313,934,306,313,934,1
313,322,945,313,322,945,313,322,945,1
322,317,934,322,317,934,322,317,934,1
317,318,928,317,318,928,317,318,928,1
318,306,939,318,306,939,318,306,939,1
306,299,918,306,299,918,306,299,918,1
299,303,912,299,303,912,299,303,912,1
303,312,927,303,312,927,303,312,927,1
312,324,934,312,324,934,312,324,934,1
324,245,924,324,245,924,324,245,924,1
245,183,972,245,183,972,245,183,972,1
183,205,1048,183,205,1048,183,205,1048,1
205,311,946,205,311,946,205,311,946,1
311,297,931,311,297,931,311,297,931,1
297,297,916,297,297,916,297,297,916,1
297,304,937,297,304,937,297,304,937,1
304,121,942,304,121,942,304,121,942,1
121,199,1034,121,199,1034,121,199,1034,1
199,121,939,199,121,939,199,121,939,1
121,197,1036,121,197,1036,121,197,1036,1
197,302,911,197,302,911,197,302,911,1
302,300,905,302,300,905,302,300,905,1
300,293,913,300,293,913,300,293,913,1
293,289,909,293,289,909,293,289,909,1
289,303,911,289,303,911,289,303,911,1
303,311,918,303,311,918,303,311,918,1
311,313,935,311,313,935,311,313,935,1
313,303,916,313,303,916,313,303,916,1
303,286,905,303,286,905,303,286,905,1
286,297,903,286,297,903,286,297,903,1
297,288,915,297,288,915,297,288,915,1
288,285,905,288,285,905,288,285,905,1
285,302,898,285,302,898,285,302,898,1
302,308,892,302,308,892,302,308,892,1
308,305,926,308,305,926,308,305,926,1
305,292,924,305,292,924,305,292,924,1
292,289,896,292,289,896,292,289,896,1
289,303,888,289,303,888,289,303,888,1
303,305,894,303,305,894,303,305,894,1
305,312,883,305,312,883,305,312,883,1
312,321,906,312,321,906,312,321,906,1
321,329,927,321,329,927,321,329,927,1
329,316,911,329,316,911,329,316,911,1
316,299,898,316,299,898,316,299,898,1
299,310,901,299,310,901,299,310,901,1
310,313,907,310,313,907,310,313,907,1
313,317,919,313,317,919,313,317,919,1
317,244,910,317,244,910,317,244,910,1
244,183,950,244,183,950,244,183,950,1
183,207,1039,183,207,1039,183,207,1039,1
207,308,936,207,308,936,207,308,936,1
308,290,900,308,290,900,308,290,900,1
290,293,909,290,293,909,290,293,909,1
293,311,907,293,311,907,293,311,907,1
311,307,892,311,307,892,311,307,892,1
307,304,901,307,304,901,307,304,901,1
304,121,904,304,121,904,304,121,904,1
121,191,1019,121,191,1019,121,191,1019,1
191,311,906,191,311,906,191,311,906,1
311,293,920,311,293,920,311,293,920,1
293,288,917,293,288,917,293,288,917,1
288,299,906,288,299,906,288,299,906,1
299,300,924,299,300,924,299,300,924,1
300,291,948,300,291,948,300,291,948,1
291,282,927,291,282,927,291,282,927,1
282,278,913,282,278,913,282,278,913,1
278,282,915,278,282,915,278,282,915,1
282,281,917,282,281,917,282,281,917,1
281,297,909,281,297,909,281,297,909,1
297,328,907,297,328,907,297,328,907,1
328,343,928,328,343,928,328,343,928,1
343,332,953,343,332,953,343,332,953,1
332,194,935,332,194,935,332,194,935,1
194,138,969,194,138,969,194,138,969,1
138,332,918,138,332,918,138,332,918,1
332,195,941,332,195,941,332,195,941,1
195,131,969,195,131,969,195,131,969,1
131,182,929,131,182,929,131,182,929,1
182,139,968,182,139,968,182,139,968,1
139,198,919,139,198,919,139,198,919,1
198,153,966,198,153,966,198,153,966,1
153,200,927,153,200,927,153,200,927,1
200,140,957,200,140,957,200,140,957,1
140,325,930,140,325,930,140,325,930,1
325,316,927,325,316,927,325,316,927,1
316,316,924,316,316,924,316,316,924,1
316,316,914,316,316,914,316,316,914,1
316,313,925,316,313,925,316,313,925,1
313,194,935,313,194,935,313,194,935,1
194,142,968,194,142,968,194,142,968,1
142,121,937,142,121,937,142,121,937,1
121,213,1037,121,213,1037,121,213,1037,1
213,317,935,213,317,935,213,317,935,1
317,179,928,317,179,928,317,179,928,1
179,130,977,179,130,977,179,130,977,1
130,310,925,130,310,925,130,310,925,1
310,313,922,310,313,922,310,313,922,1
313,311,931,313,311,931,313,311,931,1
311,327,963,311,327,963,311,327,963,1
327,122,954,327,122,954,327,122,954,1
122,203,1043,122,203,1043,122,203,1043,1
203,309,929,203,309,929,203,309,929,1
309,302,911,309,302,911,309,302,911,1
302,302,883,302,302,883,302,302,883,1
302,306,888,302,306,888,302,306,888,1
306,300,885,306,300,885,306,300,885,1
300,308,900,300,308,900,300,308,900,1
308,323,910,308,323,910,308,323,910,1
323,306,905,323,306,905,323,306,905,1
306,294,908,306,294,908,306,294,908,1
294,291,909,294,291,909,294,291,909,1
291,304,911,291,304,911,291,304,911,1
304,313,926,304,313,926,304,313,926,1
313,313,924,313,313,924,313,313,924,1
313,321,931,313,321,931,313,321,931,1
321,123,921,321,123,921,321,123,921,1
123,201,1032,123,201,1032,123,201,1032,1
201,301,915,201,301,915,201,301,915,1
301,306,915,301,306,915,301,306,915,1
306,234,931,306,234,931,306,234,931,1
234,184,957,234,184,957,234,184,957,1
184,214,1038,184,214,1038,184,214,1038,1
214,322,910,214,322,910,214,322,910,1
322,318,922,322,318,922,322,318,922,1
318,328,932,318,328,932,318,328,932,1
328,307,907,328,307,907,328,307,907,1
307,298,913,307,298,913,307,298,913,1
298,309,914,298,309,914,298,309,914,1
309,325,917,309,325,917,309,325,917,1
325,323,917,325,323,917,325,323,917,1
323,312,933,323,312,933,323,312,933,1
312,318,918,312,318,918,312,318,918,1
318,299,917,318,299,917,318,299,917,1
299,292,922,299,292,922,299,292,922,1
292,293,918,292,293,918,292,293,918,1
293,313,898,293,313,898,293,313,898,1
313,121,897,313,121,897,313,121,897,1
121,210,1033,121,210,1033,121,210,1033,1
210,319,921,210,319,921,210,319,921,1
319,318,940,319,318,940,319,318,940,1
318,309,946,318,309,946,318,309,946,1
309,301,934,309,301,934,309,301,934,1
301,314,934,301,314,934,301,314,934,1
314,319,961,314,319,961,314,319,961,1
319,333,965,319,333,965,319,333,965,1
333,320,938,333,320,938,333,320,938,1
320,302,935,320,302,935,320,302,935,1
302,312,943,302,312,943,302,312,943,1
312,300,931,312,300,931,312,300,931,1
300,297,921,300,297,921,300,297,921,1
297,317,923,297,317,923,297,317,923,1
317,327,934,317,327,934,317,327,934,1
327,242,936,327,242,936,327,242,936,1
242,188,966,242,188,966,242,188,966,1
188,189,1052,188,189,1052,188,189,1052,1
189,302,932,189,302,932,189,302,932,1
302,295,939,302,295,939,302,295,939,1
295,295,938,295,295,938,295,295,938,1
295,315,934,295,315,934,295,315,934,1
315,325,936,315,325,936,315,325,936,1
325,329,935,325,329,935,325,329,935,1
329,310,936,329,310,936,329,310,936,1
310,311,948,310,311,948,310,311,948,1
311,318,936,311,318,936,311,318,936,1
318,314,929,318,314,929,318,314,929,1
314,327,926,314,327,926,314,327,926,1
327,331,937,327,331,937,327,331,937,1
331,337,943,331,337,943,331,337,943,1
337,315,938,337,315,938,337,315,938,1
315,303,912,315,303,912,315,303,912,1
303,314,930,303,314,930,303,314,930,1
314,306,925,314,306,925,314,306,925,1
306,308,930,306,308,930,306,308,930,1
308,317,925,308,317,925,308,317,925,1
317,312,931,317,312,931,317,312,931,1
312,293,947,312,293,947,312,293,947,1
293,289,923,293,289,923,293,289,923,1
289,299,918,289,299,918,289,299,918,1
299,303,936,299,303,936,299,303,936,1
303,309,928,303,309,928,303,309,928,1
309,316,925,309,316,925,309,316,925,1
316,317,917,316,317,917,316,317,917,1
317,304,922,317,304,922,317,304,922,1
304,289,933,304,289,933,304,289,933,1
289,293,905,289,293,905,289,293,905,1
293,315,911,293,315,911,293,315,911,1
315,312,918,315,312,918,315,312,918,1
312,309,917,312,309,917,312,309,917,1
309,309,925,309,309,925,309,309,925,1
309,313,914,309,313,914,309,313,914,1
313,304,923,313,304,923,313,304,923,1
304,297,914,304,297,914,304,297,914,1
297,315,907,297,315,907,297,315,907,1
315,328,922,315,328,922,315,328,922,1
328,316,949,328,316,949,328,316,949,1
316,320,935,316,320,935,316,320,935,1
320,305,924,320,305,924,320,305,924,1
305,302,915,305,302,915,305,302,915,1
302,295,912,302,295,912,302,295,912,1
295,302,899,295,302,899,295,302,899,1
302,330,915,302,330,915,302,330,915,1
330,317,932,330,317,932,330,317,932,1
317,307,916,317,307,916,317,307,916,1
307,312,915,307,312,915,307,312,915,1
312,309,930,312,309,930,312,309,930,1
309,303,925,309,303,925,309,303,925,1
303,302,928,303,302,928,303,302,928,1
302,327,911,302,327,911,302,327,911,1
327,317,922,327,317,922,327,317,922,1
317,307,911,317,307,911,317,307,911,1
307,300,899,307,300,899,307,300,899,1
300,293,909,300,293,909,300,293,909,1
293,298,912,293,298,912,293,298,912,1
298,297,897,298,297,897,298,297,897,1
297,310,907,297,310,907,297,310,907,1
310,317,927,310,317,927,310,317,927,1
317,307,922,317,307,922,317,307,922,1
307,296,902,307,296,902,307,296,902,1
296,289,914,296,289,914,296,289,914,1
289,290,925,289,290,925,289,290,925,1
290,291,921,290,291,921,290,291,921,1
291,295,925,291,295,925,291,295,925,1
295,309,926,295,309,926,295,309,926,1
309,313,918,309,313,918,309,313,918,1
313,295,924,313,295,924,313,295,924,1
295,301,912,295,301,912,295,301,912,1
301,304,927,301,304,927,301,304,927,1
304,313,946,304,313,946,304,313,946,1
313,320,931,313,320,931,313,320,931,1
320,320,927,320,320,927,320,320,927,1
320,261,927,320,261,927,320,261,927,1
261,184,958,261,184,958,261,184,958,1
184,204,1051,184,204,1051,184,204,1051,1
204,298,920,204,298,920,204,298,920,1
298,308,929,298,308,929,298,308,929,1
308,315,950,308,315,950,308,315,950,1
315,314,948,315,314,948,315,314,948,1
314,317,930,314,317,930,314,317,930,1
317,328,934,317,328,934,317,328,934,1
328,303,944,328,303,944,328,303,944,1
303,294,931,303,294,931,303,294,931,1
294,301,918,294,301,918,294,301,918,1
301,305,925,301,305,925,301,305,925,1
305,324,923,305,324,923,305,324,923,1
324,315,915,324,315,915,324,315,915,1
315,313,915,315,313,915,315,313,915,1
313,121,932,313,121,932,313,121,932,1
121,189,1032,121,189,1032,121,189,1032,1
189,295,911,189,295,911,189,295,911,1
295,306,906,295,306,906,295,306,906,1
306,308,931,306,308,931,306,308,931,1
308,325,941,308,325,941,308,325,941,1
325,321,934,325,321,934,325,321,934,1
321,310,937,321,310,937,321,310,937,1
310,314,931,310,314,931,310,314,931,1
314,299,923,314,299,923,314,299,923,1
299,292,897,299,292,897,299,292,897,1
292,307,904,292,307,904,292,307,904,1
307,321,921,307,321,921,307,321,921,1
321,319,920,321,319,920,321,319,920,1
319,314,912,319,314,912,319,314,912,1
314,314,904,314,314,904,314,314,904,1
314,308,910,314,308,910,314,308,910,1
308,309,915,308,309,915,308,309,915,1
309,316,917,309,316,917,309,316,917,1
316,324,922,316,324,922,316,324,922,1
324,199,938,324,199,938,324,199,938,1
199,142,988,199,142,988,199,142,988,1
142,318,932,142,318,932,142,318,932,1
318,309,915,318,309,915,318,309,915,1
309,314,905,309,314,905,309,314,905,1
314,311,898,314,311,898,314,311,898,1
311,323,895,311,323,895,311,323,895,1
323,331,904,323,331,904,323,331,904,1
331,197,907,331,197,907,331,197,907,1
197,143,942,197,143,942,197,143,942,1
143,323,901,143,323,901,143,323,901,1
323,306,903,323,306,903,323,306,903,1
306,325,914,306,325,914,306,325,914,1
325,314,898,325,314,898,325,314,898,1
314,323,890,314,323,890,314,323,890,1
323,331,926,323,331,926,323,331,926,1
331,333,925,331,333,925,331,333,925,1
333,318,927,333,318,927,333,318,927,1
318,302,913,318,302,913,318,302,913,1
302,313,916,302,313,916,302,313,916,1
313,312,925,313,312,925,313,312,925,1
312,310,920,312,310,920,312,310,920,1
310,323,915,310,323,915,310,323,915,1
323,321,916,323,321,916,323,321,916,1
321,307,920,321,307,920,321,307,920,1
307,296,912,307,296,912,307,296,912,1
296,304,913,296,304,913,296,304,913,1
304,308,918,304,308,918,304,308,918,1
308,319,916,308,319,916,308,319,916,1
319,321,925,319,321,925,319,321,925,1
321,316,914,321,316,914,321,316,914,1
316,315,923,316,315,923,316,315,923,1
315,298,923,315,298,923,315,298,923,1
298,301,910,298,301,910,298,301,910,1
301,322,931,301,322,931,301,322,931,1
322,318,921,322,318,921,322,318,921,1
318,321,912,318,321,912,318,321,912,1
321,315,923,321,315,923,321,315,923,1
315,312,919,315,312,919,315,312,919,1
312,301,917,312,301,917,312,301,917,1
301,288,920,301,288,920,301,288,920,1
288,306,927,288,306,927,288,306,927,1
306,321,933,306,321,933,306,321,933,1
321,312,946,321,312,946,321,312,946,1
312,311,940,312,311,940,312,311,940,1
311,310,920,311,310,920,311,310,920,1
310,307,907,310,307,907,310,307,907,1
307,307,908,307,307,908,307,307,908,1
307,313,924,307,313,924,307,313,924,1
313,252,927,313,252,927,313,252,927,1
252,194,966,252,194,966,252,194,966,1
194,196,1049,194,196,1049,194,196,1049,1
196,313,937,196,313,937,196,313,937,1
313,303,920,313,303,920,313,303,920,1
303,305,919,303,305,919,303,305,919,1
305,291,909,305,291,909,305,291,909,1
291,227,900,291,227,900,291,227,900,1
227,190,945,227,190,945,227,190,945,1
190,207,1031,190,207,1031,190,207,1031,1
207,311,936,207,311,936,207,311,936,1
311,302,925,311,302,925,311,302,925,1
302,296,926,302,296,926,302,296,926,1
296,289,908,296,289,908,296,289,908,1
289,295,914,289,295,914,289,295,914,1
295,294,907,295,294,907,295,294,907,1
294,296,923,294,296,923,294,296,923,1
296,310,931,296,310,931,296,310,931,1
310,296,930,310,296,930,310,296,930,1
296,282,926,296,282,926,296,282,926,1
282,280,921,282,280,921,282,280,921,1
280,282,922,280,282,922,280,282,922,1
282,288,917,282,288,917,282,288,917,1
288,295,926,288,295,926,288,295,926,1
295,304,948,295,304,948,295,304,948,1
304,311,942,304,311,942,304,311,942,1
311,298,932,311,298,932,311,298,932,1
298,290,926,298,290,926,298,290,926,1
290,290,937,290,290,937,290,290,937,1
290,301,930,290,301,930,290,301,930,1
301,304,924,301,304,924,301,304,924,1
304,310,929,304,310,929,304,310,929,1
310,327,947,310,327,947,310,327,947,1
327,312,962,327,312,962,327,312,962,1
312,298,962,312,298,962,312,298,962,1
298,296,944,298,296,944,298,296,944,1
296,301,933,296,301,933,296,301,933,1
301,242,939,301,242,939,301,242,939,1
242,190,970,242,190,970,242,190,970,1
190,201,1047,190,201,1047,190,201,1047,1
201,321,937,201,321,937,201,321,937,1
321,122,938,321,122,938,321,122,938,1
122,203,1040,122,203,1040,122,203,1040,1
203,296,933,203,296,933,203,296,933,1
296,296,919,296,296,919,296,296,919,1
296,300,930,296,300,930,296,300,930,1
300,313,934,300,313,934,300,313,934,1
313,315,945,313,315,945,313,315,945,1
315,307,934,315,307,934,315,307,934,1
307,322,924,307,322,924,307,322,924,1
322,304,936,322,304,936,322,304,936,1
304,285,945,304,285,945,304,285,945,1
285,299,924,285,299,924,285,299,924,1
299,312,926,299,312,926,299,312,926,1
312,318,942,312,318,942,312,318,942,1
318,314,940,318,314,940,318,314,940,1
314,318,924,314,318,924,314,318,924,1
318,305,930,318,305,930,318,305,930,1
305,297,931,305,297,931,305,297,931,1
297,299,927,297,299,927,297,299,927,1
299,307,916,299,307,916,299,307,916,1
307,328,935,307,328,935,307,328,935,1
328,315,958,328,315,958,328,315,958,1
315,307,930,315,307,930,315,307,930,1
307,311,928,307,311,928,307,311,928,1
311,295,922,311,295,922,311,295,922,1
295,290,922,295,290,922,295,290,922,1
290,303,913,290,303,913,290,303,913,1
303,314,921,303,314,921,303,314,921,1
314,121,930,314,121,930,314,121,930,1
121,190,1023,121,190,1023,121,190,1023,1
190,298,919,190,298,919,190,298,919,1
298,292,911,298,292,911,298,292,911,1
292,300,899,292,300,899,292,300,899,1
300,284,911,300,284,911,300,284,911,1
284,287,907,284,287,907,284,287,907,1
287,308,912,287,308,912,287,308,912,1
308,322,915,308,322,915,308,322,915,1
322,121,918,322,121,918,322,121,918,1
121,194,1021,121,194,1021,121,194,1021,1
194,294,929,194,294,929,194,294,929,1
294,302,919,294,302,919,294,302,919,1
302,300,915,302,300,915,302,300,915,1
300,296,917,300,296,917,300,296,917,1
296,303,931,296,303,931,296,303,931,1
303,309,930,303,309,930,303,309,930,1
309,310,932,309,310,932,309,310,932,1
310,294,919,310,294,919,310,294,919,1
294,288,913,294,288,913,294,288,913,1
288,302,902,288,302,902,288,302,902,1
302,299,893,302,299,893,302,299,893,1
299,311,906,299,311,906,299,311,906,1
311,327,932,311,327,932,311,327,932,1
327,324,935,327,324,935,327,324,935,1
324,330,940,324,330,940,324,330,940,1
330,297,927,330,297,927,330,297,927,1
297,239,917,297,239,917,297,239,917,1
239,190,962,239,190,962,239,190,962,1
190,202,1053,190,202,1053,190,202,1053,1
202,317,945,202,317,945,202,317,945,1
317,322,944,317,322,944,317,322,944,1
322,314,945,322,314,945,322,314,945,1
314,312,941,314,312,941,314,312,941,1
312,297,935,312,297,935,312,297,935,1
297,298,931,297,298,931,297,298,931,1
298,312,953,298,312,953,298,312,953,1
312,312,937,312,312,937,312,312,937,1
312,314,933,312,314,933,312,314,933,1
314,313,944,314,313,944,314,313,944,1
313,307,956,313,307,956,313,307,956,1
307,292,949,307,292,949,307,292,949,1
292,291,944,292,291,944,292,291,944,1
291,313,939,291,313,939,291,313,939,1
313,314,939,313,314,939,313,314,939,1
314,311,927,314,311,927,314,311,927,1
311,312,932,311,312,932,311,312,932,1
312,310,925,312,310,925,312,310,925,1
310,300,944,310,300,944,310,300,944,1
300,293,938,300,293,938,300,293,938,1
293,310,924,293,310,924,293,310,924,1
310,322,935,310,322,935,310,322,935,1
322,319,935,322,319,935,322,319,935,1
319,121,929,319,121,929,319,121,929,1
121,200,1039,121,200,1039,121,200,1039,1
200,307,928,200,307,928,200,307,928,1
307,302,940,307,302,940,307,302,940,1
302,291,936,302,291,936,302,291,936,1
291,294,931,291,294,931,291,294,931,1
294,320,946,294,320,946,294,320,946,1
320,316,940,320,316,940,320,316,940,1
316,304,916,316,304,916,316,304,916,1
304,307,907,304,307,907,304,307,907,1
307,303,918,307,303,918,307,303,918,1
303,302,934,303,302,934,303,302,934,1
302,304,918,302,304,918,302,304,918,1
304,322,920,304,322,920,304,322,920,1
322,124,934,322,124,934,322,124,934,1
124,202,1028,124,202,1028,124,202,1028,1
202,313,941,202,313,941,202,313,941,1
313,304,930,313,304,930,313,304,930,1
304,298,927,304,298,927,304,298,927,1
298,301,938,298,301,938,298,301,938,1
301,296,926,301,296,926,301,296,926,1
296,310,919,296,310,919,296,310,919,1
310,330,926,310,330,926,310,330,926,1
330,315,926,330,315,926,330,315,926,1
315,304,914,315,304,914,315,304,914,1
304,304,904,304,304,904,304,304,904,1
304,313,912,304,313,912,304,313,912,1
313,320,933,313,320,933,313,320,933,1
320,320,929,320,320,929,320,320,929,1
320,339,921,320,339,921,320,339,921,1
339,327,953,339,327,953,339,327,953,1
327,305,923,327,305,923,327,305,923,1
305,302,913,305,302,913,305,302,913,1
302,304,910,302,304,910,302,304,910,1
304,315,923,304,315,923,304,315,923,1
315,322,909,315,322,909,315,322,909,1
322,327,927,322,327,927,322,327,927,1
327,124,937,327,124,937,327,124,937,1
124,200,1044,124,200,1044,124,200,1044,1
200,304,927,200,304,927,200,304,927,1
304,300,928,304,300,928,304,300,928,1
300,304,928,300,304,928,300,304,928,1
304,315,926,304,315,926,304,315,926,1
315,313,910,315,313,910,315,313,910,1
313,242,912,313,242,912,313,242,912,1
242,194,956,242,194,956,242,194,956,1
194,202,1036,194,202,1036,194,202,1036,1
202,297,927,202,297,927,202,297,927,1
297,294,915,297,294,915,297,294,915,1
294,297,918,294,297,918,294,297,918,1
297,315,918,297,315,918,297,315,918,1
315,320,925,315,320,925,315,320,925,1
320,319,922,320,319,922,320,319,922,1
319,323,936,319,323,936,319,323,936,1
323,310,928,323,310,928,323,310,928,1
310,298,920,310,298,920,310,298,920,1
298,312,919,298,312,919,298,312,919,1
312,311,928,312,311,928,312,311,928,1
311,189,945,311,189,945,311,189,945,1
189,137,985,189,137,985,189,137,985,1
137,245,935,137,245,935,137,245,935,1
245,183,967,245,183,967,245,183,967,1
183,198,1053,183,198,1053,183,198,1053,1
198,310,960,198,310,960,198,310,960,1
310,297,922,310,297,922,310,297,922,1
297,295,901,297,295,901,297,295,901,1
295,311,906,295,311,906,295,311,906,1
311,324,921,311,324,921,311,324,921,1
324,317,923,324,317,923,324,317,923,1
317,236,909,317,236,909,317,236,909,1
236,185,946,236,185,946,236,185,946,1
185,198,1023,185,198,1023,185,198,1023,1
198,292,929,198,292,929,198,292,929,1
292,293,908,292,293,908,292,293,908,1
293,305,916,293,305,916,293,305,916,1
305,318,928,305,318,928,305,318,928,1
318,321,945,318,321,945,318,321,945,1
321,304,921,321,304,921,321,304,921,1
304,303,913,304,303,913,304,303,913,1
303,305,922,303,305,922,303,305,922,1
305,301,919,305,301,919,305,301,919,1
301,310,924,301,310,924,301,310,924,1
310,121,935,310,121,935,310,121,935,1
121,124,1035,121,124,1035,121,124,1035,1
124,201,967,124,201,967,124,201,967,1
201,211,1046,201,211,1046,201,211,1046,1
211,315,958,211,315,958,211,315,958,1
315,299,924,315,299,924,315,299,924,1
299,315,899,299,315,899,299,315,899,1
315,301,904,315,301,904,315,301,904,1
301,300,914,301,300,914,301,300,914,1
300,315,899,300,315,899,300,315,899,1
315,320,903,315,320,903,315,320,903,1
320,312,923,320,312,923,320,312,923,1
312,295,908,312,295,908,312,295,908,1
295,296,899,295,296,899,295,296,899,1
296,300,910,296,300,910,296,300,910,1
300,295,921,300,295,921,300,295,921,1
295,311,908,295,311,908,295,311,908,1
311,316,918,311,316,918,311,316,918,1
316,317,926,316,317,926,316,317,926,1
317,293,914,317,293,914,317,293,914,1
293,287,906,293,287,906,293,287,906,1
287,306,897,287,306,897,287,306,897,1
306,307,906,306,307,906,306,307,906,1
307,308,912,307,308,912,307,308,912,1
308,313,914,308,313,914,308,313,914,1
313,315,895,313,315,895,313,315,895,1
315,304,916,315,304,916,315,304,916,1
304,293,909,304,293,909,304,293,909,1
293,304,899,293,304,899,293,304,899,1
304,315,911,304,315,911,304,315,911,1
315,314,913,315,314,913,315,314,913,1
314,325,911,314,325,911,314,325,911,1
325,321,906,325,321,906,325,321,906,1
321,315,913,321,315,913,321,315,913,1
315,300,907,315,300,907,315,300,907,1
300,299,917,300,299,917,300,299,917,1
299,331,902,299,331,902,299,331,902,1
331,331,919,331,331,919,331,331,919,1
331,306,924,331,306,924,331,306,924,1
306,305,915,306,305,915,306,305,915,1
305,302,901,305,302,901,305,302,901,1
302,284,932,302,284,932,302,284,932,1
284,282,934,284,282,934,284,282,934,1
282,307,910,282,307,910,282,307,910,1
307,121,924,307,121,924,307,121,924,1
121,197,1034,121,197,1034,121,197,1034,1
197,320,921,197,320,921,197,320,921,1
320,316,926,320,316,926,320,316,926,1
316,310,916,316,310,916,316,310,916,1
310,316,901,310,316,901,310,316,901,1
316,309,910,316,309,910,316,309,910,1
309,331,925,309,331,925,309,331,925,1
331,121,941,331,121,941,331,121,941,1
121,218,1027,121,218,1027,121,218,1027,1
218,328,922,218,328,922,218,328,922,1
328,327,921,328,327,921,328,327,921,1
327,315,916,327,315,916,327,315,916,1
315,318,931,315,318,931,315,318,931,1
318,316,926,318,316,926,318,316,926,1
316,327,936,316,327,936,316,327,936,1
327,126,947,327,126,947,327,126,947,1
126,215,1030,126,215,1030,126,215,1030,1
215,322,936,215,322,936,215,322,936,1
322,319,913,322,319,913,322,319,913,1
319,313,920,319,313,920,319,313,920,1
313,244,919,313,244,919,313,244,919,1
244,184,951,244,184,951,244,184,951,1
184,204,1027,184,204,1027,184,204,1027,1
204,328,928,204,328,928,204,328,928,1
328,339,924,328,339,924,328,339,924,1
339,324,931,339,324,931,339,324,931,1
324,306,927,324,306,927,324,306,927,1
306,309,929,306,309,929,306,309,929,1
309,319,933,309,319,933,309,319,933,1
319,319,931,319,319,931,319,319,931,1
319,324,948,319,324,948,319,324,948,1
324,340,947,324,340,947,324,340,947,1
340,316,941,340,316,941,340,316,941,1
316,307,931,316,307,931,316,307,931,1
307,306,934,307,306,934,307,306,934,1
306,319,936,306,319,936,306,319,936,1
319,326,935,319,326,935,319,326,935,1
326,327,938,326,327,938,326,327,938,1
327,340,941,327,340,941,327,340,941,1
340,318,957,340,318,957,340,318,957,1
318,301,940,318,301,940,318,301,940,1
301,306,939,301,306,939,301,306,939,1
306,308,926,306,308,926,306,308,926,1
308,321,939,308,321,939,308,321,939,1
321,322,941,321,322,941,321,322,941,1
322,249,925,322,249,925,322,249,925,1
249,195,971,249,195,971,249,195,971,1
195,199,1060,195,199,1060,195,199,1060,1
199,297,953,199,297,953,199,297,953,1
297,303,916,297,303,916,297,303,916,1
303,314,919,303,314,919,303,314,919,1
314,330,916,314,330,916,314,330,916,1
330,323,914,330,323,914,330,323,914,1
323,319,901,323,319,901,323,319,901,1
319,319,915,319,319,915,319,319,915,1
319,299,903,319,299,903,319,299,903,1
299,291,908,299,291,908,299,291,908,1
291,304,903,291,304,903,291,304,903,1
304,326,915,304,326,915,304,326,915,1
326,319,921,326,319,921,326,319,921,1
319,309,926,319,309,926,319,309,926,1
309,316,917,309,316,917,309,316,917,1
316,304,912,316,304,912,316,304,912,1
304,296,918,304,296,918,304,296,918,1
296,308,926,296,308,926,296,308,926,1
308,317,928,308,317,928,308,317,928,1
317,329,918,317,329,918,317,329,918,1
329,321,916,329,321,916,329,321,916,1
321,236,917,321,236,917,321,236,917,1
236,185,962,236,185,962,236,185,962,1
185,198,1042,185,198,1042,185,198,1042,1
198,299,925,198,299,925,198,299,925,1
299,317,899,299,317,899,299,317,899,1
317,328,912,317,328,912,317,328,912,1
328,331,940,328,331,940,328,331,940,1
331,316,934,331,316,934,331,316,934,1
316,307,903,316,307,903,316,307,903,1
307,311,904,307,311,904,307,311,904,1
311,302,901,311,302,901,311,302,901,1
302,305,900,302,305,900,302,305,900,1
305,323,919,305,323,919,305,323,919,1
323,123,949,323,123,949,323,123,949,1
123,209,1036,123,209,1036,123,209,1036,1
209,316,924,209,316,924,209,316,924,1
316,303,927,316,303,927,316,303,927,1
303,317,909,303,317,909,303,317,909,1
317,307,899,317,307,899,317,307,899,1
307,310,905,307,310,905,307,310,905,1
310,323,911,310,323,911,310,323,911,1
323,331,914,323,331,914,323,331,914,1
331,322,946,331,322,946,331,322,946,1
322,303,944,322,303,944,322,303,944,1
303,314,927,303,314,927,303,314,927,1
314,321,929,314,321,929,314,321,929,1
321,321,949,321,321,949,321,321,949,1
321,337,946,321,337,946,321,337,946,1
337,197,945,337,197,945,337,197,945,1
197,135,983,197,135,983,197,135,983,1
135,327,939,135,327,939,135,327,939,1
327,298,947,327,298,947,327,298,947,1
298,302,933,298,302,933,298,302,933,1
302,315,952,302,315,952,302,315,952,1
315,315,953,315,315,953,315,315,953,1
315,320,946,315,320,946,315,320,946,1
320,320,951,320,320,951,320,320,951,1
320,318,942,320,318,942,320,318,942,1
318,300,935,318,300,935,318,300,935,1
300,306,929,300,306,929,300,306,929,1
306,324,943,306,324,943,306,324,943,1
324,325,933,324,325,933,324,325,933,1
325,328,909,325,328,909,325,328,909,1
328,328,934,328,328,934,328,328,934,1
328,184,968,328,184,968,328,184,968,1
184,139,994,184,139,994,184,139,994,1
139,243,943,139,243,943,139,243,943,1
243,182,957,243,182,957,243,182,957,1
182,198,1053,182,198,1053,182,198,1053,1
198,334,942,198,334,942,198,334,942,1
334,326,929,334,326,929,334,326,929,1
326,329,896,326,329,896,326,329,896,1
329,199,893,329,199,893,329,199,893,1
199,147,936,199,147,936,199,147,936,1
147,331,904,147,331,904,147,331,904,1
331,182,924,331,182,924,331,182,924,1
182,140,965,182,140,965,182,140,965,1
140,178,911,140,178,911,140,178,911,1
178,137,969,178,137,969,178,137,969,1
137,198,925,137,198,925,137,198,925,1
198,142,978,198,142,978,198,142,978,1
142,335,934,142,335,934,142,335,934,1
335,326,921,335,326,921,335,326,921,1
326,325,931,326,325,931,326,325,931,1
325,316,944,325,316,944,325,316,944,1
316,305,927,316,305,927,316,305,927,1
305,319,931,305,319,931,305,319,931,1
319,341,942,319,341,942,319,341,942,1
341,338,932,341,338,932,341,338,932,1
338,328,931,338,328,931,338,328,931,1
328,319,952,328,319,952,328,319,952,1
319,327,942,319,327,942,319,327,942,1
327,321,917,327,321,917,327,321,917,1
321,316,921,321,316,921,321,316,921,1
316,342,934,316,342,934,316,342,934,1
342,326,932,342,326,932,342,326,932,1
326,319,912,326,319,912,326,319,912,1
319,309,918,319,309,918,319,309,918,1
309,315,925,309,315,925,309,315,925,1
315,318,919,315,318,919,315,318,919,1
318,323,910,318,323,910,318,323,910,1
323,342,930,323,342,930,323,342,930,1
342,332,917,342,332,917,342,332,917,1
332,308,918,332,308,918,332,308,918,1
308,310,901,308,310,901,308,310,901,1
310,310,904,310,310,904,310,310,904,1
310,314,915,310,314,915,310,314,915,1
314,327,901,314,327,901,314,327,901,1
327,194,912,327,194,912,327,194,912,1
194,146,968,194,146,968,194,146,968,1
146,124,937,146,124,937,146,124,937,1
124,207,1028,124,207,1028,124,207,1028,1
207,306,941,207,306,941,207,306,941,1
306,300,923,306,300,923,306,300,923,1
300,304,939,300,304,939,300,304,939,1
304,304,933,304,304,933,304,304,933,1
304,295,922,304,295,922,304,295,922,1
295,299,885,295,299,885,295,299,885,1
299,122,900,299,122,900,299,122,900,1
122,184,1016,122,184,1016,122,184,1016,1
184,292,892,184,292,892,184,292,892,1
292,285,905,292,285,905,292,285,905,1
285,295,891,285,295,891,285,295,891,1
295,313,907,295,313,907,295,313,907,1
313,327,939,313,327,939,313,327,939,1
327,320,945,327,320,945,327,320,945,1
320,337,936,320,337,936,320,337,936,1
337,323,952,337,323,952,337,323,952,1
323,310,940,323,310,940,323,310,940,1
310,313,946,310,313,946,310,313,946,1
313,187,948,313,187,948,313,187,948,1
187,135,997,187,135,997,187,135,997,1
135,338,950,135,338,950,135,338,950,1
338,325,933,338,325,933,338,325,933,1
325,318,936,325,318,936,325,318,936,1
318,308,943,318,308,943,318,308,943,1
308,286,934,308,286,934,308,286,934,1
286,294,925,286,294,925,286,294,925,1
294,306,917,294,306,917,294,306,917,1
306,320,932,306,320,932,306,320,932,1
320,319,922,320,319,922,320,319,922,1
319,316,912,319,316,912,319,316,912,1
316,320,915,316,320,915,316,320,915,1
320,305,913,320,305,913,320,305,913,1
305,304,916,305,304,916,305,304,916,1
304,243,920,304,243,920,304,243,920,1
243,194,944,243,194,944,243,194,944,1
194,136,1030,194,136,1030,194,136,1030,1
136,199,946,136,199,946,136,199,946,1
199,197,1027,199,197,1027,199,197,1027,1
197,301,925,197,301,925,197,301,925,1
301,311,923,301,311,923,301,311,923,1
311,300,932,311,300,932,311,300,932,1
300,303,932,300,303,932,300,303,932,1
303,318,921,303,318,921,303,318,921,1
318,324,898,318,324,898,318,324,898,1
324,332,918,324,332,918,324,332,918,1
332,315,929,332,315,929,332,315,929,1
315,309,924,315,309,924,315,309,924,1
309,314,910,309,314,910,309,314,910,1
314,310,905,314,310,905,314,310,905,1
310,194,911,310,194,911,310,194,911,1
194,139,960,194,139,960,194,139,960,1
139,255,924,139,255,924,139,255,924,1
255,195,968,255,195,968,255,195,968,1
195,218,1055,195,218,1055,195,218,1055,1
218,190,950,218,190,950,218,190,950,1
190,139,965,190,139,965,190,139,965,1
139,185,905,139,185,905,139,185,905,1
185,134,955,185,134,955,185,134,955,1
134,190,896,134,190,896,134,190,896,1
190,142,931,190,142,931,190,142,931,1
142,329,888,142,329,888,142,329,888,1
329,258,884,329,258,884,329,258,884,1
258,189,912,258,189,912,258,189,912,1
189,152,1008,189,152,1008,189,152,1008,1
152,195,939,152,195,939,152,195,939,1
195,218,1027,195,218,1027,195,218,1027,1
218,313,932,218,313,932,218,313,932,1
313,321,951,313,321,951,313,321,951,1
321,322,961,321,322,961,321,322,961,1
322,189,954,322,189,954,322,189,954,1
189,139,995,189,139,995,189,139,995,1
139,334,968,139,334,968,139,334,968,1
334,331,945,334,331,945,334,331,945,1
331,192,943,331,192,943,331,192,943,1
192,137,993,192,137,993,192,137,993,1
137,310,935,137,310,935,137,310,935,1
310,310,949,310,310,949,310,310,949,1
310,315,937,310,315,937,310,315,937,1
315,121,929,315,121,929,315,121,929,1
121,195,1051,121,195,1051,121,195,1051,1
195,328,931,195,328,931,195,328,931,1
328,319,933,328,319,933,328,319,933,1
319,315,917,319,315,917,319,315,917,1
315,301,896,315,301,896,315,301,896,1
301,296,896,301,296,896,301,296,896,1
296,316,902,296,316,902,296,316,902,1
316,324,911,316,324,911,316,324,911,1
324,324,915,324,324,915,324,324,915,1
324,334,919,324,334,919,324,334,919,1
334,336,933,334,336,933,334,336,933,1
336,321,929,336,321,929,336,321,929,1
321,319,934,321,319,934,321,319,934,1
319,203,961,319,203,961,319,203,961,1
203,137,1002,203,137,1002,203,137,1002,1
137,334,956,137,334,956,137,334,956,1
334,194,899,334,194,899,334,194,899,1
194,139,935,194,139,935,194,139,935,1
139,324,888,139,324,888,139,324,888,1
324,315,906,324,315,906,324,315,906,1
315,306,904,315,306,904,315,306,904,1
306,302,915,306,302,915,306,302,915,1
302,332,934,302,332,934,302,332,934,1
332,322,945,332,322,945,332,322,945,1
322,313,932,322,313,932,322,313,932,1
313,312,944,313,312,944,313,312,944,1
312,306,920,312,306,920,312,306,920,1
306,302,879,306,302,879,306,302,879,1
302,301,863,302,301,863,302,301,863,1
301,320,875,301,320,875,301,320,875,1
320,125,901,320,125,901,320,125,901,1
125,205,1005,125,205,1005,125,205,1005,1
205,321,909,205,321,909,205,321,909,1
321,313,906,321,313,906,321,313,906,1
313,303,925,313,303,925,313,303,925,1
303,305,891,303,305,891,303,305,891,1
305,305,863,305,305,863,305,305,863,1
305,237,885,305,237,885,305,237,885,1
237,201,932,237,201,932,237,201,932,1
201,208,1013,201,208,1013,201,208,1013,1
208,322,907,208,322,907,208,322,907,1
322,310,910,322,310,910,322,310,910,1
310,301,934,310,301,934,310,301,934,1
301,314,936,301,314,936,301,314,936,1
314,306,943,314,306,943,314,306,943,1
306,316,932,306,316,932,306,316,932,1
316,339,942,316,339,942,316,339,942,1
339,320,930,339,320,930,339,320,930,1
320,310,927,320,310,927,320,310,927,1
310,302,918,310,302,918,310,302,918,1
302,309,916,302,309,916,302,309,916,1
309,313,917,309,313,917,309,313,917,1
313,317,910,313,317,910,313,317,910,1
317,337,924,317,337,924,317,337,924,1
337,123,943,337,123,943,337,123,943,1
123,204,1046,123,204,1046,123,204,1046,1
204,315,935,204,315,935,204,315,935,1
315,310,939,315,310,939,315,310,939,1
310,310,924,310,310,924,310,310,924,1
310,330,913,310,330,913,310,330,913,1
330,327,930,330,327,930,330,327,930,1
327,330,924,327,330,924,327,330,924,1
330,121,920,330,121,920,330,121,920,1
121,211,1033,121,211,1033,121,211,1033,-1
211,314,918,211,314,918,211,314,918,1
314,310,928,314,310,928,314,310,928,1
310,321,925,310,321,925,310,321,925,1
321,330,943,321,330,943,321,330,943,1
330,328,936,330,328,936,330,328,936,1
328,336,922,328,336,922,328,336,922,1
336,328,914,336,328,914,336,328,914,1
328,305,907,328,305,907,328,305,907,1
305,310,910,305,310,910,305,310,910,1
310,319,918,310,319,918,310,319,918,1
319,327,939,319,327,939,319,327,939,1
327,318,924,327,318,924,327,318,924,1
318,318,927,318,318,927,318,318,927,-1
318,314,943,318,314,943,318,314,943,1
314,288,914,314,288,914,314,288,914,1
288,294,877,288,294,877,288,294,877,1
294,307,876,294,307,876,294,307,876,1
307,321,906,307,321,906,307,321,906,1
321,315,919,321,315,919,321,315,919,1
315,311,913,315,311,913,315,311,913,1
311,317,904,311,317,904,311,317,904,1
317,302,912,317,302,912,317,302,912,1
302,290,925,302,290,925,302,290,925,1
290,305,910,290,305,910,290,305,910,1
305,250,919,305,250,919,305,250,919,1
250,163,962,250,163,962,250,163,962,1
163,245,986,163,245,986,163,245,986,1
245,324,972,245,324,972,245,324,972,1
324,320,967,324,320,967,324,320,967,1
320,311,933,320,311,933,320,311,933,1
311,300,935,311,300,935,311,300,935,1
300,309,933,300,309,933,300,309,933,1
309,322,920,309,322,920,309,322,920,1
322,326,938,322,326,938,322,326,938,1
326,307,924,326,307,924,326,307,924,1
307,307,922,307,307,922,307,307,922,1
307,308,936,307,308,936,307,308,936,1
308,295,920,308,295,920,308,295,920,1
295,305,910,295,305,910,295,305,910,1
305,323,930,305,323,930,305,323,930,1
323,121,938,323,121,938,323,121,938,1
121,204,1032,121,204,1032,121,204,1032,1
204,315,947,204,315,947,204,315,947,1
315,303,933,315,303,933,315,303,933,1
303,317,919,303,317,919,303,317,919,1
317,304,937,317,304,937,317,304,937,1
304,306,920,304,306,920,304,306,920,1
306,325,920,306,325,920,306,325,920,1
325,334,924,325,334,924,325,334,924,1
334,318,945,334,318,945,334,318,945,1
318,305,934,318,305,934,318,305,934,1
305,314,912,305,314,912,305,314,912,1
314,315,931,314,315,931,314,315,931,1
315,316,931,315,316,931,315,316,931,1
316,326,940,316,326,940,316,326,940,1
326,192,922,326,192,922,326,192,922,1
192,138,979,192,138,979,192,138,979,1
138,323,931,138,323,931,138,323,931,1
323,301,929,323,301,929,323,301,929,1
301,232,915,301,232,915,301,232,915,1
232,193,971,232,193,971,232,193,971,1
193,189,1055,193,189,1055,193,189,1055,1
189,305,979,189,305,979,189,305,979,1
305,321,990,305,321,990,305,321,990,1
321,318,967,321,318,967,321,318,967,1
318,318,939,318,318,939,318,318,939,1
318,299,936,318,299,936,318,299,936,1
299,292,943,299,292,943,299,292,943,1
292,319,923,292,319,923,292,319,923,1
319,319,915,319,319,915,319,319,915,1
319,322,914,319,322,914,319,322,914,1
322,326,911,322,326,911,322,326,911,1
326,123,881,326,123,881,326,123,881,-1
123,203,988,123,203,988,123,203,988,1
203,312,873,203,312,873,203,312,873,1
312,302,885,312,302,885,312,302,885,1
302,320,874,302,320,874,302,320,874,1
320,324,882,320,324,882,320,324,882,1
324,318,881,324,318,881,324,318,881,1
318,312,893,318,312,893,318,312,893,1
312,311,889,312,311,889,312,311,889,1
311,303,893,311,303,893,311,303,893,1
303,297,891,303,297,891,303,297,891,1
297,311,912,297,311,912,297,311,912,1
311,121,916,311,121,916,311,121,916,1
121,205,1042,121,205,1042,121,205,1042,1
205,318,952,205,318,952,205,318,952,1
318,325,940,318,325,940,318,325,940,1
325,315,919,325,315,919,325,315,919,1
315,312,920,315,312,920,315,312,920,1
312,298,933,312,298,933,312,298,933,-1
298,305,945,298,305,945,298,305,945,1
305,123,925,305,123,925,305,123,925,1
123,212,1026,123,212,1026,123,212,1026,1
212,318,913,212,318,913,212,318,913,1
318,307,924,318,307,924,318,307,924,1
307,301,919,307,301,919,307,301,919,1
301,295,910,301,295,910,301,295,910,1
295,295,915,295,295,915,295,295,915,1
295,285,915,295,285,915,295,285,915,1
285,159,580,285,159,580,285,159,580,1
159,132,591,159,132,591,159,132,591,1
132,121,657,132,121,657,132,121,657,1
121,166,698,121,166,698,121,166,698,1
166,270,701,166,270,701,166,270,701,1
270,160,896,270,160,896,270,160,896,1
160,189,1051,160,189,1051,160,189,1051,1
189,158,1027,189,158,1027,189,158,1027,1
158,169,820,158,169,820,158,169,820,1
169,326,854,169,326,854,169,326,854,1
326,239,930,326,239,930,326,239,930,1
239,141,961,239,141,961,239,141,961,1
141,266,963,141,266,963,141,266,963,1
266,186,978,266,186,978,266,186,978,1
186,160,1013,186,160,1013,186,160,1013,1
160,248,1053,160,248,1053,160,248,1053,1
248,237,1121,248,237,1121,248,237,1121,1
237,233,1152,237,233,1152,237,233,1152,1
233,236,1086,233,236,1086,233,236,1086,1
236,245,1072,236,245,1072,236,245,1072,1
245,243,1122,245,243,1122,245,243,1122,1
243,253,1110,243,253,1110,243,253,1110,1
253,272,1098,253,272,1098,253,272,1098,1
272,121,1085,272,121,1085,272,121,1085,1
121,162,1152,121,162,1152,121,162,1152,1
162,276,1051,162,276,1051,162,276,1051,1
276,266,1032,276,266,1032,276,266,1032,1
266,274,1015,266,274,1015,266,274,1015,1
274,286,992,274,286,992,274,286,992,1
286,298,981,286,298,981,286,298,981,1
298,305,971,298,305,971,298,305,971,1
305,315,957,305,315,957,305,315,957,1
315,121,956,315,121,956,315,121,956,1
121,201,1019,121,201,1019,121,201,1019,1
201,307,945,201,307,945,201,307,945,1
307,303,938,307,303,938,307,303,938,1
303,308,933,303,308,933,303,308,933,1
308,190,944,308,190,944,308,190,944,1
190,138,975,190,138,975,190,138,975,1
138,330,938,138,330,938,138,330,938,1
330,341,941,330,341,941,330,341,941,1
341,336,957,341,336,957,341,336,957,1
336,192,950,336,192,950,336,192,950,1
192,125,997,192,125,997,192,125,997,1
125,187,958,125,187,958,125,187,958,1
187,135,1000,187,135,1000,187,135,1000,1
135,258,963,135,258,963,135,258,963,1
258,149,988,258,149,988,258,149,988,1
149,265,1043,149,265,1043,149,265,1043,1
265,334,1070,265,334,1070,265,334,1070,1
334,196,1057,334,196,1057,334,196,1057,1
196,145,1058,196,145,1058,196,145,1058,1
145,203,995,145,203,995,145,203,995,1
203,130,987,203,130,987,203,130,987,1
130,310,959,130,310,959,130,310,959,1
310,307,974,310,307,974,310,307,974,1
307,304,973,307,304,973,307,304,973,1
304,320,932,304,320,932,304,320,932,1
320,320,918,320,320,918,320,320,918,1
320,313,891,320,313,891,320,313,891,1
313,328,856,313,328,856,313,328,856,1
328,308,842,328,308,842,328,308,842,1
308,310,840,308,310,840,308,310,840,1
310,324,843,310,324,843,310,324,843,1
324,252,844,324,252,844,324,252,844,1
252,189,871,252,189,871,252,189,871,1
189,142,958,189,142,958,189,142,958,1
142,188,887,142,188,887,142,188,887,1
188,217,956,188,217,956,188,217,956,1
217,321,876,217,321,876,217,321,876,1
321,226,869,321,226,869,321,226,869,1
226,138,922,226,138,922,226,138,922,1
138,220,948,138,220,948,138,220,948,1
220,311,915,220,311,915,220,311,915,1
311,343,927,311,343,927,311,343,927,1
343,323,949,343,323,949,343,323,949,1
323,319,945,323,319,945,323,319,945,1
319,324,939,319,324,939,319,324,939,1
324,314,940,324,314,940,324,314,940,1
314,301,937,314,301,937,314,301,937,1
301,314,949,301,314,949,301,314,949,1
314,198,952,314,198,952,314,198,952,1
198,135,978,198,135,978,198,135,978,1
135,122,942,135,122,942,135,122,942,1
122,137,1013,122,137,1013,122,137,1013,1
137,154,947,137,154,947,137,154,947,1
154,207,962,154,207,962,154,207,962,1
207,279,938,207,279,938,207,279,938,1
279,274,827,279,274,827,279,274,827,1
274,186,818,274,186,818,274,186,818,1
186,175,1167,186,175,1167,186,175,1167,1
175,156,1177,175,156,1177,175,156,1177,1
156,268,968,156,268,968,156,268,968,1
268,270,844,268,270,844,268,270,844,1
270,273,893,270,273,893,270,273,893,1
273,263,929,273,263,929,273,263,929,1
263,255,955,263,255,955,263,255,955,1
255,266,987,255,266,987,255,266,987,1
266,264,988,266,264,988,266,264,988,1
264,264,981,264,264,981,264,264,981,1
264,285,994,264,285,994,264,285,994,1
285,289,1027,285,289,1027,285,289,1027,1
289,303,986,289,303,986,289,303,986,1
303,300,965,303,300,965,303,300,965,1
300,297,976,300,297,976,300,297,976,1
297,308,989,297,308,989,297,308,989,1
308,278,971,308,278,971,308,278,971,1
278,363,951,278,363,951,278,363,951,1
363,199,948,363,199,948,363,199,948,1
199,138,1002,199,138,1002,199,138,1002,1
138,330,935,138,330,935,138,330,935,1
330,322,943,330,322,943,330,322,943,1
322,304,902,322,304,902,322,304,902,1
304,318,915,304,318,915,304,318,915,1
318,325,939,318,325,939,318,325,939,1
325,245,922,325,245,922,325,245,922,1
245,156,922,245,156,922,245,156,922,1
156,258,942,156,258,942,156,258,942,1
258,195,910,258,195,910,258,195,910,1
195,135,977,195,135,977,195,135,977,1
135,319,928,135,319,928,135,319,928,1
319,310,935,319,310,935,319,310,935,1
310,184,932,310,184,932,310,184,932,1
184,136,974,184,136,974,184,136,974,1
136,257,915,136,257,915,136,257,915,1
257,190,949,257,190,949,257,190,949,1
190,212,1028,190,212,1028,190,212,1028,1
212,195,913,212,195,913,212,195,913,1
195,147,961,195,147,961,195,147,961,1
147,329,916,147,329,916,147,329,916,1
329,202,905,329,202,905,329,202,905,1
202,222,981,202,222,981,202,222,981,1
222,200,1041,222,200,1041,222,200,1041,1
200,313,907,200,313,907,200,313,907,1
313,322,911,313,322,911,313,322,911,1
322,318,931,322,318,931,322,318,931,1
318,321,900,318,321,900,318,321,900,1
321,239,894,321,239,894,321,239,894,1
239,156,929,239,156,929,239,156,929,1
156,232,957,156,232,957,156,232,957,1
232,310,911,232,310,911,232,310,911,1
310,180,886,310,180,886,310,180,886,1
180,141,945,180,141,945,180,141,945,1
141,347,938,141,347,938,141,347,938,1
347,333,904,347,333,904,347,333,904,1
333,200,877,333,200,877,333,200,877,1
200,142,906,200,142,906,200,142,906,1
142,182,919,142,182,919,142,182,919,1
182,142,974,182,142,974,182,142,974,1
142,188,947,142,188,947,142,188,947,1
188,133,983,188,133,983,188,133,983,-1
133,318,923,133,318,923,133,318,923,1
318,194,909,318,194,909,318,194,909,1
194,139,925,194,139,925,194,139,925,1
139,206,930,139,206,930,139,206,930,1
206,149,988,206,149,988,206,149,988,1
149,329,967,149,329,967,149,329,967,1
329,194,918,329,194,918,329,194,918,1
194,139,935,194,139,935,194,139,935,1
139,179,888,139,179,888,139,179,888,1
179,141,958,179,141,958,179,141,958,1
141,320,951,141,320,951,141,320,951,1
320,313,970,320,313,970,320,313,970,1
313,191,908,313,191,908,313,191,908,1
191,140,926,191,140,926,191,140,926,1
140,265,904,140,265,904,140,265,904,1
265,194,960,265,194,960,265,194,960,1
194,208,1058,194,208,1058,194,208,1058,1
208,302,974,208,302,974,208,302,974,1
302,185,932,302,185,932,302,185,932,1
185,200,896,185,200,896,185,200,896,1
200,168,791,200,168,791,200,168,791,1
168,266,766,168,266,766,168,266,766,1
266,266,903,266,266,903,266,266,903,1
266,287,988,266,287,988,266,287,988,1
287,287,929,287,287,929,287,287,929,1
287,217,946,287,217,946,287,217,946,1
217,144,1021,217,144,1021,217,144,1021,1
144,202,1108,144,202,1108,144,202,1108,1
202,272,993,202,272,993,202,272,993,1
272,279,966,272,279,966,272,279,966,1
279,178,1029,279,178,1029,279,178,1029,1
178,188,954,178,188,954,178,188,954,1
188,187,983,188,187,983,188,187,983,1
187,285,877,187,285,877,187,285,877,-1
285,187,989,285,187,989,285,187,989,1
187,216,1035,187,216,1035,187,216,1035,1
216,151,1137,216,151,1137,216,151,1137,1
151,252,973,151,252,973,151,252,973,1
252,253,888,252,253,888,252,253,888,1
253,182,902,253,182,902,253,182,902,1
182,150,990,182,150,990,182,150,990,1
150,187,992,150,187,992,150,187,992,1
187,263,924,187,263,924,187,263,924,1
263,198,915,263,198,915,263,198,915,1
198,183,953,198,183,953,198,183,953,1
183,170,1021,183,170,1021,183,170,1021,1
170,277,917,170,277,917,170,277,917,1
277,267,933,277,267,933,277,267,933,1
267,271,935,267,271,935,267,271,935,1
271,279,1009,271,279,1009,271,279,1009,1
279,293,912,279,293,912,279,293,912,1
293,296,907,293,296,907,293,296,907,1
296,227,927,296,227,927,296,227,927,1
227,188,949,227,188,949,227,188,949,1
188,206,967,188,206,967,188,206,967,1
206,235,904,206,235,904,206,235,904,1
235,149,944,235,149,944,235,149,944,1
149,229,978,149,229,978,149,229,978,1
229,305,975,229,305,975,229,305,975,1
305,324,955,305,324,955,305,324,955,1
324,270,936,324,270,936,324,270,936,1
270,190,977,270,190,977,270,190,977,1
190,217,1055,190,217,1055,190,217,1055,1
217,196,972,217,196,972,217,196,972,1
196,145,978,196,145,978,196,145,978,1
145,184,956,145,184,956,145,184,956,1
184,141,963,184,141,963,184,141,963,1
141,308,934,141,308,934,141,308,934,1
308,314,949,308,314,949,308,314,949,1
314,331,940,314,331,940,314,331,940,1
331,342,928,331,342,928,331,342,928,-1
342,197,921,342,197,921,342,197,921,1
197,135,967,197,135,967,197,135,967,1
135,344,916,135,344,916,135,344,916,1
344,205,913,344,205,913,344,205,913,1
205,122,942,205,122,942,205,122,942,1
122,309,915,122,309,915,122,309,915,1
309,187,898,309,187,898,309,187,898,1
187,134,960,187,134,960,187,134,960,1
134,202,912,134,202,912,134,202,912,1
202,135,957,202,135,957,202,135,957,1
135,122,922,135,122,922,135,122,922,1
122,211,991,122,211,991,122,211,991,1
211,329,897,211,329,897,211,329,897,1
329,193,891,329,193,891,329,193,891,1
193,137,944,193,137,944,193,137,944,1
137,312,902,137,312,902,137,312,902,1
312,307,926,312,307,926,312,307,926,1
307,186,919,307,186,919,307,186,919,1
186,131,961,186,131,961,186,131,961,1
131,334,912,131,334,912,131,334,912,1
334,329,917,334,329,917,334,329,917,1
329,317,917,329,317,917,329,317,917,1
317,318,938,317,318,938,317,318,938,1
318,307,927,318,307,927,318,307,927,1
307,301,920,307,301,920,307,301,920,1
301,317,928,301,317,928,301,317,928,1
317,318,934,317,318,934,317,318,934,1
318,188,928,318,188,928,318,188,928,1
188,135,969,188,135,969,188,135,969,1
135,310,921,135,310,921,135,310,921,1
310,298,922,310,298,922,310,298,922,1
298,308,938,298,308,938,298,308,938,1
308,295,936,308,295,936,308,295,936,1
295,290,927,295,290,927,295,290,927,1
290,311,927,290,311,927,290,311,927,1
311,325,936,311,325,936,311,325,936,1
325,312,937,325,312,937,325,312,937,1
312,293,958,312,293,958,312,293,958,1
293,306,936,293,306,936,293,306,936,1
306,235,924,306,235,924,306,235,924,1
235,150,943,235,150,943,235,150,943,1
150,229,961,150,229,961,150,229,961,1
229,319,927,229,319,927,229,319,927,1
319,192,947,319,192,947,319,192,947,1
192,135,984,192,135,984,192,135,984,1
135,330,937,135,330,937,135,330,937,1
330,308,960,330,308,960,330,308,960,1
308,317,947,308,317,947,308,317,947,1
317,318,966,317,318,966,317,318,966,1
318,251,937,318,251,937,318,251,937,1
251,190,980,251,190,980,251,190,980,1
190,230,1061,190,230,1061,190,230,1061,1
230,331,953,230,331,953,230,331,953,1
331,195,933,331,195,933,331,195,933,1
195,139,960,195,139,960,195,139,960,1
139,317,920,139,317,920,139,317,920,1
317,321,923,317,321,923,317,321,923,1
321,257,951,321,257,951,321,257,951,1
257,188,952,257,188,952,257,188,952,1
188,219,1036,188,219,1036,188,219,1036,1
219,196,940,219,196,940,219,196,940,1
196,147,974,196,147,974,196,147,974,1
147,340,949,147,340,949,147,340,949,1
340,192,976,340,192,976,340,192,976,1
192,134,985,192,134,985,192,134,985,1
134,315,934,134,315,934,134,315,934,1
315,324,921,315,324,921,315,324,921,1
324,187,921,324,187,921,324,187,921,1
187,149,973,187,149,973,187,149,973,1
149,186,935,149,186,935,149,186,935,1
186,139,961,186,139,961,186,139,961,1
139,324,927,139,324,927,139,324,927,1
324,191,911,324,191,911,324,191,911,1
191,134,961,191,134,961,191,134,961,1
134,320,913,134,320,913,134,320,913,1
320,309,927,320,309,927,320,309,927,1
309,191,936,309,191,936,309,191,936,1
191,136,981,191,136,981,191,136,981,1
136,335,946,136,335,946,136,335,946,1
335,195,933,335,195,933,335,195,933,1
195,142,961,195,142,961,195,142,961,1
142,200,933,142,200,933,142,200,933,1
200,131,966,200,131,966,200,131,966,1
131,317,919,131,317,919,131,317,919,1
317,308,926,317,308,926,317,308,926,1
308,299,931,308,299,931,308,299,931,1
299,318,942,299,318,942,299,318,942,1
318,323,955,318,323,955,318,323,955,1
323,318,949,323,318,949,323,318,949,1
318,319,940,318,319,940,318,319,940,1
319,307,946,319,307,946,319,307,946,1
307,299,946,307,299,946,307,299,946,1
299,288,924,299,288,924,299,288,924,1
288,291,916,288,291,916,288,291,916,1
291,317,935,291,317,935,291,317,935,1
317,320,941,317,320,941,317,320,941,1
320,302,947,320,302,947,320,302,947,1
302,301,941,302,301,941,302,301,941,1
301,308,940,301,308,940,301,308,940,1
308,304,933,308,304,933,308,304,933,1
304,310,923,304,310,923,304,310,923,1
310,341,937,310,341,937,310,341,937,1
341,200,942,341,200,942,341,200,942,1
200,139,964,200,139,964,200,139,964,1
139,321,930,139,321,930,139,321,930,1
321,313,932,321,313,932,321,313,932,1
313,310,924,313,310,924,313,310,924,1
310,310,938,310,310,938,310,310,938,1
310,308,932,310,308,932,310,308,932,1
308,329,948,308,329,948,308,329,948,1
329,123,947,329,123,947,329,123,947,1
123,199,1023,123,199,1023,123,199,1023,1
199,300,932,199,300,932,199,300,932,1
300,302,941,300,302,941,300,302,941,1
302,298,966,302,298,966,302,298,966,1
298,303,930,298,303,930,298,303,930,1
303,298,906,303,298,906,303,298,906,1
298,306,904,298,306,904,298,306,904,1
306,327,924,306,327,924,306,327,924,1
327,313,928,327,313,928,327,313,928,1
313,295,934,313,295,934,313,295,934,1
295,305,928,295,305,928,295,305,928,1
305,192,918,305,192,918,305,192,918,1
192,134,952,192,134,952,192,134,952,1
134,302,923,134,302,923,134,302,923,1
302,291,924,302,291,924,302,291,924,1
291,299,940,291,299,940,291,299,940,1
299,285,948,299,285,948,299,285,948,1
285,268,906,285,268,906,285,268,906,1
268,262,910,268,262,910,268,262,910,1
262,257,952,262,257,952,262,257,952,1
257,268,956,257,268,956,257,268,956,1
268,270,960,268,270,960,268,270,960,1
270,270,978,270,270,978,270,270,978,1
270,279,933,270,279,933,270,279,933,1
279,289,860,279,289,860,279,289,860,1
289,272,905,289,272,905,289,272,905,1
272,268,907,272,268,907,272,268,907,1
268,285,902,268,285,902,268,285,902,1
285,297,914,285,297,914,285,297,914,1
297,311,942,297,311,942,297,311,942,1
311,318,935,311,318,935,311,318,935,1
318,187,945,318,187,945,318,187,945,1
187,144,982,187,144,982,187,144,982,1
144,192,955,144,192,955,144,192,955,1
192,136,1010,192,136,1010,192,136,1010,1
136,307,973,136,307,973,136,307,973,1
307,185,955,307,185,955,307,185,955,1
185,134,996,185,134,996,185,134,996,1
134,186,933,134,186,933,134,186,933,1
186,138,987,186,138,987,186,138,987,1
138,330,950,138,330,950,138,330,950,1
330,192,963,330,192,963,330,192,963,1
192,140,1007,192,140,1007,192,140,1007,1
140,201,953,140,201,953,140,201,953,1
201,134,987,201,134,987,201,134,987,1
134,327,948,134,327,948,134,327,948,1
327,310,970,327,310,970,327,310,970,1
310,308,973,310,308,973,310,308,973,1
308,312,942,308,312,942,308,312,942,1
312,334,934,312,334,934,312,334,934,1
334,196,962,334,196,962,334,196,962,1
196,125,1007,196,125,1007,196,125,1007,1
125,327,961,125,327,961,125,327,961,1
327,325,945,327,325,945,327,325,945,1
325,182,931,325,182,931,325,182,931,1
182,128,983,182,128,983,182,128,983,1
128,325,915,128,325,915,128,325,915,1
325,339,959,325,339,959,325,339,959,1
339,204,954,339,204,954,339,204,954,1
204,145,969,204,145,969,204,145,969,1
145,202,926,145,202,926,145,202,926,1
202,135,972,202,135,972,202,135,972,1
135,196,919,135,196,919,135,196,919,1
196,138,956,196,138,956,196,138,956,1
138,325,915,138,325,915,138,325,915,1
325,311,909,325,311,909,325,311,909,1
311,262,892,311,262,892,311,262,892,1
262,402,905,262,402,905,262,402,905,1
402,200,905,402,200,905,402,200,905,1
200,153,969,200,153,969,200,153,969,1
153,200,954,153,200,954,153,200,954,1
200,133,991,200,133,991,200,133,991,1
133,186,931,133,186,931,133,186,931,1
186,139,974,186,139,974,186,139,974,1
139,197,925,139,197,925,139,197,925,1
197,126,968,197,126,968,197,126,968,1
126,320,917,126,320,917,126,320,917,1
320,323,953,320,323,953,320,323,953,1
323,326,909,323,326,909,323,326,909,1
326,264,907,326,264,907,326,264,907,1
264,181,931,264,181,931,264,181,931,1
181,195,1047,181,195,1047,181,195,1047,1
195,301,924,195,301,924,195,301,924,1
301,307,920,301,307,920,301,307,920,1
307,303,875,307,303,875,307,303,875,1
303,323,923,303,323,923,303,323,923,1
323,323,951,323,323,951,323,323,951,1
323,334,910,323,334,910,323,334,910,1
334,319,904,334,319,904,334,319,904,1
319,309,944,319,309,944,319,309,944,1
309,314,945,309,314,945,309,314,945,1
314,310,906,314,310,906,314,310,906,1
310,253,914,310,253,914,310,253,914,1
253,195,980,253,195,980,253,195,980,1
195,218,1063,195,218,1063,195,218,1063,1
218,329,960,218,329,960,218,329,960,1
329,311,927,329,311,927,329,311,927,1
311,307,919,311,307,919,311,307,919,1
307,313,917,307,313,917,307,313,917,1
313,308,941,313,308,941,313,308,941,1
308,314,921,308,314,921,308,314,921,1
314,325,936,314,325,936,314,325,936,1
325,337,912,325,337,912,325,337,912,1
337,308,928,337,308,928,337,308,928,1
308,304,959,308,304,959,308,304,959,1
304,326,984,304,326,984,304,326,984,1
326,319,967,326,319,967,326,319,967,1
319,321,931,319,321,931,319,321,931,1
321,322,951,321,322,951,321,322,951,1
322,330,970,322,330,970,322,330,970,1
330,314,927,330,314,927,330,314,927,1
314,305,927,314,305,927,314,305,927,1
305,191,970,305,191,970,305,191,970,1
191,144,1014,191,144,1014,191,144,1014,1
144,342,952,144,342,952,144,342,952,1
342,255,917,342,255,917,342,255,917,1
255,156,956,255,156,956,255,156,956,1
156,250,992,156,250,992,156,250,992,1
250,332,981,250,332,981,250,332,981,1
332,318,955,332,318,955,332,318,955,1
318,245,924,318,245,924,318,245,924,1
245,146,914,245,146,914,245,146,914,1
146,178,937,146,178,937,146,178,937,1
178,189,973,178,189,973,178,189,973,1
189,225,1068,189,225,1068,189,225,1068,1
225,330,948,225,330,948,225,330,948,1
330,258,931,330,258,931,330,258,931,1
258,189,943,258,189,943,258,189,943,1
189,204,1046,189,204,1046,189,204,1046,1
204,311,959,204,311,959,204,311,959,1
311,316,938,311,316,938,311,316,938,1
316,195,930,316,195,930,316,195,930,1
195,138,951,195,138,951,195,138,951,1
138,331,921,138,331,921,138,331,921,1
331,321,951,331,321,951,331,321,951,1
321,318,914,321,318,914,321,318,914,1
318,311,920,318,311,920,318,311,920,1
311,300,936,311,300,936,311,300,936,1
300,294,954,300,294,954,300,294,954,1
294,320,928,294,320,928,294,320,928,1
320,121,930,320,121,930,320,121,930,1
121,127,1008,121,127,1008,121,127,1008,1
127,190,941,127,190,941,127,190,941,1
190,199,1045,190,199,1045,190,199,1045,1
199,186,948,199,186,948,199,186,948,1
186,136,988,186,136,988,186,136,988,1
136,182,925,136,182,925,136,182,925,1
182,130,970,182,130,970,182,130,970,1
130,314,917,130,314,917,130,314,917,1
314,315,928,314,315,928,314,315,928,1
315,190,921,315,190,921,315,190,921,1
190,147,954,190,147,954,190,147,954,1
147,122,920,147,122,920,147,122,920,1
122,219,1015,122,219,1015,122,219,1015,1
219,247,922,219,247,922,219,247,922,1
247,183,958,247,183,958,247,183,958,1
183,203,1052,183,203,1052,183,203,1052,1
203,303,927,203,303,927,203,303,927,1
303,305,906,303,305,906,303,305,906,1
305,290,910,305,290,910,305,290,910,1
290,293,920,290,293,920,290,293,920,1
293,307,934,293,307,934,293,307,934,1
307,306,917,307,306,917,307,306,917,1
306,299,927,306,299,927,306,299,927,1
299,301,929,299,301,929,299,301,929,1
301,325,937,301,325,937,301,325,937,1
325,329,936,325,329,936,325,329,936,1
329,334,939,329,334,939,329,334,939,1
334,202,940,334,202,940,334,202,940,1
202,163,970,202,163,970,202,163,970,1
163,202,948,163,202,948,163,202,948,1
202,149,971,202,149,971,202,149,971,1
149,322,947,149,322,947,149,322,947,1
322,189,940,322,189,940,322,189,940,1
189,129,950,189,129,950,189,129,950,1
129,334,914,129,334,914,129,334,914,1
334,334,932,334,334,932,334,334,932,1
334,194,952,334,194,952,334,194,952,1
194,138,972,194,138,972,194,138,972,1
138,204,937,138,204,937,138,204,937,1
204,139,962,204,139,962,204,139,962,1
139,323,924,139,323,924,139,323,924,1
323,305,960,323,305,960,323,305,960,1
305,311,932,305,311,932,305,311,932,1
311,250,915,311,250,915,311,250,915,1
250,189,946,250,189,946,250,189,946,1
189,210,1037,189,210,1037,189,210,1037,1
210,326,936,210,326,936,210,326,936,1
326,196,930,326,196,930,326,196,930,1
196,145,949,196,145,949,196,145,949,1
145,316,910,145,316,910,145,316,910,1
316,175,943,316,175,943,316,175,943,1
175,128,988,175,128,988,175,128,988,1
128,306,942,128,306,942,128,306,942,1
306,324,918,306,324,918,306,324,918,1
324,323,906,324,323,906,324,323,906,1
323,307,941,323,307,941,323,307,941,1
307,316,940,307,316,940,307,316,940,1
316,296,917,316,296,917,316,296,917,1
296,287,893,296,287,893,296,287,893,1
287,293,907,287,293,907,287,293,907,1
293,299,918,293,299,918,293,299,918,1
299,326,923,299,326,923,299,326,923,1
326,254,913,326,254,913,326,254,913,1
254,183,951,254,183,951,254,183,951,1
183,215,1039,183,215,1039,183,215,1039,1
215,313,949,215,313,949,215,313,949,1
313,295,922,313,295,922,313,295,922,1
295,308,895,295,308,895,295,308,895,1
308,323,918,308,323,918,308,323,918,1
323,331,937,323,331,937,323,331,937,1
331,331,914,331,331,914,331,331,914,1
331,194,918,331,194,918,331,194,918,1
194,135,974,194,135,974,194,135,974,1
135,322,950,135,322,950,135,322,950,1
322,292,941,322,292,941,322,292,941,1
292,302,917,292,302,917,292,302,917,1
302,313,927,302,313,927,302,313,927,1
313,259,941,313,259,941,313,259,941,-1
259,194,951,259,194,951,259,194,951,1
194,209,1016,194,209,1016,194,209,1016,1
209,193,927,209,193,927,209,193,927,1
193,132,967,193,132,967,193,132,967,1
132,192,924,132,192,924,132,192,924,1
192,141,970,192,141,970,192,141,970,1
141,316,910,141,316,910,141,316,910,1
316,314,900,316,314,900,316,314,900,1
314,330,930,314,330,930,314,330,930,1
330,275,947,330,275,947,330,275,947,1
275,189,956,275,189,956,275,189,956,1
189,218,1036,189,218,1036,189,218,1036,1
218,320,929,218,320,929,218,320,929,1
320,201,937,320,201,937,320,201,937,1
201,130,974,201,130,974,201,130,974,1
130,318,928,130,318,928,130,318,928,1
318,182,913,318,182,913,318,182,913,1
182,141,962,182,141,962,182,141,962,1
141,264,947,141,264,947,141,264,947,1
264,195,974,264,195,974,264,195,974,1
195,230,1062,195,230,1062,195,230,1062,1
230,196,946,230,196,946,230,196,946,1
196,140,976,196,140,976,196,140,976,1
140,317,943,140,317,943,140,317,943,1
317,326,940,317,326,940,317,326,940,1
326,312,932,326,312,932,326,312,932,1
312,324,917,312,324,917,312,324,917,1
324,257,939,324,257,939,324,257,939,1
257,190,968,257,190,968,257,190,968,1
190,208,1053,190,208,1053,190,208,1053,1
208,306,940,208,306,940,208,306,940,1
306,305,931,306,305,931,306,305,931,1
305,189,925,305,189,925,305,189,925,1
189,131,966,189,131,966,189,131,966,1
131,187,919,131,187,919,131,187,919,1
187,131,975,187,131,975,187,131,975,1
131,198,927,131,198,927,131,198,927,1
198,137,973,198,137,973,198,137,973,1
137,251,937,137,251,937,137,251,937,1
251,190,958,251,190,958,251,190,958,1
190,133,1044,190,133,1044,190,133,1044,1
133,188,959,133,188,959,133,188,959,1
188,183,1030,188,183,1030,188,183,1030,1
183,280,946,183,280,946,183,280,946,1
280,296,919,280,296,919,280,296,919,1
296,288,932,296,288,932,296,288,932,1
288,294,947,288,294,947,288,294,947,1
294,315,959,294,315,959,294,315,959,1
315,324,950,315,324,950,315,324,950,1
324,320,944,324,320,944,324,320,944,1
320,310,941,320,310,941,320,310,941,1
310,317,939,310,317,939,310,317,939,1
317,330,964,317,330,964,317,330,964,1
330,193,965,330,193,965,330,193,965,1
193,138,984,193,138,984,193,138,984,1
138,205,959,138,205,959,138,205,959,1
205,135,986,205,135,986,205,135,986,1
135,337,953,135,337,953,135,337,953,1
337,323,950,337,323,950,337,323,950,1
323,310,944,323,310,944,323,310,944,1
310,185,938,310,185,938,310,185,938,1
185,135,994,185,135,994,185,135,994,1
135,323,939,135,323,939,135,323,939,1
323,324,949,323,324,949,323,324,949,1
324,332,950,324,332,950,324,332,950,1
332,182,942,332,182,942,332,182,942,1
182,142,987,182,142,987,182,142,987,1
142,313,944,142,313,944,142,313,944,1
313,305,930,313,305,930,313,305,930,1
305,315,923,305,315,923,305,315,923,1
315,196,938,315,196,938,315,196,938,1
196,136,993,196,136,993,196,136,993,1
136,122,955,136,122,955,136,122,955,1
122,207,1051,122,207,1051,122,207,1051,1
207,259,936,207,259,936,207,259,936,1
259,188,958,259,188,958,259,188,958,1
188,211,1042,188,211,1042,188,211,1042,1
211,186,932,211,186,932,211,186,932,1
186,134,977,186,134,977,186,134,977,1
134,184,920,134,184,920,134,184,920,1
184,128,977,184,128,977,184,128,977,1
128,314,928,128,314,928,128,314,928,1
314,200,933,314,200,933,314,200,933,1
200,134,974,200,134,974,200,134,974,1
134,122,929,134,122,929,134,122,929,1
122,204,1042,122,204,1042,122,204,1042,1
204,322,952,204,322,952,204,322,952,1
322,317,957,322,317,957,322,317,957,1
317,319,940,317,319,940,317,319,940,1
319,305,935,319,305,935,319,305,935,1
305,314,930,305,314,930,305,314,930,1
314,121,941,314,121,941,314,121,941,1
121,213,1028,121,213,1028,121,213,1028,1
213,330,934,213,330,934,213,330,934,1
330,252,923,330,252,923,330,252,923,1
252,185,961,252,185,961,252,185,961,1
185,196,1042,185,196,1042,185,196,1042,1
196,310,932,196,310,932,196,310,932,1
310,304,934,310,304,934,310,304,934,1
304,311,937,304,311,937,304,311,937,1
311,336,941,311,336,941,311,336,941,1
336,317,942,336,317,942,336,317,942,1
317,311,936,317,311,936,317,311,936,1
311,304,924,311,304,924,311,304,924,1
304,303,912,304,303,912,304,303,912,1
303,302,920,303,302,920,303,302,920,1
302,309,931,302,309,931,302,309,931,1
309,338,938,309,338,938,309,338,938,1
338,325,961,338,325,961,338,325,961,1
325,234,958,325,234,958,325,234,958,1
234,178,969,234,178,969,234,178,969,1
178,197,1057,178,197,1057,178,197,1057,1
197,312,935,197,312,935,197,312,935,1
312,316,945,312,316,945,312,316,945,1
316,320,931,316,320,931,316,320,931,1
320,199,936,320,199,936,320,199,936,1
199,145,979,199,145,979,199,145,979,1
145,203,951,145,203,951,145,203,951,1
203,138,974,203,138,974,203,138,974,1
138,193,940,138,193,940,138,193,940,1
193,139,972,193,139,972,193,139,972,1
139,319,945,139,319,945,139,319,945,1
319,182,938,319,182,938,319,182,938,1
182,146,992,182,146,992,182,146,992,1
146,197,944,146,197,944,146,197,944,1
197,134,973,197,134,973,197,134,973,1
134,190,943,134,190,943,134,190,943,1
190,135,974,190,135,974,190,135,974,1
135,121,941,135,121,941,135,121,941,1
121,227,1038,121,227,1038,121,227,1038,1
227,122,947,227,122,947,227,122,947,1
122,211,1038,122,211,1038,122,211,1038,1
211,309,933,211,309,933,211,309,933,1
309,297,925,309,297,925,309,297,925,1
297,307,916,297,307,916,297,307,916,1
307,323,926,307,323,926,307,323,926,1
323,322,929,323,322,929,323,322,929,1
322,327,927,322,327,927,322,327,927,1
327,123,939,327,123,939,327,123,939,1
123,202,1042,123,202,1042,123,202,1042,1
202,306,940,202,306,940,202,306,940,1
306,307,918,306,307,918,306,307,918,1
307,307,911,307,307,911,307,307,911,1
307,312,930,307,312,930,307,312,930,1
312,319,909,312,319,909,312,319,909,1
319,323,914,319,323,914,319,323,914,1
323,320,934,323,320,934,323,320,934,1
320,306,925,320,306,925,320,306,925,1
306,311,930,306,311,930,306,311,930,1
311,308,946,311,308,946,311,308,946,1
308,328,941,308,328,941,308,328,941,1
328,325,934,328,325,934,328,325,934,1
325,191,934,325,191,934,325,191,934,1
191,144,986,191,144,986,191,144,986,1
144,121,952,144,121,952,144,121,952,1
121,210,1041,121,210,1041,121,210,1041,1
210,306,937,210,306,937,210,306,937,1
306,312,929,306,312,929,306,312,929,1
312,185,935,312,185,935,312,185,935,1
185,137,977,185,137,977,185,137,977,1
137,193,937,137,193,937,137,193,937,1
193,146,969,193,146,969,193,146,969,1
146,327,944,146,327,944,146,327,944,1
327,187,938,327,187,938,327,187,938,1
187,141,990,187,141,990,187,141,990,1
141,195,942,141,195,942,141,195,942,1
195,133,978,195,133,978,195,133,978,1
133,300,920,133,300,920,133,300,920,1
300,300,914,300,300,914,300,300,914,1
300,314,928,300,314,928,300,314,928,1
314,329,921,314,329,921,314,329,921,1
329,323,927,329,323,927,329,323,927,1
