123,123,1203,123,123,1203,123,123,1203,-1
123,154,1174,123,154,1174,123,154,1174,-1
154,150,944,154,150,944,154,150,944,-1
150,187,1148,150,187,1148,150,187,1148,-1
187,155,1148,187,155,1148,187,155,1148,-1
155,164,1087,155,164,1087,155,164,1087,-1
164,128,1167,164,128,1167,164,128,1167,-1
128,184,1173,128,184,1173,128,184,1173,-1
184,123,1143,184,123,1143,184,123,1143,-1
123,178,1129,123,178,1129,123,178,1129,-1
178,126,1132,178,126,1132,178,126,1132,-1
126,172,1133,126,172,1133,126,172,1133,-1
172,122,1094,172,122,1094,172,122,1094,-1
122,157,1144,122,157,1144,122,157,1144,-1
157,143,902,157,143,902,157,143,902,-1
143,183,1145,143,183,1145,143,183,1145,-1
183,130,1093,183,130,1093,183,130,1093,-1
130,182,1176,130,182,1176,130,182,1176,-1
182,130,1071,182,130,1071,182,130,1071,-1
130,183,1158,130,183,1158,130,183,1158,-1
183,130,1108,183,130,1108,183,130,1108,-1
130,184,1140,130,184,1140,130,184,1140,-1
184,132,1092,184,132,1092,184,132,1092,-1
132,159,1154,132,159,1154,132,159,1154,-1
159,141,878,159,141,878,159,141,878,-1
141,156,1090,141,156,1090,141,156,1090,-1
156,140,877,156,140,877,156,140,877,-1
140,169,1196,140,169,1196,140,169,1196,-1
169,301,1194,169,301,1194,169,301,1194,-1
301,127,1233,301,127,1233,301,127,1233,-1
127,185,1147,127,185,1147,127,185,1147,-1
185,135,1193,185,135,1193,185,135,1193,-1
135,166,1149,135,166,1149,135,166,1149,-1
166,157,957,166,157,957,166,157,957,-1
157,156,1165,157,156,1165,157,156,1165,-1
156,152,933,156,152,933,156,152,933,-1
152,154,1161,152,154,1161,152,154,1161,-1
154,145,943,154,145,943,154,145,943,-1
145,173,1186,145,173,1186,145,173,1186,-1
173,127,1147,173,127,1147,173,127,1147,-1
127,175,1155,127,175,1155,127,175,1155,-1
175,123,1172,175,123,1172,175,123,1172,-1
123,181,1168,123,181,1168,123,181,1168,-1
181,126,1185,181,126,1185,181,126,1185,-1
126,158,1157,126,158,1157,126,158,1157,-1
158,153,950,158,153,950,158,153,950,-1
153,162,1131,153,162,1131,153,162,1131,-1
162,163,945,162,163,945,162,163,945,-1
163,150,1142,163,150,1142,163,150,1142,-1
150,149,957,150,149,957,150,149,957,-1
149,180,1200,149,180,1200,149,180,1200,-1
180,127,1162,180,127,1162,180,127,1162,-1
127,169,1192,127,169,1192,127,169,1192,-1
169,126,1223,169,126,1223,169,126,1223,-1
126,167,1188,126,167,1188,126,167,1188,-1
167,124,1167,167,124,1167,167,124,1167,-1
124,155,1208,124,155,1208,124,155,1208,-1
155,155,974,155,155,974,155,155,974,-1
155,164,1148,155,164,1148,155,164,1148,-1
164,157,931,164,157,931,164,157,931,-1
157,182,1148,157,182,1148,157,182,1148,-1
182,130,1135,182,130,1135,182,130,1135,-1
130,159,1156,130,159,1156,130,159,1156,-1
159,153,948,159,153,948,159,153,948,-1
153,176,1095,153,176,1095,153,176,1095,-1
176,124,1146,176,124,1146,176,124,1146,-1
124,151,1157,124,151,1157,124,151,1157,-1
151,148,922,151,148,922,151,148,922,-1
148,152,1149,148,152,1149,148,152,1149,-1
152,162,924,152,162,924,152,162,924,-1
162,139,1088,162,139,1088,162,139,1088,-1
139,154,928,139,154,928,139,154,928,-1
154,175,1078,154,175,1078,154,175,1078,-1
175,131,1130,175,131,1130,175,131,1130,-1
131,162,1153,131,162,1153,131,162,1153,-1
162,162,954,162,162,954,162,162,954,-1
162,161,1085,162,161,1085,162,161,1085,-1
161,153,947,161,153,947,161,153,947,-1
153,152,1108,153,152,1108,153,152,1108,-1
152,293,874,152,293,874,152,293,874,-1
293,140,790,293,140,790,293,140,790,-1
140,157,1045,140,157,1045,140,157,1045,-1
157,144,895,157,144,895,157,144,895,-1
144,148,1097,144,148,1097,144,148,1097,-1
148,159,950,148,159,950,148,159,950,-1
159,160,1128,159,160,1128,159,160,1128,-1
160,163,1002,160,163,1002,160,163,1002,-1
163,155,1163,163,155,1163,163,155,1163,-1
155,157,989,155,157,989,155,157,989,-1
157,158,1218,157,158,1218,157,158,1218,-1
158,151,997,158,151,997,158,151,997,-1
151,153,1213,151,153,1213,151,153,1213,-1
153,151,984,153,151,984,153,151,984,-1
151,157,1190,151,157,1190,151,157,1190,-1
157,142,972,157,142,972,157,142,972,-1
142,156,1134,142,156,1134,142,156,1134,-1
156,145,1018,156,145,1018,156,145,1018,-1
145,150,1220,145,150,1220,145,150,1220,-1
150,151,973,150,151,973,150,151,973,-1
151,154,1130,151,154,1130,151,154,1130,-1
154,157,955,154,157,955,154,157,955,-1
157,159,1225,157,159,1225,157,159,1225,-1
159,158,988,159,158,988,159,158,988,-1
158,159,1151,158,159,1151,158,159,1151,-1
159,159,958,159,159,958,159,159,958,-1
159,172,1090,159,172,1090,159,172,1090,-1
172,127,1152,172,127,1152,172,127,1152,-1
127,149,1164,127,149,1164,127,149,1164,-1
149,145,949,149,145,949,149,145,949,-1
145,147,1083,145,147,1083,145,147,1083,-1
147,149,929,147,149,929,147,149,929,-1
149,157,1204,149,157,1204,149,157,1204,-1
157,154,948,157,154,948,157,154,948,-1
154,158,1146,154,158,1146,154,158,1146,-1
158,160,963,158,160,963,158,160,963,-1
160,176,1150,160,176,1150,160,176,1150,-1
176,134,1139,176,134,1139,176,134,1139,-1
134,159,1166,134,159,1166,134,159,1166,-1
159,156,943,159,156,943,159,156,943,-1
156,152,1065,156,152,1065,156,152,1065,-1
152,151,872,152,151,872,152,151,872,-1
151,150,1114,151,150,1114,151,150,1114,-1
150,146,931,150,146,931,150,146,931,-1
146,153,1142,146,153,1142,146,153,1142,-1
153,146,967,153,146,967,153,146,967,-1
146,170,1119,146,170,1119,146,170,1119,-1
170,125,1182,170,125,1182,170,125,1182,-1
125,156,1210,125,156,1210,125,156,1210,-1
156,160,948,156,160,948,156,160,948,-1
160,161,1101,160,161,1101,160,161,1101,-1
161,161,961,161,161,961,161,161,961,-1
161,159,1234,161,159,1234,161,159,1234,-1
159,155,975,159,155,975,159,155,975,-1
155,151,1106,155,151,1106,155,151,1106,-1
151,145,963,151,145,963,151,145,963,-1
145,152,1153,145,152,1153,145,152,1153,-1
152,145,1023,152,145,1023,152,145,1023,-1
145,170,1118,145,170,1118,145,170,1118,-1
170,122,1201,170,122,1201,170,122,1201,-1
122,161,1169,122,161,1169,122,161,1169,-1
161,148,930,161,148,930,161,148,930,-1
148,165,1153,148,165,1153,148,165,1153,-1
165,153,957,165,153,957,165,153,957,-1
153,162,1156,153,162,1156,153,162,1156,-1
162,160,971,162,160,971,162,160,971,-1
160,153,1130,160,153,1130,160,153,1130,-1
153,156,984,153,156,984,153,156,984,-1
156,155,1121,156,155,1121,156,155,1121,-1
155,188,959,155,188,959,155,188,959,-1
188,134,1015,188,134,1015,188,134,1015,-1
134,296,1226,134,296,1226,134,296,1226,-1
296,121,1224,296,121,1224,296,121,1224,-1
121,154,1162,121,154,1162,121,154,1162,-1
154,145,962,154,145,962,154,145,962,-1
145,161,1171,145,161,1171,145,161,1171,-1
161,146,944,161,146,944,161,146,944,-1
146,167,1209,146,167,1209,146,167,1209,-1
167,165,894,167,165,894,167,165,894,-1
165,157,1113,165,157,1113,165,157,1113,-1
157,154,911,157,154,911,157,154,911,-1
154,175,1148,154,175,1148,154,175,1148,-1
175,129,1206,175,129,1206,175,129,1206,-1
129,169,1206,129,169,1206,129,169,1206,-1
169,125,1227,169,125,1227,169,125,1227,-1
125,152,1146,125,152,1146,125,152,1146,-1
152,149,911,152,149,911,152,149,911,-1
149,159,1119,149,159,1119,149,159,1119,-1
159,152,900,159,152,900,159,152,900,-1
152,156,1146,152,156,1146,152,156,1146,-1
156,150,933,156,150,933,156,150,933,-1
150,159,1117,150,159,1117,150,159,1117,-1
159,153,930,159,153,930,159,153,930,-1
153,182,1121,153,182,1121,153,182,1121,-1
182,132,1177,182,132,1177,182,132,1177,-1
132,156,1189,132,156,1189,132,156,1189,-1
156,153,938,156,153,938,156,153,938,-1
153,148,1124,153,148,1124,153,148,1124,-1
148,153,932,148,153,932,148,153,932,-1
153,145,1194,153,145,1194,153,145,1194,-1
145,144,958,145,144,958,145,144,958,-1
144,154,1127,144,154,1127,144,154,1127,-1
154,141,912,154,141,912,154,141,912,-1
141,179,1123,141,179,1123,141,179,1123,-1
179,137,1201,179,137,1201,179,137,1201,-1
137,167,1131,137,167,1131,137,167,1131,-1
167,152,943,167,152,943,167,152,943,-1
152,164,1212,152,164,1212,152,164,1212,-1
164,164,938,164,164,938,164,164,938,-1
164,144,1130,164,144,1130,164,144,1130,-1
144,145,958,144,145,958,144,145,958,-1
145,176,1209,145,176,1209,145,176,1209,-1
176,125,1188,176,125,1188,176,125,1188,-1
125,151,1205,125,151,1205,125,151,1205,-1
151,148,952,151,148,952,151,148,952,-1
148,154,1127,148,154,1127,148,154,1127,-1
154,147,962,154,147,962,154,147,962,-1
147,163,1169,147,163,1169,147,163,1169,-1
163,152,919,163,152,919,163,152,919,-1
152,160,1125,152,160,1125,152,160,1125,-1
160,155,924,160,155,924,160,155,924,-1
155,156,1170,155,156,1170,155,156,1170,-1
156,155,943,156,155,943,156,155,943,-1
155,163,1137,155,163,1137,155,163,1137,-1
163,151,956,163,151,956,163,151,956,-1
151,187,1152,151,187,1152,151,187,1152,-1
187,233,719,187,233,719,187,233,719,-1
233,125,1294,233,125,1294,233,125,1294,-1
125,152,1233,125,152,1233,125,152,1233,-1
152,146,985,152,146,985,152,146,985,-1
146,177,1189,146,177,1189,146,177,1189,-1
177,136,1207,177,136,1207,177,136,1207,-1
136,160,1179,136,160,1179,136,160,1179,-1
160,152,955,160,152,955,160,152,955,-1
152,169,1162,152,169,1162,152,169,1162,-1
169,150,948,169,150,948,169,150,948,-1
150,184,1166,150,184,1166,150,184,1166,-1
184,126,1212,184,126,1212,184,126,1212,-1
126,153,1177,126,153,1177,126,153,1177,-1
153,142,951,153,142,951,153,142,951,-1
142,156,1168,142,156,1168,142,156,1168,-1
156,143,926,156,143,926,156,143,926,-1
143,160,1179,143,160,1179,143,160,1179,-1
160,141,931,160,141,931,160,141,931,-1
141,182,1209,141,182,1209,141,182,1209,-1
182,124,1163,182,124,1163,182,124,1163,-1
124,164,1145,124,164,1145,124,164,1145,-1
164,153,959,164,153,959,164,153,959,-1
153,185,1146,153,185,1146,153,185,1146,-1
185,129,1187,185,129,1187,185,129,1187,-1
129,163,1186,129,163,1186,129,163,1186,-1
163,148,952,163,148,952,163,148,952,-1
148,159,1175,148,159,1175,148,159,1175,-1
159,145,952,159,145,952,159,145,952,-1
145,167,1228,145,167,1228,145,167,1228,-1
167,124,1177,167,124,1177,167,124,1177,-1
124,168,1174,124,168,1174,124,168,1174,-1
168,127,1182,168,127,1182,168,127,1182,-1
127,180,1160,127,180,1160,127,180,1160,-1
180,135,1170,180,135,1170,180,135,1170,-1
135,168,1149,135,168,1149,135,168,1149,-1
168,151,903,168,151,903,168,151,903,-1
151,167,1147,151,167,1147,151,167,1147,-1
167,161,889,167,161,889,167,161,889,-1
161,167,1087,161,167,1087,161,167,1087,-1
167,126,1150,167,126,1150,167,126,1150,-1
126,178,1161,126,178,1161,126,178,1161,-1
178,277,1161,178,277,1161,178,277,1161,-1
277,141,825,277,141,825,277,141,825,-1
141,158,1091,141,158,1091,141,158,1091,-1
158,147,955,158,147,955,158,147,955,-1
147,153,1198,147,153,1198,147,153,1198,-1
153,153,993,153,153,993,153,153,993,-1
153,156,1245,153,156,1245,153,156,1245,-1
156,157,1006,156,157,1006,156,157,1006,-1
157,180,1260,157,180,1260,157,180,1260,-1
180,133,1202,180,133,1202,180,133,1202,-1
133,188,1247,133,188,1247,133,188,1247,-1
188,127,1185,188,127,1185,188,127,1185,-1
127,176,1193,127,176,1193,127,176,1193,-1
176,291,1207,176,291,1207,176,291,1207,-1
291,123,1195,291,123,1195,291,123,1195,-1
123,155,1193,123,155,1193,123,155,1193,-1
155,144,933,155,144,933,155,144,933,-1
144,156,1179,144,156,1179,144,156,1179,-1
156,163,925,156,163,925,156,163,925,-1
163,176,1139,163,176,1139,163,176,1139,-1
176,135,1159,176,135,1159,176,135,1159,-1
135,182,1193,135,182,1193,135,182,1193,-1
182,136,1182,182,136,1182,182,136,1182,-1
136,159,1159,136,159,1159,136,159,1159,-1
159,147,957,159,147,957,159,147,957,-1
147,174,1115,147,174,1115,147,174,1115,-1
174,127,1164,174,127,1164,174,127,1164,-1
127,158,1146,127,158,1146,127,158,1146,-1
158,142,909,158,142,909,158,142,909,-1
142,154,1150,142,154,1150,142,154,1150,-1
154,139,874,154,139,874,154,139,874,-1
139,157,1119,139,157,1119,139,157,1119,-1
157,149,868,157,149,868,157,149,868,-1
149,161,1153,149,161,1153,149,161,1153,-1
161,151,938,161,151,938,161,151,938,-1
151,163,1209,151,163,1209,151,163,1209,-1
163,160,999,163,160,999,163,160,999,-1
160,153,1179,160,153,1179,160,153,1179,-1
153,160,937,153,160,937,153,160,937,-1
160,153,1108,160,153,1108,160,153,1108,-1
153,147,921,153,147,921,153,147,921,-1
147,150,1151,147,150,1151,147,150,1151,-1
150,142,983,150,142,983,150,142,983,-1
142,170,1231,142,170,1231,142,170,1231,-1
170,134,1269,170,134,1269,170,134,1269,-1
134,158,1256,134,158,1256,134,158,1256,-1
158,152,997,158,152,997,158,152,997,-1
152,182,1161,152,182,1161,152,182,1161,-1
182,132,1183,182,132,1183,182,132,1183,-1
132,178,1172,132,178,1172,132,178,1172,-1
178,135,1207,178,135,1207,178,135,1207,-1
135,156,1109,135,156,1109,135,156,1109,-1
156,157,798,156,157,798,156,157,798,-1
157,148,870,157,148,870,157,148,870,-1
148,147,760,148,147,760,148,147,760,-1
147,153,1023,147,153,1023,147,153,1023,-1
153,153,840,153,153,840,153,153,840,-1
153,145,1100,153,145,1100,153,145,1100,-1
145,144,940,145,144,940,145,144,940,-1
144,155,1213,144,155,1213,144,155,1213,-1
155,150,1057,155,150,1057,155,150,1057,-1
150,155,1216,150,155,1216,150,155,1216,-1
155,162,1036,155,162,1036,155,162,1036,-1
162,165,1167,162,165,1167,162,165,1167,-1
165,154,1070,165,154,1070,165,154,1070,-1
154,159,1177,154,159,1177,154,159,1177,-1
159,154,984,159,154,984,159,154,984,-1
154,147,1183,154,147,1183,154,147,1183,-1
147,158,981,147,158,981,147,158,981,-1
158,141,1148,158,141,1148,158,141,1148,-1
141,147,980,141,147,980,141,147,980,-1
147,168,1175,147,168,1175,147,168,1175,-1
168,131,1217,168,131,1217,168,131,1217,-1
131,153,1110,131,153,1110,131,153,1110,-1
153,159,830,153,159,830,153,159,830,-1
159,156,959,159,156,959,159,156,959,-1
156,156,899,156,156,899,156,156,899,-1
156,158,1066,156,158,1066,156,158,1066,-1
158,153,922,158,153,922,158,153,922,-1
153,158,1155,153,158,1155,153,158,1155,-1
158,158,963,158,158,963,158,158,963,-1
158,177,1218,158,177,1218,158,177,1218,-1
177,124,1179,177,124,1179,177,124,1179,-1
124,152,1200,124,152,1200,124,152,1200,-1
152,149,947,152,149,947,152,149,947,-1
149,162,1065,149,162,1065,149,162,1065,-1
162,129,1197,162,129,1197,162,129,1197,-1
129,149,1102,129,149,1102,129,149,1102,-1
149,154,944,149,154,944,149,154,944,-1
154,154,1139,154,154,1139,154,154,1139,-1
154,168,967,154,168,967,154,168,967,-1
168,152,1137,168,152,1137,168,152,1137,-1
152,162,961,152,162,961,152,162,961,-1
162,180,1084,162,180,1084,162,180,1084,-1
180,128,1149,180,128,1149,180,128,1149,-1
128,158,1164,128,158,1164,128,158,1164,-1
158,147,964,158,147,964,158,147,964,-1
147,147,1084,147,147,1084,147,147,1084,-1
147,148,950,147,148,950,147,148,950,-1
148,154,1113,148,154,1113,148,154,1113,-1
154,146,937,154,146,937,154,146,937,-1
146,156,1137,146,156,1137,146,156,1137,-1
156,152,882,156,152,882,156,152,882,-1
152,156,1118,152,156,1118,152,156,1118,-1
156,147,944,156,147,944,156,147,944,-1
147,165,1202,147,165,1202,147,165,1202,-1
165,160,997,165,160,997,165,160,997,-1
160,155,1121,160,155,1121,160,155,1121,-1
155,150,1043,155,150,1043,155,150,1043,-1
150,159,1174,150,159,1174,150,159,1174,-1
159,150,968,159,150,968,159,150,968,-1
150,153,1110,150,153,1110,150,153,1110,-1
153,147,779,153,147,779,153,147,779,-1
147,146,913,147,146,913,147,146,913,-1
146,138,799,146,138,799,146,138,799,-1
138,155,1045,138,155,1045,138,155,1045,-1
155,151,949,155,151,949,155,151,949,-1
151,161,1110,151,161,1110,151,161,1110,-1
161,163,1039,161,163,1039,161,163,1039,-1
163,159,1134,163,159,1134,163,159,1134,-1
159,158,984,159,158,984,159,158,984,-1
158,158,1222,158,158,1222,158,158,1222,-1
158,163,1017,158,163,1017,158,163,1017,-1
163,143,1149,163,143,1149,163,143,1149,-1
143,145,1027,143,145,1027,143,145,1027,-1
145,173,1213,145,173,1213,145,173,1213,-1
173,124,1253,173,124,1253,173,124,1253,-1
124,154,1158,124,154,1158,124,154,1158,-1
154,143,957,154,143,957,154,143,957,-1
143,160,1082,143,160,1082,143,160,1082,-1
160,147,899,160,147,899,160,147,899,-1
147,158,1112,147,158,1112,147,158,1112,-1
158,163,939,158,163,939,158,163,939,-1
163,148,1131,163,148,1131,163,148,1131,-1
148,154,968,148,154,968,148,154,968,-1
154,186,1104,154,186,1104,154,186,1104,-1
186,131,1138,186,131,1138,186,131,1138,-1
131,181,1155,131,181,1155,131,181,1155,-1
181,125,1196,181,125,1196,181,125,1196,-1
125,152,1116,125,152,1116,125,152,1116,-1
152,141,941,152,141,941,152,141,941,-1
141,171,1094,141,171,1094,141,171,1094,-1
171,279,1142,171,279,1142,171,279,1142,-1
279,140,958,279,140,958,279,140,958,-1
140,166,1159,140,166,1159,140,166,1159,-1
166,156,967,166,156,967,166,156,967,-1
156,187,1098,156,187,1098,156,187,1098,-1
187,132,1185,187,132,1185,187,132,1185,-1
132,163,1168,132,163,1168,132,163,1168,-1
163,155,933,163,155,933,163,155,933,-1
155,154,1067,155,154,1067,155,154,1067,-1
154,140,884,154,140,884,154,140,884,-1
140,159,1136,140,159,1136,140,159,1136,-1
159,146,916,159,146,916,159,146,916,-1
146,157,1119,146,157,1119,146,157,1119,-1
157,142,930,157,142,930,157,142,930,-1
142,177,1073,142,177,1073,142,177,1073,-1
177,124,1151,177,124,1151,177,124,1151,-1
124,157,1113,124,157,1113,124,157,1113,-1
157,150,966,157,150,966,157,150,966,-1
150,163,1104,150,163,1104,150,163,1104,-1
163,153,920,163,153,920,163,153,920,-1
153,161,1131,153,161,1131,153,161,1131,-1
161,157,934,161,157,934,161,157,934,-1
157,157,1134,157,157,1134,157,157,1134,-1
157,154,951,157,154,951,157,154,951,-1
154,148,1071,154,148,1071,154,148,1071,-1
148,142,962,148,142,962,148,142,962,-1
142,154,1152,142,154,1152,142,154,1152,-1
154,142,1030,154,142,1030,154,142,1030,-1
142,151,1128,142,151,1128,142,151,1128,-1
151,151,947,151,151,947,151,151,947,-1
151,164,1108,151,164,1108,151,164,1108,-1
164,161,908,164,161,908,164,161,908,-1
161,179,1123,161,179,1123,161,179,1123,-1
179,127,1102,179,127,1102,179,127,1102,-1
127,183,1159,127,183,1159,127,183,1159,-1
183,130,1134,183,130,1134,183,130,1134,-1
130,178,1157,130,178,1157,130,178,1157,-1
178,127,1227,178,127,1227,178,127,1227,-1
127,153,1161,127,153,1161,127,153,1161,-1
153,142,953,153,142,953,153,142,953,-1
142,155,1201,142,155,1201,142,155,1201,-1
155,158,958,155,158,958,155,158,958,-1
158,144,1128,158,144,1128,158,144,1128,-1
144,137,963,144,137,963,144,137,963,-1
137,168,1210,137,168,1210,137,168,1210,-1
168,140,959,168,140,959,168,140,959,-1
140,190,1176,140,190,1176,140,190,1176,-1
190,131,1218,190,131,1218,190,131,1218,-1
131,169,1158,131,169,1158,131,169,1158,-1
169,150,952,169,150,952,169,150,952,-1
150,162,1180,150,162,1180,150,162,1180,-1
162,144,916,162,144,916,162,144,916,-1
144,155,1143,144,155,1143,144,155,1143,-1
155,145,903,155,145,903,155,145,903,-1
145,167,1156,145,167,1156,145,167,1156,-1
167,125,1196,167,125,1196,167,125,1196,-1
125,174,1142,125,174,1142,125,174,1142,-1
174,124,1189,174,124,1189,174,124,1189,-1
124,186,1134,124,186,1134,124,186,1134,-1
186,129,1229,186,129,1229,186,129,1229,-1
129,173,1164,129,173,1164,129,173,1164,-1
173,146,917,173,146,917,173,146,917,-1
146,167,1164,146,167,1164,146,167,1164,-1
167,149,884,167,149,884,167,149,884,-1
149,158,1108,149,158,1108,149,158,1108,-1
158,148,897,158,148,897,158,148,897,-1
148,174,1156,148,174,1156,148,174,1156,-1
174,125,1103,174,125,1103,174,125,1103,-1
125,175,1155,125,175,1155,125,175,1155,-1
175,121,1159,175,121,1159,175,121,1159,-1
121,177,1186,121,177,1186,121,177,1186,-1
177,121,1235,177,121,1235,177,121,1235,-1
121,182,1197,121,182,1197,121,182,1197,-1
182,125,1139,182,125,1139,182,125,1139,-1
125,169,1186,125,169,1186,125,169,1186,-1
169,149,942,169,149,942,169,149,942,-1
149,166,1120,149,166,1120,149,166,1120,-1
166,157,931,166,157,931,166,157,931,-1
157,159,1158,157,159,1158,157,159,1158,-1
159,148,957,159,148,957,159,148,957,-1
148,153,1098,148,153,1098,148,153,1098,-1
153,143,956,153,143,956,153,143,956,-1
143,170,1111,143,170,1111,143,170,1111,-1
170,122,1223,170,122,1223,170,122,1223,-1
122,158,1134,122,158,1134,122,158,1134,-1
158,153,957,158,153,957,158,153,957,-1
153,160,1137,153,160,1137,153,160,1137,-1
160,151,934,160,151,934,160,151,934,-1
151,164,1121,151,164,1121,151,164,1121,-1
164,156,927,164,156,927,164,156,927,-1
156,174,1099,156,174,1099,156,174,1099,-1
174,128,1179,174,128,1179,174,128,1179,-1
128,186,1180,128,186,1180,128,186,1180,-1
186,124,1212,186,124,1212,186,124,1212,-1
124,156,1142,124,156,1142,124,156,1142,-1
156,144,950,156,144,950,156,144,950,-1
144,156,1138,144,156,1138,144,156,1138,-1
156,145,1012,156,145,1012,156,145,1012,-1
145,150,1134,145,150,1134,145,150,1134,-1
150,145,935,150,145,935,150,145,935,-1
145,154,1114,145,154,1114,145,154,1114,-1
154,153,936,154,153,936,154,153,936,-1
153,161,1152,153,161,1152,153,161,1152,-1
161,152,965,161,152,965,161,152,965,-1
152,175,1245,152,175,1245,152,175,1245,-1
175,151,955,175,151,955,175,151,955,-1
151,162,1096,151,162,1096,151,162,1096,-1
162,143,952,162,143,952,162,143,952,-1
143,175,1129,143,175,1129,143,175,1129,-1
175,277,1175,175,277,1175,175,277,1175,-1
277,143,975,277,143,975,277,143,975,-1
143,151,1108,143,151,1108,143,151,1108,-1
151,160,936,151,160,936,151,160,936,-1
160,148,1081,160,148,1081,160,148,1081,-1
148,147,929,148,147,929,148,147,929,-1
147,166,1118,147,166,1118,147,166,1118,-1
166,150,759,166,150,759,166,150,759,-1
150,162,916,150,162,916,150,162,916,-1
162,151,821,162,151,821,162,151,821,-1
151,163,1025,151,163,1025,151,163,1025,-1
163,149,1022,163,149,1022,163,149,1022,-1
149,162,1228,149,162,1228,149,162,1228,-1
162,139,1010,162,139,1010,162,139,1010,-1
139,155,1155,139,155,1155,139,155,1155,-1
155,152,903,155,152,903,155,152,903,-1
152,139,1046,152,139,1046,152,139,1046,-1
139,301,948,139,301,948,139,301,948,-1
301,152,1022,301,152,1022,301,152,1022,-1
152,160,1079,152,160,1079,152,160,1079,-1
160,156,915,160,156,915,160,156,915,-1
156,167,1115,156,167,1115,156,167,1115,-1
167,158,982,167,158,982,167,158,982,-1
158,156,1101,158,156,1101,158,156,1101,-1
156,156,982,156,156,982,156,156,982,-1
156,150,1120,156,150,1120,156,150,1120,-1
150,149,983,150,149,983,150,149,983,-1
149,145,1155,149,145,1155,149,145,1155,-1
145,144,1000,145,144,1000,145,144,1000,-1
144,160,1207,144,160,1207,144,160,1207,-1
160,147,994,160,147,994,160,147,994,-1
147,153,1090,147,153,1090,147,153,1090,-1
153,151,991,153,151,991,153,151,991,-1
151,158,1145,151,158,1145,151,158,1145,-1
158,152,949,158,152,949,158,152,949,-1
152,163,1131,152,163,1131,152,163,1131,-1
163,156,906,163,156,906,163,156,906,-1
156,154,1040,156,154,1040,156,154,1040,-1
154,157,951,154,157,951,154,157,951,-1
157,152,1172,157,152,1172,157,152,1172,-1
152,149,1010,152,149,1010,152,149,1010,-1
149,151,1200,149,151,1200,149,151,1200,-1
151,146,1004,151,146,1004,151,146,1004,-1
146,167,1103,146,167,1103,146,167,1103,-1
167,124,1226,167,124,1226,167,124,1226,-1
124,154,1162,124,154,1162,124,154,1162,-1
154,160,972,154,160,972,154,160,972,-1
160,162,1085,160,162,1085,160,162,1085,-1
162,166,900,162,166,900,162,166,900,-1
166,174,1094,166,174,1094,166,174,1094,-1
174,132,1121,174,132,1121,174,132,1121,-1
132,155,1150,132,155,1150,132,155,1150,-1
155,158,939,155,158,939,155,158,939,-1
158,143,1021,158,143,1021,158,143,1021,-1
143,152,937,143,152,937,143,152,937,-1
152,167,1098,152,167,1098,152,167,1098,-1
167,126,1082,167,126,1082,167,126,1082,-1
126,152,1123,126,152,1123,126,152,1123,-1
152,189,915,152,189,915,152,189,915,-1
189,264,984,189,264,984,189,264,984,-1
264,181,1159,264,181,1159,264,181,1159,-1
181,130,1189,181,130,1189,181,130,1189,-1
130,161,1159,130,161,1159,130,161,1159,-1
161,165,955,161,165,955,161,165,955,-1
165,179,1049,165,179,1049,165,179,1049,-1
179,132,1128,179,132,1128,179,132,1128,-1
132,150,1114,132,150,1114,132,150,1114,-1
150,149,886,150,149,886,150,149,886,-1
149,144,978,149,144,978,149,144,978,-1
144,151,809,144,151,809,144,151,809,-1
151,144,1031,151,144,1031,151,144,1031,-1
144,147,900,144,147,900,144,147,900,-1
147,153,1118,147,153,1118,147,153,1118,-1
153,156,993,153,156,993,153,156,993,-1
156,160,1208,156,160,1208,156,160,1208,-1
160,162,1098,160,162,1098,160,162,1098,-1
162,161,1171,162,161,1171,162,161,1171,-1
161,153,989,161,153,989,161,153,989,-1
153,160,1132,153,160,1132,153,160,1132,-1
160,163,943,160,163,943,160,163,943,-1
163,138,1058,163,138,1058,163,138,1058,-1
138,149,915,138,149,915,138,149,915,-1
149,152,1048,149,152,1048,149,152,1048,-1
152,148,927,152,148,927,152,148,927,-1
148,144,1074,148,144,1074,148,144,1074,-1
144,155,940,144,155,940,144,155,940,-1
155,148,1090,155,148,1090,155,148,1090,-1
148,148,905,148,148,905,148,148,905,-1
148,159,1110,148,159,1110,148,159,1110,-1
159,178,925,159,178,925,159,178,925,-1
178,138,1045,178,138,1045,178,138,1045,-1
138,159,944,138,159,944,138,159,944,-1
159,160,1059,159,160,1059,159,160,1059,-1
160,154,927,160,154,927,160,154,927,-1
154,156,1053,154,156,1053,154,156,1053,-1
156,140,938,156,140,938,156,140,938,-1
140,157,1135,140,157,1135,140,157,1135,-1
157,141,914,157,141,914,157,141,914,-1
141,150,1144,141,150,1144,141,150,1144,-1
150,173,919,150,173,919,150,173,919,-1
173,133,995,173,133,995,173,133,995,-1
133,152,917,133,152,917,133,152,917,-1
152,199,1074,152,199,1074,152,199,1074,-1
199,233,799,199,233,799,199,233,799,-1
233,148,956,233,148,956,233,148,956,-1
148,161,1081,148,161,1081,148,161,1081,-1
161,149,935,161,149,935,161,149,935,-1
149,161,1123,149,161,1123,149,161,1123,-1
161,149,919,161,149,919,161,149,919,-1
149,149,1137,149,149,1137,149,149,1137,-1
149,152,928,149,152,928,149,152,928,-1
152,147,1140,152,147,1140,152,147,1140,-1
147,138,901,147,138,901,147,138,901,-1
138,158,1150,138,158,1150,138,158,1150,-1
158,146,933,158,146,933,158,146,933,-1
146,154,1115,146,154,1115,146,154,1115,-1
154,153,886,154,153,886,154,153,886,-1
153,166,1091,153,166,1091,153,166,1091,-1
166,158,912,166,158,912,166,158,912,-1
158,167,1176,158,167,1176,158,167,1176,-1
167,145,962,167,145,962,167,145,962,-1
145,164,1251,145,164,1251,145,164,1251,-1
164,137,985,164,137,985,164,137,985,-1
137,159,1284,137,159,1284,137,159,1284,-1
159,142,968,159,142,968,159,142,968,-1
142,176,1156,142,176,1156,142,176,1156,-1
176,296,1147,176,296,1147,176,296,1147,-1
296,127,1135,296,127,1135,296,127,1135,-1
127,164,1198,127,164,1198,127,164,1198,-1
164,154,923,164,154,923,164,154,923,-1
154,160,1163,154,160,1163,154,160,1163,-1
160,157,925,160,157,925,160,157,925,-1
157,157,1167,157,157,1167,157,157,1167,-1
157,149,956,157,149,956,157,149,956,-1
149,160,1159,149,160,1159,149,160,1159,-1
160,151,960,160,151,960,160,151,960,-1
151,174,1143,151,174,1143,151,174,1143,-1
174,123,1191,174,123,1191,174,123,1191,-1
123,153,1210,123,153,1210,123,153,1210,-1
153,143,957,153,143,957,153,143,957,-1
143,150,1145,143,150,1145,143,150,1145,-1
150,149,937,150,149,937,150,149,937,-1
149,156,1208,149,156,1208,149,156,1208,-1
156,153,944,156,153,944,156,153,944,-1
153,161,1121,153,161,1121,153,161,1121,-1
161,157,954,161,157,954,161,157,954,-1
157,185,1168,157,185,1168,157,185,1168,-1
185,133,1154,185,133,1154,185,133,1154,-1
133,158,1158,133,158,1158,133,158,1158,-1
158,148,927,158,148,927,158,148,927,-1
148,154,1171,148,154,1171,148,154,1171,-1
154,146,929,154,146,929,154,146,929,-1
146,148,1174,146,148,1174,146,148,1174,-1
148,145,926,148,145,926,148,145,926,-1
145,161,1151,145,161,1151,145,161,1151,-1
161,149,933,161,149,933,161,149,933,-1
149,151,1066,149,151,1066,149,151,1066,-1
151,159,940,151,159,940,151,159,940,-1
159,157,1158,159,157,1158,159,157,1158,-1
157,155,917,157,155,917,157,155,917,-1
155,159,1151,155,159,1151,155,159,1151,-1
159,170,915,159,170,915,159,170,915,-1
170,140,1105,170,140,1105,170,140,1105,-1
140,147,947,140,147,947,140,147,947,-1
147,175,1161,147,175,1161,147,175,1161,-1
175,127,1127,175,127,1127,175,127,1127,-1
127,154,1098,127,154,1098,127,154,1098,-1
154,144,899,154,144,899,154,144,899,-1
144,154,1095,144,154,1095,144,154,1095,-1
154,141,975,154,141,975,154,141,975,-1
141,158,1234,141,158,1234,141,158,1234,-1
158,153,974,158,153,974,158,153,974,-1
153,168,1160,153,168,1160,153,168,1160,-1
168,157,968,168,157,968,168,157,968,-1
157,185,1272,157,185,1272,157,185,1272,-1
185,132,1137,185,132,1137,185,132,1137,-1
132,157,1189,132,157,1189,132,157,1189,-1
157,148,966,157,148,966,157,148,966,-1
148,150,1130,148,150,1130,148,150,1130,-1
150,146,1013,150,146,1013,150,146,1013,-1
146,149,1160,146,149,1160,146,149,1160,-1
149,144,923,149,144,923,149,144,923,-1
144,156,1181,144,156,1181,144,156,1181,-1
156,155,933,156,155,933,156,155,933,-1
155,154,1146,155,154,1146,155,154,1146,-1
154,146,933,154,146,933,154,146,933,-1
146,165,1178,146,165,1178,146,165,1178,-1
165,155,948,165,155,948,165,155,948,-1
155,177,1117,155,177,1117,155,177,1117,-1
177,134,1265,177,134,1265,177,134,1265,-1
134,161,1069,134,161,1069,134,161,1069,-1
161,152,854,161,152,854,161,152,854,-1
152,152,1094,152,152,1094,152,152,1094,-1
152,152,895,152,152,895,152,152,895,-1
152,144,1168,152,144,1168,152,144,1168,-1
144,139,972,144,139,972,144,139,972,-1
139,154,1174,139,154,1174,139,154,1174,-1
154,149,942,154,149,942,154,149,942,-1
149,179,1093,149,179,1093,149,179,1093,-1
179,125,1203,179,125,1203,179,125,1203,-1
125,170,1169,125,170,1169,125,170,1169,-1
170,154,959,170,154,959,170,154,959,-1
154,167,1147,154,167,1147,154,167,1147,-1
167,166,903,167,166,903,167,166,903,-1
166,146,1105,166,146,1105,166,146,1105,-1
146,148,918,146,148,918,146,148,918,-1
148,169,1176,148,169,1176,148,169,1176,-1
169,127,1167,169,127,1167,169,127,1167,-1
127,170,1141,127,170,1141,127,170,1141,-1
170,131,1216,170,131,1216,170,131,1216,-1
131,153,1187,131,153,1187,131,153,1187,-1
153,149,932,153,149,932,153,149,932,-1
149,156,1139,149,156,1139,149,156,1139,-1
156,165,915,156,165,915,156,165,915,-1
165,144,1066,165,144,1066,165,144,1066,-1
144,150,939,144,150,939,144,150,939,-1
150,167,1191,150,167,1191,150,167,1191,-1
167,147,948,167,147,948,167,147,948,-1
147,163,1137,147,163,1137,147,163,1137,-1
163,149,917,163,149,917,163,149,917,-1
149,158,1161,149,158,1161,149,158,1161,-1
158,146,924,158,146,924,158,146,924,-1
146,150,1169,146,150,1169,146,150,1169,-1
150,143,921,150,143,921,150,143,921,-1
143,170,1189,143,170,1189,143,170,1189,-1
170,284,1191,170,284,1191,170,284,1191,-1
284,158,969,284,158,969,284,158,969,-1
158,167,1155,158,167,1155,158,167,1155,-1
167,153,952,167,153,952,167,153,952,-1
153,185,1199,153,185,1199,153,185,1199,-1
185,133,1152,185,133,1152,185,133,1152,-1
133,155,1190,133,155,1190,133,155,1190,-1
155,145,937,155,145,937,155,145,937,-1
145,158,1195,145,158,1195,145,158,1195,-1
158,140,946,158,140,946,158,140,946,-1
140,153,1272,140,153,1272,140,153,1272,-1
153,148,973,153,148,973,153,148,973,-1
148,153,1168,148,153,1168,148,153,1168,-1
153,151,886,153,151,886,153,151,886,-1
151,154,1073,151,154,1073,151,154,1073,-1
154,148,908,154,148,908,154,148,908,-1
148,162,1166,148,162,1166,148,162,1166,-1
162,150,945,162,150,945,162,150,945,-1
150,164,1199,150,164,1199,150,164,1199,-1
164,158,989,164,158,989,164,158,989,-1
158,165,1261,158,165,1261,158,165,1261,-1
165,149,999,165,149,999,165,149,999,-1
149,153,1194,149,153,1194,149,153,1194,-1
153,145,987,153,145,987,153,145,987,-1
145,167,1183,145,167,1183,145,167,1183,-1
167,124,1180,167,124,1180,167,124,1180,-1
124,152,1204,124,152,1204,124,152,1204,-1
152,147,960,152,147,960,152,147,960,-1
147,155,1194,147,155,1194,147,155,1194,-1
155,157,943,155,157,943,155,157,943,-1
157,181,1208,157,181,1208,157,181,1208,-1
181,138,1173,181,138,1173,181,138,1173,-1
138,161,1196,138,161,1196,138,161,1196,-1
161,153,937,161,153,937,161,153,937,-1
153,158,1099,153,158,1099,153,158,1099,-1
158,150,958,158,150,958,158,150,958,-1
150,152,1130,150,152,1130,150,152,1130,-1
152,147,959,152,147,959,152,147,959,-1
147,157,1221,147,157,1221,147,157,1221,-1
157,146,990,157,146,990,157,146,990,-1
146,149,1236,146,149,1236,146,149,1236,-1
149,148,971,149,148,971,149,148,971,-1
148,149,1141,148,149,1141,148,149,1141,-1
149,152,954,149,152,954,149,152,954,-1
152,180,1151,152,180,1151,152,180,1151,-1
180,137,1175,180,137,1175,180,137,1175,-1
137,157,1137,137,157,1137,137,157,1137,-1
157,158,911,157,158,911,157,158,911,-1
158,158,1148,158,158,1148,158,158,1148,-1
158,159,928,158,159,928,158,159,928,-1
159,151,1222,159,151,1222,159,151,1222,-1
151,143,973,151,143,973,151,143,973,-1
143,171,1199,143,171,1199,143,171,1199,-1
171,122,1222,171,122,1222,171,122,1222,-1
122,173,1219,122,173,1219,122,173,1219,-1
173,128,1237,173,128,1237,173,128,1237,-1
128,161,1193,128,161,1193,128,161,1193,-1
161,155,935,161,155,935,161,155,935,-1
155,159,1164,155,159,1164,155,159,1164,-1
159,166,921,159,166,921,159,166,921,-1
166,167,1145,166,167,1145,166,167,1145,-1
167,133,1157,167,133,1157,167,133,1157,-1
133,178,1199,133,178,1199,133,178,1199,-1
178,134,1194,178,134,1194,178,134,1194,-1
134,169,1192,134,169,1192,134,169,1192,-1
169,127,1243,169,127,1243,169,127,1243,-1
127,153,1179,127,153,1179,127,153,1179,-1
153,146,911,153,146,911,153,146,911,-1
146,173,1156,146,173,1156,146,173,1156,-1
173,141,1151,173,141,1151,173,141,1151,-1
141,158,1060,141,158,1060,141,158,1060,-1
158,126,1147,158,126,1147,158,126,1147,-1
126,182,1154,126,182,1154,126,182,1154,-1
182,136,1158,182,136,1158,182,136,1158,-1
136,190,1160,136,190,1160,136,190,1160,-1
190,135,1204,190,135,1204,190,135,1204,-1
135,158,1169,135,158,1169,135,158,1169,-1
158,154,928,158,154,928,158,154,928,-1
154,150,1151,154,150,1151,154,150,1151,-1
150,143,903,150,143,903,150,143,903,-1
143,171,1165,143,171,1165,143,171,1165,-1
171,124,1151,171,124,1151,171,124,1151,-1
124,170,1227,124,170,1227,124,170,1227,-1
170,130,1193,170,130,1193,170,130,1193,-1
130,176,1175,130,176,1175,130,176,1175,-1
176,131,1177,176,131,1177,176,131,1177,-1
131,184,1192,131,184,1192,131,184,1192,-1
184,133,1156,184,133,1156,184,133,1156,-1
133,163,1147,133,163,1147,133,163,1147,-1
163,149,912,163,149,912,163,149,912,-1
149,179,1153,149,179,1153,149,179,1153,-1
179,133,1167,179,133,1167,179,133,1167,-1
133,178,1208,133,178,1208,133,178,1208,-1
178,127,1167,178,127,1167,178,127,1167,-1
127,169,1182,127,169,1182,127,169,1182,-1
169,126,1195,169,126,1195,169,126,1195,-1
126,166,1173,126,166,1173,126,166,1173,-1
166,127,1201,166,127,1201,166,127,1201,-1
127,153,1166,127,153,1166,127,153,1166,-1
153,149,907,153,149,907,153,149,907,-1
149,180,1163,149,180,1163,149,180,1163,-1
180,143,1167,180,143,1167,180,143,1167,-1
143,178,1155,143,178,1155,143,178,1155,-1
178,134,1172,178,134,1172,178,134,1172,-1
134,185,1206,134,185,1206,134,185,1206,-1
185,128,1218,185,128,1218,185,128,1218,-1
128,177,1192,128,177,1192,128,177,1192,-1
177,123,1200,177,123,1200,177,123,1200,-1
123,154,1141,123,154,1141,123,154,1141,-1
154,140,872,154,140,872,154,140,872,-1
140,160,1191,140,160,1191,140,160,1191,-1
160,161,943,160,161,943,160,161,943,-1
161,159,1185,161,159,1185,161,159,1185,-1
159,130,1236,159,130,1236,159,130,1236,-1
130,179,1262,130,179,1262,130,179,1262,-1
179,128,1228,179,128,1228,179,128,1228,-1
128,186,1227,128,186,1227,128,186,1227,-1
186,131,1268,186,131,1268,186,131,1268,-1
131,184,1203,131,184,1203,131,184,1203,-1
184,129,1173,184,129,1173,184,129,1173,-1
129,160,1120,129,160,1120,129,160,1120,-1
160,144,864,160,144,864,160,144,864,-1
144,158,1058,144,158,1058,144,158,1058,-1
158,139,839,158,139,839,158,139,839,-1
139,155,1128,139,155,1128,139,155,1128,-1
155,138,825,155,138,825,155,138,825,-1
138,156,989,138,156,989,138,156,989,-1
156,148,837,156,148,837,156,148,837,-1
148,165,1126,148,165,1126,148,165,1126,-1
165,155,1062,165,155,1062,165,155,1062,-1
155,168,1282,155,168,1282,155,168,1282,-1
168,156,985,168,156,985,168,156,985,-1
156,161,1075,156,161,1075,156,161,1075,-1
161,155,821,161,155,821,161,155,821,-1
155,149,1031,155,149,1031,155,149,1031,-1
149,299,884,149,299,884,149,299,884,-1
299,140,1016,299,140,1016,299,140,1016,-1
140,176,1219,140,176,1219,140,176,1219,-1
176,124,1310,176,124,1310,176,124,1310,-1
124,180,1266,124,180,1266,124,180,1266,-1
180,128,1231,180,128,1231,180,128,1231,-1
128,156,1241,128,156,1241,128,156,1241,-1
156,154,1020,156,154,1020,156,154,1020,-1
154,157,1116,154,157,1116,154,157,1116,-1
157,156,835,157,156,835,157,156,835,-1
156,164,1089,156,164,1089,156,164,1089,-1
164,154,935,164,154,935,164,154,935,-1
154,160,1206,154,160,1206,154,160,1206,-1
160,147,1012,160,147,1012,160,147,1012,-1
147,169,1178,147,169,1178,147,169,1178,-1
169,123,1308,169,123,1308,169,123,1308,-1
123,150,1214,123,150,1214,123,150,1214,-1
150,140,984,150,140,984,150,140,984,-1
140,159,1191,140,159,1191,140,159,1191,-1
159,307,954,159,307,954,159,307,954,-1
307,157,1002,307,157,1002,307,157,1002,-1
157,165,1190,157,165,1190,157,165,1190,-1
165,154,950,165,154,950,165,154,950,-1
154,181,1139,154,181,1139,154,181,1139,-1
181,131,1219,181,131,1219,181,131,1219,-1
131,155,1179,131,155,1179,131,155,1179,-1
155,144,894,155,144,894,155,144,894,-1
144,154,979,144,154,979,144,154,979,-1
154,147,800,154,147,800,154,147,800,-1
147,156,1070,147,156,1070,147,156,1070,-1
156,142,911,156,142,911,156,142,911,-1
142,175,1168,142,175,1168,142,175,1168,-1
175,126,1325,175,126,1325,175,126,1325,-1
126,157,1335,126,157,1335,126,157,1335,-1
157,155,1059,157,155,1059,157,155,1059,-1
155,160,1154,155,160,1154,155,160,1154,-1
160,158,1020,160,158,1020,160,158,1020,-1
158,178,1162,158,178,1162,158,178,1162,-1
178,129,1198,178,129,1198,178,129,1198,-1
129,161,1092,129,161,1092,129,161,1092,-1
161,150,766,161,150,766,161,150,766,-1
150,151,939,150,151,939,150,151,939,-1
151,178,851,151,178,851,151,178,851,-1
178,219,922,178,219,922,178,219,922,-1
219,196,984,219,196,984,219,196,984,-1
196,149,958,196,149,958,196,149,958,-1
149,167,1139,149,167,1139,149,167,1139,-1
167,153,964,167,153,964,167,153,964,-1
153,165,1117,153,165,1117,153,165,1117,-1
165,151,1036,165,151,1036,165,151,1036,-1
151,159,1189,151,159,1189,151,159,1189,-1
159,152,982,159,152,982,159,152,982,-1
152,157,1222,152,157,1222,152,157,1222,-1
157,152,1024,157,152,1024,157,152,1024,-1
152,145,1311,152,145,1311,152,145,1311,-1
145,146,1043,145,146,1043,145,146,1043,-1
146,153,1269,146,153,1269,146,153,1269,-1
153,149,1089,153,149,1089,153,149,1089,-1
149,155,1297,149,155,1297,149,155,1297,-1
155,146,1139,155,146,1139,155,146,1139,-1
146,158,1219,146,158,1219,146,158,1219,-1
158,152,988,158,152,988,158,152,988,-1
152,157,1173,152,157,1173,152,157,1173,-1
157,164,949,157,164,949,157,164,949,-1
164,159,1137,164,159,1137,164,159,1137,-1
159,157,939,159,157,939,159,157,939,-1
157,154,1099,157,154,1099,157,154,1099,-1
154,151,951,154,151,951,154,151,951,-1
151,165,1122,151,165,1122,151,165,1122,-1
165,126,1180,165,126,1180,165,126,1180,-1
126,150,1136,126,150,1136,126,150,1136,-1
150,151,878,150,151,878,150,151,878,-1
151,147,1058,151,147,1058,151,147,1058,-1
147,152,915,147,152,915,147,152,915,-1
152,158,1135,152,158,1135,152,158,1135,-1
158,157,953,158,157,953,158,157,953,-1
157,163,1097,157,163,1097,157,163,1097,-1
163,150,959,163,150,959,163,150,959,-1
150,165,1126,150,165,1126,150,165,1126,-1
165,151,947,165,151,947,165,151,947,-1
151,153,1095,151,153,1095,151,153,1095,-1
153,147,884,153,147,884,153,147,884,-1
147,157,1100,147,157,1100,147,157,1100,-1
157,149,934,157,149,934,157,149,934,-1
149,150,1136,149,150,1136,149,150,1136,-1
150,146,963,150,146,963,150,146,963,-1
146,150,1127,146,150,1127,146,150,1127,-1
150,143,978,150,143,978,150,143,978,-1
143,158,1167,143,158,1167,143,158,1167,-1
158,154,946,158,154,946,158,154,946,-1
154,162,1131,154,162,1131,154,162,1131,-1
162,167,921,162,167,921,162,167,921,-1
167,151,1069,167,151,1069,167,151,1069,-1
151,156,941,151,156,941,151,156,941,-1
156,160,1079,156,160,1079,156,160,1079,-1
160,147,956,160,147,956,160,147,956,-1
147,153,1144,147,153,1144,147,153,1144,-1
153,146,1053,153,146,1053,153,146,1053,-1
146,148,1184,146,148,1184,146,148,1184,-1
148,144,960,148,144,960,148,144,960,-1
144,176,1131,144,176,1131,144,176,1131,-1
176,126,1109,176,126,1109,176,126,1109,-1
126,165,1224,126,165,1224,126,165,1224,-1
165,147,927,165,147,927,165,147,927,-1
147,168,1136,147,168,1136,147,168,1136,-1
168,148,917,168,148,917,168,148,917,-1
148,164,1129,148,164,1129,148,164,1129,-1
164,151,929,164,151,929,164,151,929,-1
151,161,1162,151,161,1162,151,161,1162,-1
161,153,964,161,153,964,161,153,964,-1
153,146,1150,153,146,1150,153,146,1150,-1
146,144,1002,146,144,1002,146,144,1002,-1
144,155,1206,144,155,1206,144,155,1206,-1
155,146,1025,155,146,1025,155,146,1025,-1
146,152,1240,146,152,1240,146,152,1240,-1
152,148,1031,152,148,1031,152,148,1031,-1
148,152,1134,148,152,1134,148,152,1134,-1
152,145,956,152,145,956,152,145,956,-1
145,170,1162,145,170,1162,145,170,1162,-1
170,156,922,170,156,922,170,156,922,-1
156,171,1081,156,171,1081,156,171,1081,-1
171,148,874,171,148,874,171,148,874,-1
148,165,1091,148,165,1091,148,165,1091,-1
165,146,935,165,146,935,165,146,935,-1
146,152,1064,146,152,1064,146,152,1064,-1
152,143,886,152,143,886,152,143,886,-1
143,154,1084,143,154,1084,143,154,1084,-1
154,141,909,154,141,909,154,141,909,-1
141,154,1207,141,154,1207,141,154,1207,-1
154,150,909,154,150,909,154,150,909,-1
150,158,1055,150,158,1055,150,158,1055,-1
158,156,902,158,156,902,158,156,902,-1
156,158,1097,156,158,1097,156,158,1097,-1
158,153,899,158,153,899,158,153,899,-1
153,160,1182,153,160,1182,153,160,1182,-1
160,158,964,160,158,964,160,158,964,-1
158,153,1181,158,153,1181,158,153,1181,-1
153,153,968,153,153,968,153,153,968,-1
153,158,1167,153,158,1167,153,158,1167,-1
158,142,989,158,142,989,158,142,989,-1
142,154,1193,142,154,1193,142,154,1193,-1
154,145,974,154,145,974,154,145,974,-1
145,146,1125,145,146,1125,145,146,1125,-1
146,154,933,146,154,933,146,154,933,-1
154,149,1126,154,149,1126,154,149,1126,-1
149,151,918,149,151,918,149,151,918,-1
151,162,1076,151,162,1076,151,162,1076,-1
162,161,936,162,161,936,162,161,936,-1
161,161,1102,161,161,1102,161,161,1102,-1
161,159,1026,161,159,1026,161,159,1026,-1
159,155,1158,159,155,1158,159,155,1158,-1
155,161,969,155,161,969,155,161,969,-1
161,160,1152,161,160,1152,161,160,1152,-1
160,122,1193,160,122,1193,160,122,1193,-1
122,153,1183,122,153,1183,122,153,1183,-1
153,149,999,153,149,999,153,149,999,-1
149,156,1114,149,156,1114,149,156,1114,-1
156,148,995,156,148,995,156,148,995,-1
148,153,1082,148,153,1082,148,153,1082,-1
153,164,898,153,164,898,153,164,898,-1
164,139,1087,164,139,1087,164,139,1087,-1
139,163,936,139,163,936,139,163,936,-1
163,157,1116,163,157,1116,163,157,1116,-1
157,156,1001,157,156,1001,157,156,1001,-1
156,156,1174,156,156,1174,156,156,1174,-1
156,156,1037,156,156,1037,156,156,1037,-1
156,150,1126,156,150,1126,156,150,1126,-1
150,165,933,150,165,933,150,165,933,-1
165,134,1070,165,134,1070,165,134,1070,-1
134,144,908,134,144,908,134,144,908,-1
144,152,1144,144,152,1144,144,152,1144,-1
152,142,936,152,142,936,152,142,936,-1
142,158,1161,142,158,1161,142,158,1161,-1
158,153,982,158,153,982,158,153,982,-1
153,169,1136,153,169,1136,153,169,1136,-1
169,163,915,169,163,915,169,163,915,-1
163,155,1185,163,155,1185,163,155,1185,-1
155,154,963,155,154,963,155,154,963,-1
154,155,1168,154,155,1168,154,155,1168,-1
155,151,984,155,151,984,155,151,984,-1
151,173,1222,151,173,1222,151,173,1222,-1
173,128,1153,173,128,1153,173,128,1153,-1
128,144,1162,128,144,1162,128,144,1162,-1
144,162,947,144,162,947,144,162,947,-1
162,138,1146,162,138,1146,162,138,1146,-1
138,152,968,138,152,968,138,152,968,-1
152,155,1144,152,155,1144,152,155,1144,-1
155,150,957,155,150,957,155,150,957,-1
150,160,1139,150,160,1139,150,160,1139,-1
160,150,1007,160,150,1007,160,150,1007,-1
150,162,1185,150,162,1185,150,162,1185,-1
162,168,951,162,168,951,162,168,951,-1
168,153,1139,168,153,1139,168,153,1139,-1
153,149,954,153,149,954,153,149,954,-1
149,155,1171,149,155,1171,149,155,1171,-1
155,145,943,155,145,943,155,145,943,-1
145,167,1158,145,167,1158,145,167,1158,-1
167,124,1122,167,124,1122,167,124,1122,-1
124,151,1164,124,151,1164,124,151,1164,-1
151,156,882,151,156,882,151,156,882,-1
156,145,1129,156,145,1129,156,145,1129,-1
145,155,914,145,155,914,145,155,914,-1
155,162,1119,155,162,1119,155,162,1119,-1
162,157,902,162,157,902,162,157,902,-1
157,163,1083,157,163,1083,157,163,1083,-1
163,154,893,163,154,893,163,154,893,-1
154,159,1114,154,159,1114,154,159,1114,-1
159,148,932,159,148,932,159,148,932,-1
148,152,1265,148,152,1265,148,152,1265,-1
152,143,973,152,143,973,152,143,973,-1
143,160,1239,143,160,1239,143,160,1239,-1
160,145,1013,160,145,1013,160,145,1013,-1
145,151,1199,145,151,1199,145,151,1199,-1
151,148,972,151,148,972,151,148,972,-1
148,148,1172,148,148,1172,148,148,1172,-1
148,152,982,148,152,982,148,152,982,-1
152,156,1295,152,156,1295,152,156,1295,-1
156,158,982,156,158,982,156,158,982,-1
158,155,1152,158,155,1152,158,155,1152,-1
155,162,961,155,162,961,155,162,961,-1
162,158,1124,162,158,1124,162,158,1124,-1
158,154,922,158,154,922,158,154,922,-1
154,157,1124,154,157,1124,154,157,1124,-1
157,143,916,157,143,916,157,143,916,-1
143,154,1157,143,154,1157,143,154,1157,-1
154,142,924,154,142,924,154,142,924,-1
142,145,1094,142,145,1094,142,145,1094,-1
145,158,944,145,158,944,145,158,944,-1
158,155,1100,158,155,1100,158,155,1100,-1
155,152,904,155,152,904,155,152,904,-1
152,161,1172,152,161,1172,152,161,1172,-1
161,155,905,161,155,905,161,155,905,-1
155,159,1134,155,159,1134,155,159,1134,-1
159,155,947,159,155,947,159,155,947,-1
155,157,1144,155,157,1144,155,157,1144,-1
157,155,1051,157,155,1051,157,155,1051,-1
155,150,1159,155,150,1159,155,150,1159,-1
150,143,912,150,143,912,150,143,912,-1
143,157,1157,143,157,1157,143,157,1157,-1
157,144,928,157,144,928,157,144,928,-1
144,157,1167,144,157,1167,144,157,1167,-1
157,145,954,157,145,954,157,145,954,-1
145,153,1119,145,153,1119,145,153,1119,-1
153,149,1025,153,149,1025,153,149,1025,-1
149,154,1142,149,154,1142,149,154,1142,-1
154,171,953,154,171,953,154,171,953,-1
171,152,1096,171,152,1096,171,152,1096,-1
152,160,926,152,160,926,152,160,926,-1
160,158,1098,160,158,1098,160,158,1098,-1
158,154,925,158,154,925,158,154,925,-1
154,153,1120,154,153,1120,154,153,1120,-1
153,141,938,153,141,938,153,141,938,-1
141,153,1151,141,153,1151,141,153,1151,-1
153,150,887,153,150,887,153,150,887,-1
150,164,1178,150,164,1178,150,164,1178,-1
164,126,1144,164,126,1144,164,126,1144,-1
126,179,1132,126,179,1132,126,179,1132,-1
179,128,1154,179,128,1154,179,128,1154,-1
128,167,1181,128,167,1181,128,167,1181,-1
167,149,900,167,149,900,167,149,900,-1
149,164,1128,149,164,1128,149,164,1128,-1
164,150,845,164,150,845,164,150,845,-1
150,160,1168,150,160,1168,150,160,1168,-1
160,146,941,160,146,941,160,146,941,-1
146,184,1219,146,184,1219,146,184,1219,-1
184,128,1244,184,128,1244,184,128,1244,-1
128,172,1264,128,172,1264,128,172,1264,-1
172,124,1190,172,124,1190,172,124,1190,-1
124,153,1270,124,153,1270,124,153,1270,-1
153,138,1017,153,138,1017,153,138,1017,-1
138,157,1250,138,157,1250,138,157,1250,-1
157,148,989,157,148,989,157,148,989,-1
148,180,1146,148,180,1146,148,180,1146,-1
180,133,1202,180,133,1202,180,133,1202,-1
133,167,1181,133,167,1181,133,167,1181,-1
167,147,955,167,147,955,167,147,955,-1
147,172,1194,147,172,1194,147,172,1194,-1
172,148,949,172,148,949,172,148,949,-1
148,177,1165,148,177,1165,148,177,1165,-1
177,126,1187,177,126,1187,177,126,1187,-1
126,150,1192,126,150,1192,126,150,1192,-1
150,146,979,150,146,979,150,146,979,-1
146,153,1118,146,153,1118,146,153,1118,-1
153,162,889,153,162,889,153,162,889,-1
162,142,1060,162,142,1060,162,142,1060,-1
142,146,843,142,146,843,142,146,843,-1
146,162,1054,146,162,1054,146,162,1054,-1
162,149,829,162,149,829,162,149,829,-1
149,164,1067,149,164,1067,149,164,1067,-1
164,148,897,164,148,897,164,148,897,-1
148,168,1191,148,168,1191,148,168,1191,-1
168,145,974,168,145,974,168,145,974,-1
145,160,1212,145,160,1212,145,160,1212,-1
160,146,924,160,146,924,160,146,924,-1
146,151,1107,146,151,1107,146,151,1107,-1
151,149,958,151,149,958,151,149,958,-1
149,152,1185,149,152,1185,149,152,1185,-1
152,141,979,152,141,979,152,141,979,-1
141,156,1276,141,156,1276,141,156,1276,-1
156,140,994,156,140,994,156,140,994,-1
140,188,1229,140,188,1229,140,188,1229,-1
188,135,1195,188,135,1195,188,135,1195,-1
135,171,1194,135,171,1194,135,171,1194,-1
171,149,1015,171,149,1015,171,149,1015,-1
149,167,1093,149,167,1093,149,167,1093,-1
167,160,838,167,160,838,167,160,838,-1
160,144,1038,160,144,1038,160,144,1038,-1
144,144,897,144,144,897,144,144,897,-1
144,155,1195,144,155,1195,144,155,1195,-1
155,141,978,155,141,978,155,141,978,-1
141,152,1170,141,152,1170,141,152,1170,-1
152,146,963,152,146,963,152,146,963,-1
146,158,1175,146,158,1175,146,158,1175,-1
158,156,922,158,156,922,158,156,922,-1
156,123,1145,156,123,1145,156,123,1145,-1
123,316,1277,123,316,1277,123,316,1277,-1
316,152,964,316,152,964,316,152,964,-1
152,162,1173,152,162,1173,152,162,1173,-1
162,151,1052,162,151,1052,162,151,1052,-1
151,165,1258,151,165,1258,151,165,1258,-1
165,154,1007,165,154,1007,165,154,1007,-1
154,145,1179,154,145,1179,154,145,1179,-1
145,142,966,145,142,966,145,142,966,-1
142,149,1170,142,149,1170,142,149,1170,-1
149,144,961,149,144,961,149,144,961,-1
144,152,1178,144,152,1178,144,152,1178,-1
152,153,905,152,153,905,152,153,905,-1
153,152,1083,153,152,1083,153,152,1083,-1
152,157,913,152,157,913,152,157,913,-1
157,164,1207,157,164,1207,157,164,1207,-1
164,157,935,164,157,935,164,157,935,-1
157,158,1123,157,158,1123,157,158,1123,-1
158,156,932,158,156,932,158,156,932,-1
156,160,1135,156,160,1135,156,160,1135,-1
160,140,956,160,140,956,160,140,956,-1
140,156,1208,140,156,1208,140,156,1208,-1
156,144,981,156,144,981,156,144,981,-1
144,157,1162,144,157,1162,144,157,1162,-1
157,147,920,157,147,920,157,147,920,-1
147,171,1088,147,171,1088,147,171,1088,-1
171,126,1146,171,126,1146,171,126,1146,-1
126,157,1169,126,157,1169,126,157,1169,-1
157,160,908,157,160,908,157,160,908,-1
160,151,1089,160,151,1089,160,151,1089,-1
151,152,901,151,152,901,151,152,901,-1
152,166,1139,152,166,1139,152,166,1139,-1
166,148,904,166,148,904,166,148,904,-1
148,165,1123,148,165,1123,148,165,1123,-1
165,148,896,165,148,896,165,148,896,-1
148,158,1098,148,158,1098,148,158,1098,-1
158,139,940,158,139,940,158,139,940,-1
139,154,1268,139,154,1268,139,154,1268,-1
154,143,989,154,143,989,154,143,989,-1
143,146,1189,143,146,1189,143,146,1189,-1
146,154,1036,146,154,1036,146,154,1036,-1
154,161,1196,154,161,1196,154,161,1196,-1
161,155,964,161,155,964,161,155,964,-1
155,166,1183,155,166,1183,155,166,1183,-1
166,152,940,166,152,940,166,152,940,-1
152,164,1147,152,164,1147,152,164,1147,-1
164,148,958,164,148,958,164,148,958,-1
148,181,1160,148,181,1160,148,181,1160,-1
181,126,1182,181,126,1182,181,126,1182,-1
126,155,1140,126,155,1140,126,155,1140,-1
155,146,894,155,146,894,155,146,894,-1
146,149,1090,146,149,1090,146,149,1090,-1
149,143,876,149,143,876,149,143,876,-1
143,158,1058,143,158,1058,143,158,1058,-1
158,142,875,158,142,875,158,142,875,-1
142,161,1110,142,161,1110,142,161,1110,-1
161,151,895,161,151,895,161,151,895,-1
151,158,1093,151,158,1093,151,158,1093,-1
158,155,948,158,155,948,158,155,948,-1
155,164,1211,155,164,1211,155,164,1211,-1
164,159,1015,164,159,1015,164,159,1015,-1
159,180,1186,159,180,1186,159,180,1186,-1
180,127,1256,180,127,1256,180,127,1256,-1
127,155,1158,127,155,1158,127,155,1158,-1
155,137,924,155,137,924,155,137,924,-1
137,173,1162,137,173,1162,137,173,1162,-1
173,122,1185,173,122,1185,173,122,1185,-1
122,159,1185,122,159,1185,122,159,1185,-1
159,141,966,159,141,966,159,141,966,-1
141,164,1168,141,164,1168,141,164,1168,-1
164,149,1039,164,149,1039,164,149,1039,-1
149,170,1198,149,170,1198,149,170,1198,-1
170,161,932,170,161,932,170,161,932,-1
161,152,1156,161,152,1156,161,152,1156,-1
152,153,924,152,153,924,152,153,924,-1
153,156,1087,153,156,1087,153,156,1087,-1
156,145,919,156,145,919,156,145,919,-1
145,160,1154,145,160,1154,145,160,1154,-1
160,150,930,160,150,930,160,150,930,-1
150,152,1121,150,152,1121,150,152,1121,-1
152,144,904,152,144,904,152,144,904,-1
144,153,1152,144,153,1152,144,153,1152,-1
153,139,927,153,139,927,153,139,927,-1
139,159,1145,139,159,1145,139,159,1145,-1
159,147,929,159,147,929,159,147,929,-1
147,167,1135,147,167,1135,147,167,1135,-1
167,151,923,167,151,923,167,151,923,-1
151,164,1180,151,164,1180,151,164,1180,-1
164,149,955,164,149,955,164,149,955,-1
149,167,1193,149,167,1193,149,167,1193,-1
167,149,872,167,149,872,167,149,872,-1
149,154,1052,149,154,1052,149,154,1052,-1
154,143,935,154,143,935,154,143,935,-1
143,151,1143,143,151,1143,143,151,1143,-1
151,140,947,151,140,947,151,140,947,-1
140,159,1189,140,159,1189,140,159,1189,-1
159,152,1003,159,152,1003,159,152,1003,-1
152,180,1172,152,180,1172,152,180,1172,-1
180,127,1224,180,127,1224,180,127,1224,-1
127,187,1241,127,187,1241,127,187,1241,-1
187,131,1209,187,131,1209,187,131,1209,-1
131,158,1154,131,158,1154,131,158,1154,-1
158,185,969,158,185,969,158,185,969,-1
185,151,1030,185,151,1030,185,151,1030,-1
151,123,1138,151,123,1138,151,123,1138,-1
123,156,1132,123,156,1132,123,156,1132,-1
156,144,951,156,144,951,156,144,951,-1
144,155,1103,144,155,1103,144,155,1103,-1
155,145,997,155,145,997,155,145,997,-1
145,150,1100,145,150,1100,145,150,1100,-1
150,144,882,150,144,882,150,144,882,-1
144,157,1126,144,157,1126,144,157,1126,-1
157,143,918,157,143,918,157,143,918,-1
143,168,1139,143,168,1139,143,168,1139,-1
168,157,956,168,157,956,168,157,956,-1
157,190,1191,157,190,1191,157,190,1191,-1
190,132,1240,190,132,1240,190,132,1240,-1
132,161,1130,132,161,1130,132,161,1130,-1
161,142,936,161,142,936,161,142,936,-1
142,160,1165,142,160,1165,142,160,1165,-1
160,134,943,160,134,943,160,134,943,-1
134,162,1252,134,162,1252,134,162,1252,-1
162,138,945,162,138,945,162,138,945,-1
138,175,1164,138,175,1164,138,175,1164,-1
175,130,1175,175,130,1175,175,130,1175,-1
130,158,1193,130,158,1193,130,158,1193,-1
158,151,1028,158,151,1028,158,151,1028,-1
151,161,1220,151,161,1220,151,161,1220,-1
161,148,918,161,148,918,161,148,918,-1
148,167,1240,148,167,1240,148,167,1240,-1
167,149,926,167,149,926,167,149,926,-1
149,162,1147,149,162,1147,149,162,1147,-1
162,152,997,162,152,997,162,152,997,-1
152,160,1226,152,160,1226,152,160,1226,-1
160,140,983,160,140,983,160,140,983,-1
140,175,1230,140,175,1230,140,175,1230,-1
175,123,1174,175,123,1174,175,123,1174,-1
123,149,1226,123,149,1226,123,149,1226,-1
149,141,962,149,141,962,149,141,962,-1
141,154,1156,141,154,1156,141,154,1156,-1
154,153,945,154,153,945,154,153,945,-1
153,163,1169,153,163,1169,153,163,1169,-1
163,158,942,163,158,942,163,158,942,-1
158,164,1143,158,164,1143,158,164,1143,-1
164,163,913,164,163,913,164,163,913,-1
163,152,1108,163,152,1108,163,152,1108,-1
152,148,855,152,148,855,152,148,855,-1
148,157,1069,148,157,1069,148,157,1069,-1
157,140,901,157,140,901,157,140,901,-1
140,155,1153,140,155,1153,140,155,1153,-1
155,147,986,155,147,986,155,147,986,-1
147,157,1181,147,157,1181,147,157,1181,-1
157,153,979,157,153,979,157,153,979,-1
153,147,1184,153,147,1184,153,147,1184,-1
147,147,1003,147,147,1003,147,147,1003,-1
147,159,1160,147,159,1160,147,159,1160,-1
159,148,983,159,148,983,159,148,983,-1
148,189,1195,148,189,1195,148,189,1195,-1
189,129,1139,189,129,1139,189,129,1139,-1
129,162,1178,129,162,1178,129,162,1178,-1
162,150,957,162,150,957,162,150,957,-1
150,177,1226,150,177,1226,150,177,1226,-1
177,123,1165,177,123,1165,177,123,1165,-1
123,176,1215,123,176,1215,123,176,1215,-1
176,123,1130,176,123,1130,176,123,1130,-1
123,153,1091,123,153,1091,123,153,1091,-1
153,137,890,153,137,890,153,137,890,-1
137,160,1069,137,160,1069,137,160,1069,-1
160,156,847,160,156,847,160,156,847,-1
156,165,1089,156,165,1089,156,165,1089,-1
165,155,919,165,155,919,165,155,919,-1
155,164,1208,155,164,1208,155,164,1208,-1
164,148,984,164,148,984,164,148,984,-1
148,161,1239,148,161,1239,148,161,1239,-1
161,151,985,161,151,985,161,151,985,-1
151,156,1154,151,156,1154,151,156,1154,-1
156,144,966,156,144,966,156,144,966,-1
144,150,1201,144,150,1201,144,150,1201,-1
150,156,940,150,156,940,150,156,940,-1
156,145,1186,156,145,1186,156,145,1186,-1
145,143,951,145,143,951,145,143,951,-1
143,159,1136,143,159,1136,143,159,1136,-1
159,147,890,159,147,890,159,147,890,-1
147,181,1124,147,181,1124,147,181,1124,-1
181,129,1109,181,129,1109,181,129,1109,-1
129,163,1192,129,163,1192,129,163,1192,-1
163,151,952,163,151,952,163,151,952,-1
151,172,1199,151,172,1199,151,172,1199,-1
172,145,966,172,145,966,172,145,966,-1
145,162,1207,145,162,1207,145,162,1207,-1
162,144,961,162,144,961,162,144,961,-1
144,169,1167,144,169,1167,144,169,1167,-1
169,124,1261,169,124,1261,169,124,1261,-1
124,152,1164,124,152,1164,124,152,1164,-1
152,143,946,152,143,946,152,143,946,-1
143,155,1202,143,155,1202,143,155,1202,-1
155,151,916,155,151,916,155,151,916,-1
151,160,1105,151,160,1105,151,160,1105,-1
160,163,900,160,163,900,160,163,900,-1
163,184,1069,163,184,1069,163,184,1069,-1
184,128,1252,184,128,1252,184,128,1252,-1
128,163,1146,128,163,1146,128,163,1146,-1
163,144,891,163,144,891,163,144,891,-1
144,178,1105,144,178,1105,144,178,1105,-1
178,226,679,178,226,679,178,226,679,-1
226,148,933,226,148,933,226,148,933,-1
148,154,1181,148,154,1181,148,154,1181,-1
154,145,963,154,145,963,154,145,963,-1
145,152,1167,145,152,1167,145,152,1167,-1
152,146,1014,152,146,1014,152,146,1014,-1
146,155,1115,146,155,1115,146,155,1115,-1
155,152,913,155,152,913,155,152,913,-1
152,165,1123,152,165,1123,152,165,1123,-1
165,148,938,165,148,938,165,148,938,-1
148,169,1189,148,169,1189,148,169,1189,-1
169,151,951,169,151,951,169,151,951,-1
151,183,1134,151,183,1134,151,183,1134,-1
183,123,1270,183,123,1270,183,123,1270,-1
123,153,1166,123,153,1166,123,153,1166,-1
153,140,913,153,140,913,153,140,913,-1
140,153,1135,140,153,1135,140,153,1135,-1
153,140,904,153,140,904,153,140,904,-1
140,163,1180,140,163,1180,140,163,1180,-1
163,149,928,163,149,928,163,149,928,-1
149,163,1197,149,163,1197,149,163,1197,-1
163,151,1013,163,151,1013,163,151,1013,-1
151,164,1154,151,164,1154,151,164,1154,-1
164,145,940,164,145,940,164,145,940,-1
145,167,1204,145,167,1204,145,167,1204,-1
167,147,978,167,147,978,167,147,978,-1
147,164,1243,147,164,1243,147,164,1243,-1
164,142,1016,164,142,1016,164,142,1016,-1
142,157,1177,142,157,1177,142,157,1177,-1
157,142,1042,157,142,1042,157,142,1042,-1
142,156,1176,142,156,1176,142,156,1176,-1
156,140,958,156,140,958,156,140,958,-1
140,157,1220,140,157,1220,140,157,1220,-1
157,145,957,157,145,957,157,145,957,-1
145,157,1144,145,157,1144,145,157,1144,-1
157,151,909,157,151,909,157,151,909,-1
151,187,1085,151,187,1085,151,187,1085,-1
187,137,1177,187,137,1177,187,137,1177,-1
137,165,1120,137,165,1120,137,165,1120,-1
165,148,878,165,148,878,165,148,878,-1
148,163,1097,148,163,1097,148,163,1097,-1
163,141,875,163,141,875,163,141,875,-1
141,157,1133,141,157,1133,141,157,1133,-1
157,139,887,157,139,887,157,139,887,-1
139,158,1068,139,158,1068,139,158,1068,-1
158,140,935,158,140,935,158,140,935,-1
140,155,1079,140,155,1079,140,155,1079,-1
155,145,919,155,145,919,155,145,919,-1
145,166,1196,145,166,1196,145,166,1196,-1
166,153,985,166,153,985,166,153,985,-1
153,162,1222,153,162,1222,153,162,1222,-1
162,155,978,162,155,978,162,155,978,-1
155,183,1148,155,183,1148,155,183,1148,-1
183,248,749,183,248,749,183,248,749,-1
248,133,1257,248,133,1257,248,133,1257,-1
133,156,1180,133,156,1180,133,156,1180,-1
156,134,948,156,134,948,156,134,948,-1
134,179,1211,134,179,1211,134,179,1211,-1
179,124,1129,179,124,1129,179,124,1129,-1
124,150,1177,124,150,1177,124,150,1177,-1
150,145,956,150,145,956,150,145,956,-1
145,155,1171,145,155,1171,145,155,1171,-1
155,152,1012,155,152,1012,155,152,1012,-1
152,161,1196,152,161,1196,152,161,1196,-1
161,163,966,161,163,966,161,163,966,-1
163,157,1200,163,157,1200,163,157,1200,-1
157,155,980,157,155,980,157,155,980,-1
155,163,1176,155,163,1176,155,163,1176,-1
163,148,1000,163,148,1000,163,148,1000,-1
148,157,1188,148,157,1188,148,157,1188,-1
157,137,992,157,137,992,157,137,992,-1
137,154,1213,137,154,1213,137,154,1213,-1
154,147,950,154,147,950,154,147,950,-1
147,155,1240,147,155,1240,147,155,1240,-1
155,146,964,155,146,964,155,146,964,-1
146,180,1195,146,180,1195,146,180,1195,-1
180,130,1199,180,130,1199,180,130,1199,-1
130,159,1179,130,159,1179,130,159,1179,-1
159,152,964,159,152,964,159,152,964,-1
152,161,1177,152,161,1177,152,161,1177,-1
161,156,938,161,156,938,161,156,938,-1
156,176,1220,156,176,1220,156,176,1220,-1
176,127,1150,176,127,1150,176,127,1150,-1
127,160,1164,127,160,1164,127,160,1164,-1
160,144,963,160,144,963,160,144,963,-1
144,156,1196,144,156,1196,144,156,1196,-1
156,144,937,156,144,937,156,144,937,-1
144,149,1117,144,149,1117,144,149,1117,-1
149,142,939,149,142,939,149,142,939,-1
142,156,1210,142,156,1210,142,156,1210,-1
156,154,946,156,154,946,156,154,946,-1
154,159,1090,154,159,1090,154,159,1090,-1
159,163,963,159,163,963,159,163,963,-1
163,164,1126,163,164,1126,163,164,1126,-1
164,156,807,164,156,807,164,156,807,-1
156,159,956,156,159,956,156,159,956,-1
159,138,668,159,138,668,159,138,668,-1
138,164,716,138,164,716,138,164,716,-1
164,298,672,164,298,672,164,298,672,-1
298,135,935,298,135,935,298,135,935,-1
135,161,1121,135,161,1121,135,161,1121,-1
161,139,1020,161,139,1020,161,139,1020,-1
139,167,1306,139,167,1306,139,167,1306,-1
167,145,1110,167,145,1110,167,145,1110,-1
145,164,1366,145,164,1366,145,164,1366,-1
164,152,1129,164,152,1129,164,152,1129,-1
152,181,1344,152,181,1344,152,181,1344,-1
181,134,1350,181,134,1350,181,134,1350,-1
134,160,1301,134,160,1301,134,160,1301,-1
160,151,1036,160,151,1036,160,151,1036,-1
151,161,1259,151,161,1259,151,161,1259,-1
161,143,1021,161,143,1021,161,143,1021,-1
143,174,1207,143,174,1207,143,174,1207,-1
174,292,1222,174,292,1222,174,292,1222,-1
292,125,1196,292,125,1196,292,125,1196,-1
125,156,1152,125,156,1152,125,156,1152,-1
156,167,931,156,167,931,156,167,931,-1
167,170,1067,167,170,1067,167,170,1067,-1
170,132,1127,170,132,1127,170,132,1127,-1
132,167,1123,132,167,1123,132,167,1123,-1
167,156,945,167,156,945,167,156,945,-1
156,179,1108,156,179,1108,156,179,1108,-1
179,126,1136,179,126,1136,179,126,1136,-1
126,154,1126,126,154,1126,126,154,1126,-1
154,160,885,154,160,885,154,160,885,-1
160,160,1054,160,160,1054,160,160,1054,-1
160,126,1145,160,126,1145,160,126,1145,-1
126,157,1124,126,157,1124,126,157,1124,-1
157,140,933,157,140,933,157,140,933,-1
140,179,1127,140,179,1127,140,179,1127,-1
179,123,1151,179,123,1151,179,123,1151,-1
123,163,1122,123,163,1122,123,163,1122,-1
163,143,878,163,143,878,163,143,878,-1
143,174,1157,143,174,1157,143,174,1157,-1
174,144,901,174,144,901,174,144,901,-1
144,168,1145,144,168,1145,144,168,1145,-1
168,150,898,168,150,898,168,150,898,-1
150,160,1119,150,160,1119,150,160,1119,-1
160,146,980,160,146,980,160,146,980,-1
146,150,1115,146,150,1115,146,150,1115,-1
150,139,906,150,139,906,150,139,906,-1
139,173,1154,139,173,1154,139,173,1154,-1
173,283,1176,173,283,1176,173,283,1176,-1
283,159,936,283,159,936,283,159,936,-1
159,162,1077,159,162,1077,159,162,1077,-1
162,148,915,162,148,915,162,148,915,-1
148,170,1028,148,170,1028,148,170,1028,-1
170,146,824,170,146,824,170,146,824,-1
146,163,1061,146,163,1061,146,163,1061,-1
163,143,885,163,143,885,163,143,885,-1
143,164,1126,143,164,1126,143,164,1126,-1
164,145,934,164,145,934,164,145,934,-1
145,150,1082,145,150,1082,145,150,1082,-1
150,141,1007,150,141,1007,150,141,1007,-1
141,157,1179,141,157,1179,141,157,1179,-1
157,143,969,157,143,969,157,143,969,-1
143,156,1221,143,156,1221,143,156,1221,-1
156,151,968,156,151,968,156,151,968,-1
151,158,1201,151,158,1201,151,158,1201,-1
158,150,1006,158,150,1006,158,150,1006,-1
150,162,1210,150,162,1210,150,162,1210,-1
162,164,1041,162,164,1041,162,164,1041,-1
164,163,1158,164,163,1158,164,163,1158,-1
163,148,980,163,148,980,163,148,980,-1
148,158,1230,148,158,1230,148,158,1230,-1
158,142,1018,158,142,1018,158,142,1018,-1
142,153,1277,142,153,1277,142,153,1277,-1
153,142,1014,153,142,1014,153,142,1014,-1
142,150,1171,142,150,1171,142,150,1171,-1
150,146,923,150,146,923,150,146,923,-1
146,156,1120,146,156,1120,146,156,1120,-1
156,155,890,156,155,890,156,155,890,-1
155,160,1083,155,160,1083,155,160,1083,-1
160,165,877,160,165,877,160,165,877,-1
165,154,1091,165,154,1091,165,154,1091,-1
154,152,871,154,152,871,154,152,871,-1
152,160,1069,152,160,1069,152,160,1069,-1
160,150,876,160,150,876,160,150,876,-1
150,156,1053,150,156,1053,150,156,1053,-1
156,151,883,156,151,883,156,151,883,-1
151,154,1060,151,154,1060,151,154,1060,-1
154,151,870,154,151,870,154,151,870,-1
151,144,1087,151,144,1087,151,144,1087,-1
144,141,900,144,141,900,144,141,900,-1
141,153,1121,141,153,1121,141,153,1121,-1
153,145,905,153,145,905,153,145,905,-1
145,161,1083,145,161,1083,145,161,1083,-1
161,152,966,161,152,966,161,152,966,-1
152,164,1132,152,164,1132,152,164,1132,-1
164,153,911,164,153,911,164,153,911,-1
153,166,1151,153,166,1151,153,166,1151,-1
166,151,938,166,151,938,166,151,938,-1
151,154,1238,151,154,1238,151,154,1238,-1
154,148,943,154,148,943,154,148,943,-1
148,174,1180,148,174,1180,148,174,1180,-1
174,275,1349,174,275,1349,174,275,1349,-1
275,149,918,275,149,918,275,149,918,-1
149,159,1130,149,159,1130,149,159,1130,-1
159,148,936,159,148,936,159,148,936,-1
148,161,1240,148,161,1240,148,161,1240,-1
161,148,983,161,148,983,161,148,983,-1
148,162,1223,148,162,1223,148,162,1223,-1
162,152,1008,162,152,1008,162,152,1008,-1
152,182,1216,152,182,1216,152,182,1216,-1
182,134,1176,182,134,1176,182,134,1176,-1
134,152,1197,134,152,1197,134,152,1197,-1
152,149,972,152,149,972,152,149,972,-1
149,149,1185,149,149,1185,149,149,1185,-1
149,149,900,149,149,900,149,149,900,-1
149,150,1160,149,150,1160,149,150,1160,-1
150,151,922,150,151,922,150,151,922,-1
151,149,1097,151,149,1097,151,149,1097,-1
149,150,987,149,150,987,149,150,987,-1
150,154,1107,150,154,1107,150,154,1107,-1
154,161,950,154,161,950,154,161,950,-1
161,161,1082,161,161,1082,161,161,1082,-1
161,160,912,161,160,912,161,160,912,-1
160,156,1192,160,156,1192,160,156,1192,-1
156,152,888,156,152,888,156,152,888,-1
152,158,1155,152,158,1155,152,158,1155,-1
158,148,949,158,148,949,158,148,949,-1
148,152,1113,148,152,1113,148,152,1113,-1
152,145,996,152,145,996,152,145,996,-1
145,148,1137,145,148,1137,145,148,1137,-1
148,150,891,148,150,891,148,150,891,-1
150,153,1090,150,153,1090,150,153,1090,-1
153,152,908,153,152,908,153,152,908,-1
152,158,1169,152,158,1169,152,158,1169,-1
158,155,917,158,155,917,158,155,917,-1
155,155,1076,155,155,1076,155,155,1076,-1
155,157,920,155,157,920,155,157,920,-1
157,159,1118,157,159,1118,157,159,1118,-1
159,156,941,159,156,941,159,156,941,-1
156,161,1080,156,161,1080,156,161,1080,-1
161,166,892,161,166,892,161,166,892,-1
166,132,1007,166,132,1007,166,132,1007,-1
132,145,911,132,145,911,132,145,911,-1
145,147,1142,145,147,1142,145,147,1142,-1
147,145,938,147,145,938,147,145,938,-1
145,147,1126,145,147,1126,145,147,1126,-1
147,156,903,147,156,903,147,156,903,-1
156,153,1086,156,153,1086,156,153,1086,-1
153,154,897,153,154,897,153,154,897,-1
154,167,1106,154,167,1106,154,167,1106,-1
167,165,890,167,165,890,167,165,890,-1
165,158,1118,165,158,1118,165,158,1118,-1
158,150,910,158,150,910,158,150,910,-1
150,157,1055,150,157,1055,150,157,1055,-1
157,145,936,157,145,936,157,145,936,-1
145,152,1124,145,152,1124,145,152,1124,-1
152,146,1011,152,146,1011,152,146,1011,-1
146,155,1168,146,155,1168,146,155,1168,-1
155,145,937,155,145,937,155,145,937,-1
145,155,1130,145,155,1130,145,155,1130,-1
155,150,930,155,150,930,155,150,930,-1
150,153,1125,150,153,1125,150,153,1125,-1
153,155,969,153,155,969,153,155,969,-1
155,153,1102,155,153,1102,155,153,1102,-1
153,163,939,153,163,939,153,163,939,-1
163,156,1081,163,156,1081,163,156,1081,-1
156,156,910,156,156,910,156,156,910,-1
156,158,1092,156,158,1092,156,158,1092,-1
158,154,924,158,154,924,158,154,924,-1
154,149,1087,154,149,1087,154,149,1087,-1
149,140,895,149,140,895,149,140,895,-1
140,154,1056,140,154,1056,140,154,1056,-1
154,140,897,154,140,897,154,140,897,-1
140,153,1116,140,153,1116,140,153,1116,-1
153,147,897,153,147,897,153,147,897,-1
147,163,1047,147,163,1047,147,163,1047,-1
163,172,880,163,172,880,163,172,880,-1
172,148,1047,172,148,1047,172,148,1047,-1
148,157,923,148,157,923,148,157,923,-1
157,159,1091,157,159,1091,157,159,1091,-1
159,152,899,159,152,899,159,152,899,-1
152,157,1060,152,157,1060,152,157,1060,-1
157,147,954,157,147,954,157,147,954,-1
147,154,1117,147,154,1117,147,154,1117,-1
154,139,916,154,139,916,154,139,916,-1
139,156,1201,139,156,1201,139,156,1201,-1
156,141,892,156,141,892,156,141,892,-1
141,162,1138,141,162,1138,141,162,1138,-1
162,140,800,162,140,800,162,140,800,-1
140,163,1080,140,163,1080,140,163,1080,-1
163,150,941,163,150,941,163,150,941,-1
150,161,1096,150,161,1096,150,161,1096,-1
161,151,898,161,151,898,161,151,898,-1
151,167,1115,151,167,1115,151,167,1115,-1
167,161,973,167,161,973,167,161,973,-1
161,156,1226,161,156,1226,161,156,1226,-1
156,144,1015,156,144,1015,156,144,1015,-1
144,157,1257,144,157,1257,144,157,1257,-1
157,138,1051,157,138,1051,157,138,1051,-1
138,173,1262,138,173,1262,138,173,1262,-1
173,122,1264,173,122,1264,173,122,1264,-1
122,158,1280,122,158,1280,122,158,1280,-1
158,137,1040,158,137,1040,158,137,1040,-1
137,166,1241,137,166,1241,137,166,1241,-1
166,151,992,166,151,992,166,151,992,-1
151,192,1203,151,192,1203,151,192,1203,-1
192,132,1187,192,132,1187,192,132,1187,-1
132,185,1199,132,185,1199,132,185,1199,-1
185,132,1212,185,132,1212,185,132,1212,-1
132,156,1160,132,156,1160,132,156,1160,-1
156,145,937,156,145,937,156,145,937,-1
145,156,1188,145,156,1188,145,156,1188,-1
156,146,976,156,146,976,156,146,976,-1
146,156,1229,146,156,1229,146,156,1229,-1
156,141,962,156,141,962,156,141,962,-1
141,177,1132,141,177,1132,141,177,1132,-1
177,276,1232,177,276,1232,177,276,1232,-1
276,147,887,276,147,887,276,147,887,-1
147,166,1094,147,166,1094,147,166,1094,-1
166,156,889,166,156,889,166,156,889,-1
156,159,1158,156,159,1158,156,159,1158,-1
159,155,898,159,155,898,159,155,898,-1
155,161,1059,155,161,1059,155,161,1059,-1
161,150,895,161,150,895,161,150,895,-1
150,153,1116,150,153,1116,150,153,1116,-1
153,147,887,153,147,887,153,147,887,-1
147,149,1041,147,149,1041,147,149,1041,-1
149,147,850,149,147,850,149,147,850,-1
147,148,1075,147,148,1075,147,148,1075,-1
148,146,885,148,146,885,148,146,885,-1
146,167,1128,146,167,1128,146,167,1128,-1
167,150,916,167,150,916,167,150,916,-1
150,165,1098,150,165,1098,150,165,1098,-1
165,152,931,165,152,931,165,152,931,-1
152,158,1152,152,158,1152,152,158,1152,-1
158,161,935,158,161,935,158,161,935,-1
161,152,1154,161,152,1154,161,152,1154,-1
152,153,946,152,153,946,152,153,946,-1
153,148,1107,153,148,1107,153,148,1107,-1
148,146,954,148,146,954,148,146,954,-1
146,153,1181,146,153,1181,146,153,1181,-1
153,148,1031,153,148,1031,153,148,1031,-1
148,151,1161,148,151,1161,148,151,1161,-1
151,159,948,151,159,948,151,159,948,-1
159,143,1132,159,143,1132,159,143,1132,-1
143,147,976,143,147,976,143,147,976,-1
147,163,1168,147,163,1168,147,163,1168,-1
163,157,929,163,157,929,163,157,929,-1
157,166,1066,157,166,1066,157,166,1066,-1
166,155,970,166,155,970,166,155,970,-1
155,160,1133,155,160,1133,155,160,1133,-1
160,147,950,160,147,950,160,147,950,-1
147,154,1201,147,154,1201,147,154,1201,-1
154,143,969,154,143,969,154,143,969,-1
143,153,1178,143,153,1178,143,153,1178,-1
153,149,986,153,149,986,153,149,986,-1
149,143,1161,149,143,1161,149,143,1161,-1
143,153,1039,143,153,1039,143,153,1039,-1
153,158,1192,153,158,1192,153,158,1192,-1
158,158,960,158,158,960,158,158,960,-1
158,162,1120,158,162,1120,158,162,1120,-1
162,147,931,162,147,931,162,147,931,-1
147,167,1185,147,167,1185,147,167,1185,-1
167,150,923,167,150,923,167,150,923,-1
150,154,1082,150,154,1082,150,154,1082,-1
154,154,908,154,154,908,154,154,908,-1
154,157,1069,154,157,1069,154,157,1069,-1
157,147,871,157,147,871,157,147,871,-1
147,152,1098,147,152,1098,147,152,1098,-1
152,148,877,152,148,877,152,148,877,-1
148,148,1110,148,148,1110,148,148,1110,-1
148,145,899,148,145,899,148,145,899,-1
145,152,1062,145,152,1062,145,152,1062,-1
152,154,924,152,154,924,152,154,924,-1
154,159,1105,154,159,1105,154,159,1105,-1
159,157,911,159,157,911,159,157,911,-1
157,163,1089,157,163,1089,157,163,1089,-1
163,164,910,163,164,910,163,164,910,-1
164,156,1105,164,156,1105,164,156,1105,-1
156,143,917,156,143,917,156,143,917,-1
143,159,1062,143,159,1062,143,159,1062,-1
159,137,743,159,137,743,159,137,743,-1
137,174,882,137,174,882,137,174,882,-1
174,189,848,174,189,848,174,189,848,-1
189,145,865,189,145,865,189,145,865,-1
145,163,1063,145,163,1063,145,163,1063,-1
163,145,918,163,145,918,163,145,918,-1
145,164,1097,145,164,1097,145,164,1097,-1
164,149,988,164,149,988,164,149,988,-1
149,162,1216,149,162,1216,149,162,1216,-1
162,148,1043,162,148,1043,162,148,1043,-1
148,167,1234,148,167,1234,148,167,1234,-1
167,149,1062,167,149,1062,167,149,1062,-1
149,157,1214,149,157,1214,149,157,1214,-1
157,145,1042,157,145,1042,157,145,1042,-1
145,155,1281,145,155,1281,145,155,1281,-1
155,159,1085,155,159,1085,155,159,1085,-1
159,134,1250,159,134,1250,159,134,1250,-1
134,151,1105,134,151,1105,134,151,1105,-1
151,145,1226,151,145,1226,151,145,1226,-1
145,149,1071,145,149,1071,145,149,1071,-1
149,162,1214,149,162,1214,149,162,1214,-1
162,158,1081,162,158,1081,162,158,1081,-1
158,166,1178,158,166,1178,158,166,1178,-1
166,192,950,166,192,950,166,192,950,-1
192,125,999,192,125,999,192,125,999,-1
125,152,927,125,152,927,125,152,927,-1
152,152,1077,152,152,1077,152,152,1077,-1
152,149,912,152,149,912,152,149,912,-1
149,150,1061,149,150,1061,149,150,1061,-1
150,148,927,150,148,927,150,148,927,-1
148,146,1043,148,146,1043,148,146,1043,-1
146,149,874,146,149,874,146,149,874,-1
149,153,1077,149,153,1077,149,153,1077,-1
153,156,876,153,156,876,153,156,876,-1
156,152,1150,156,152,1150,156,152,1150,-1
152,161,909,152,161,909,152,161,909,-1
161,154,1085,161,154,1085,161,154,1085,-1
154,157,943,154,157,943,154,157,943,-1
157,160,1108,157,160,1108,157,160,1108,-1
160,155,941,160,155,941,160,155,941,-1
155,158,1113,155,158,1113,155,158,1113,-1
158,142,890,158,142,890,158,142,890,-1
142,157,1147,142,157,1147,142,157,1147,-1
157,142,919,157,142,919,157,142,919,-1
142,149,1141,142,149,1141,142,149,1141,-1
149,145,921,149,145,921,149,145,921,-1
145,153,1129,145,153,1129,145,153,1129,-1
153,152,944,153,152,944,153,152,944,-1
152,153,1122,152,153,1122,152,153,1122,-1
153,160,914,153,160,914,153,160,914,-1
160,163,1142,160,163,1142,160,163,1142,-1
163,167,920,163,167,920,163,167,920,-1
167,150,1155,167,150,1155,167,150,1155,-1
150,157,927,150,157,927,150,157,927,-1
157,152,1126,157,152,1126,157,152,1126,-1
152,148,946,152,148,946,152,148,946,-1
148,153,1145,148,153,1145,148,153,1145,-1
153,147,1017,153,147,1017,153,147,1017,-1
147,153,1149,147,153,1149,147,153,1149,-1
153,146,920,153,146,920,153,146,920,-1
146,152,1147,146,152,1147,146,152,1147,-1
152,147,927,152,147,927,152,147,927,-1
147,153,1217,147,153,1217,147,153,1217,-1
153,153,940,153,153,940,153,153,940,-1
153,161,1155,153,161,1155,153,161,1155,-1
161,158,939,161,158,939,161,158,939,-1
158,159,1132,158,159,1132,158,159,1132,-1
159,158,970,159,158,970,159,158,970,-1
158,153,1136,158,153,1136,158,153,1136,-1
153,152,946,153,152,946,153,152,946,-1
152,200,1189,152,200,1189,152,200,1189,-1
200,179,1145,200,179,1145,200,179,1145,-1
179,150,1002,179,150,1002,179,150,1002,-1
150,147,1228,150,147,1228,150,147,1228,-1
147,147,981,147,147,981,147,147,981,-1
147,162,1160,147,162,1160,147,162,1160,-1
162,157,939,162,157,939,162,157,939,-1
157,159,1120,157,159,1120,157,159,1120,-1
159,159,970,159,159,970,159,159,970,-1
159,153,1105,159,153,1105,159,153,1105,-1
153,158,869,153,158,869,153,158,869,-1
158,154,1077,158,154,1077,158,154,1077,-1
154,160,862,154,160,862,154,160,862,-1
160,144,1075,160,144,1075,160,144,1075,-1
144,145,860,144,145,860,144,145,860,-1
145,150,1062,145,150,1062,145,150,1062,-1
150,153,855,150,153,855,150,153,855,-1
153,152,1033,153,152,1033,153,152,1033,-1
152,142,925,152,142,925,152,142,925,-1
142,160,1098,142,160,1098,142,160,1098,-1
160,146,844,160,146,844,160,146,844,-1
146,162,993,146,162,993,146,162,993,-1
162,158,776,162,158,776,162,158,776,-1
158,164,1079,158,164,1079,158,164,1079,-1
164,152,926,164,152,926,164,152,926,-1
152,163,1207,152,163,1207,152,163,1207,-1
163,149,1001,163,149,1001,163,149,1001,-1
149,153,1166,149,153,1166,149,153,1166,-1
153,139,1064,153,139,1064,153,139,1064,-1
139,154,1237,139,154,1237,139,154,1237,-1
154,148,985,154,148,985,154,148,985,-1
148,149,1195,148,149,1195,148,149,1195,-1
149,155,976,149,155,976,149,155,976,-1
155,151,1171,155,151,1171,155,151,1171,-1
151,158,985,151,158,985,151,158,985,-1
158,148,1092,158,148,1092,158,148,1092,-1
148,167,822,148,167,822,148,167,822,-1
167,268,930,167,268,930,167,268,930,-1
268,156,1189,268,156,1189,268,156,1189,-1
156,154,1030,156,154,1030,156,154,1030,-1
154,151,1112,154,151,1112,154,151,1112,-1
151,155,930,151,155,930,151,155,930,-1
155,146,1111,155,146,1111,155,146,1111,-1
146,155,912,146,155,912,146,155,912,-1
155,145,1111,155,145,1111,155,145,1111,-1
145,142,928,145,142,928,145,142,928,-1
142,150,1091,142,150,1091,142,150,1091,-1
150,156,918,150,156,918,150,156,918,-1
156,155,1067,156,155,1067,156,155,1067,-1
155,152,962,155,152,962,155,152,962,-1
152,166,1152,152,166,1152,152,166,1152,-1
166,160,911,166,160,911,166,160,911,-1
160,159,1099,160,159,1099,160,159,1099,-1
159,159,888,159,159,888,159,159,888,-1
159,145,1126,159,145,1126,159,145,1126,-1
145,146,917,145,146,917,145,146,917,-1
146,148,1116,146,148,1116,146,148,1116,-1
148,151,918,148,151,918,148,151,918,-1
151,148,1075,151,148,1075,151,148,1075,-1
148,158,927,148,158,927,148,158,927,-1
158,153,1076,158,153,1076,158,153,1076,-1
153,154,902,153,154,902,153,154,902,-1
154,158,1086,154,158,1086,154,158,1086,-1
158,143,902,158,143,902,158,143,902,-1
143,166,1148,143,166,1148,143,166,1148,-1
166,156,908,166,156,908,166,156,908,-1
156,158,1123,156,158,1123,156,158,1123,-1
158,150,924,158,150,924,158,150,924,-1
150,155,1149,150,155,1149,150,155,1149,-1
155,154,954,155,154,954,155,154,954,-1
154,149,1106,154,149,1106,154,149,1106,-1
149,146,978,149,146,978,149,146,978,-1
146,148,1103,146,148,1103,146,148,1103,-1
148,145,926,148,145,926,148,145,926,-1
145,151,1130,145,151,1130,145,151,1130,-1
151,150,924,151,150,924,151,150,924,-1
150,158,1171,150,158,1171,150,158,1171,-1
158,161,932,158,161,932,158,161,932,-1
161,165,1121,161,165,1121,161,165,1121,-1
165,154,950,165,154,950,165,154,950,-1
154,164,1140,154,164,1140,154,164,1140,-1
164,147,1011,164,147,1011,164,147,1011,-1
147,155,1146,147,155,1146,147,155,1146,-1
155,147,931,155,147,931,155,147,931,-1
147,148,1084,147,148,1084,147,148,1084,-1
148,150,909,148,150,909,148,150,909,-1
150,148,1158,150,148,1158,150,148,1158,-1
148,146,942,148,146,942,148,146,942,-1
146,231,1130,146,231,1130,146,231,1130,-1
231,146,1020,231,146,1020,231,146,1020,-1
146,158,973,146,158,973,146,158,973,-1
158,161,1134,158,161,1134,158,161,1134,-1
161,145,924,161,145,924,161,145,924,-1
145,160,967,145,160,967,145,160,967,-1
160,159,757,160,159,757,160,159,757,-1
159,161,930,159,161,930,159,161,930,-1
161,155,854,161,155,854,161,155,854,-1
155,145,1047,155,145,1047,155,145,1047,-1
145,152,963,145,152,963,145,152,963,-1
152,142,1162,152,142,1162,152,142,1162,-1
142,296,931,142,296,931,142,296,931,-1
296,153,946,296,153,946,296,153,946,-1
153,148,1085,153,148,1085,153,148,1085,-1
148,159,991,148,159,991,148,159,991,-1
159,164,1195,159,164,1195,159,164,1195,-1
164,161,1030,164,161,1030,164,161,1030,-1
161,160,1157,161,160,1157,161,160,1157,-1
160,150,964,160,150,964,160,150,964,-1
150,163,1166,150,163,1166,150,163,1166,-1
163,143,949,163,143,949,163,143,949,-1
143,153,1170,143,153,1170,143,153,1170,-1
153,146,919,153,146,919,153,146,919,-1
146,150,1095,146,150,1095,146,150,1095,-1
150,153,949,150,153,949,150,153,949,-1
153,152,1181,153,152,1181,153,152,1181,-1
152,153,1028,152,153,1028,152,153,1028,-1
153,151,1122,153,151,1122,153,151,1122,-1
151,150,962,151,150,962,151,150,962,-1
150,157,1121,150,157,1121,150,157,1121,-1
157,157,929,157,157,929,157,157,929,-1
157,163,1195,157,163,1195,157,163,1195,-1
163,149,955,163,149,955,163,149,955,-1
149,161,1084,149,161,1084,149,161,1084,-1
161,150,913,161,150,913,161,150,913,-1
150,155,1094,150,155,1094,150,155,1094,-1
155,143,1004,155,143,1004,155,143,1004,-1
143,148,1161,143,148,1161,143,148,1161,-1
148,152,943,148,152,943,148,152,943,-1
152,142,1103,152,142,1103,152,142,1103,-1
142,155,933,142,155,933,142,155,933,-1
155,155,1141,155,155,1141,155,155,1141,-1
155,159,948,155,159,948,155,159,948,-1
159,164,1109,159,164,1109,159,164,1109,-1
164,160,945,164,160,945,164,160,945,-1
160,158,1087,160,158,1087,160,158,1087,-1
158,149,1000,158,149,1000,158,149,1000,-1
149,156,1110,149,156,1110,149,156,1110,-1
156,151,904,156,151,904,156,151,904,-1
151,154,1089,151,154,1089,151,154,1089,-1
154,146,904,154,146,904,154,146,904,-1
146,185,1129,146,185,1129,146,185,1129,-1
185,176,1008,185,176,1008,185,176,1008,-1
176,153,931,176,153,931,176,153,931,-1
153,155,1171,153,155,1171,153,155,1171,-1
155,150,955,155,150,955,155,150,955,-1
150,157,1121,150,157,1121,150,157,1121,-1
157,153,936,157,153,936,157,153,936,-1
153,164,1114,153,164,1114,153,164,1114,-1
164,157,978,164,157,978,164,157,978,-1
157,161,1104,157,161,1104,157,161,1104,-1
161,152,913,161,152,913,161,152,913,-1
152,151,1129,152,151,1129,152,151,1129,-1
151,149,920,151,149,920,151,149,920,-1
149,148,1152,149,148,1152,149,148,1152,-1
148,145,932,148,145,932,148,145,932,-1
145,148,1106,145,148,1106,145,148,1106,-1
148,153,930,148,153,930,148,153,930,-1
153,151,1129,153,151,1129,153,151,1129,-1
151,150,984,151,150,984,151,150,984,-1
150,165,1164,150,165,1164,150,165,1164,-1
165,163,926,165,163,926,165,163,926,-1
163,160,1115,163,160,1115,163,160,1115,-1
160,154,965,160,154,965,160,154,965,-1
154,162,1207,154,162,1207,154,162,1207,-1
162,146,988,162,146,988,162,146,988,-1
146,151,1164,146,151,1164,146,151,1164,-1
151,149,949,151,149,949,151,149,949,-1
149,156,1111,149,156,1111,149,156,1111,-1
156,148,969,156,148,969,156,148,969,-1
148,146,1083,148,146,1083,148,146,1083,-1
146,147,881,146,147,881,146,147,881,-1
147,151,1112,147,151,1112,147,151,1112,-1
151,153,891,151,153,891,151,153,891,-1
153,155,1110,153,155,1110,153,155,1110,-1
155,161,901,155,161,901,155,161,901,-1
161,156,1057,161,156,1057,161,156,1057,-1
156,160,877,156,160,877,156,160,877,-1
160,162,1047,160,162,1047,160,162,1047,-1
162,152,911,162,152,911,162,152,911,-1
152,158,1084,152,158,1084,152,158,1084,-1
158,140,878,158,140,878,158,140,878,-1
140,152,1080,140,152,1080,140,152,1080,-1
152,141,893,152,141,893,152,141,893,-1
141,154,1129,141,154,1129,141,154,1129,-1
154,147,905,154,147,905,154,147,905,-1
147,159,1082,147,159,1082,147,159,1082,-1
159,159,916,159,159,916,159,159,916,-1
159,159,1108,159,159,1108,159,159,1108,-1
159,158,931,159,158,931,159,158,931,-1
158,157,1082,158,157,1082,158,157,1082,-1
157,146,908,157,146,908,157,146,908,-1
146,162,1127,146,162,1127,146,162,1127,-1
162,154,918,162,154,918,162,154,918,-1
154,154,1148,154,154,1148,154,154,1148,-1
154,145,931,154,145,931,154,145,931,-1
145,151,1094,145,151,1094,145,151,1094,-1
151,150,934,151,150,934,151,150,934,-1
150,153,1095,150,153,1095,150,153,1095,-1
153,145,938,153,145,938,153,145,938,-1
145,148,1097,145,148,1097,145,148,1097,-1
148,166,912,148,166,912,148,166,912,-1
166,139,1077,166,139,1077,166,139,1077,-1
139,156,938,139,156,938,139,156,938,-1
156,168,1154,156,168,1154,156,168,1154,-1
168,162,955,168,162,955,168,162,955,-1
162,155,1128,162,155,1128,162,155,1128,-1
155,156,967,155,156,967,155,156,967,-1
156,152,1151,156,152,1151,156,152,1151,-1
152,143,954,152,143,954,152,143,954,-1
143,152,1160,143,152,1160,143,152,1160,-1
152,160,928,152,160,928,152,160,928,-1
160,138,1076,160,138,1076,160,138,1076,-1
138,143,920,138,143,920,138,143,920,-1
143,160,1109,143,160,1109,143,160,1109,-1
160,147,923,160,147,923,160,147,923,-1
147,166,1136,147,166,1136,147,166,1136,-1
166,157,917,166,157,917,166,157,917,-1
157,157,1081,157,157,1081,157,157,1081,-1
157,160,918,157,160,918,157,160,918,-1
160,149,1070,160,149,1070,160,149,1070,-1
149,156,900,149,156,900,149,156,900,-1
156,155,1121,156,155,1121,156,155,1121,-1
155,147,912,155,147,912,155,147,912,-1
147,179,1228,147,179,1228,147,179,1228,-1
179,182,1059,179,182,1059,179,182,1059,-1
182,136,958,182,136,958,182,136,958,-1
136,158,1250,136,158,1250,136,158,1250,-1
158,149,964,158,149,964,158,149,964,-1
149,153,1073,149,153,1073,149,153,1073,-1
153,152,938,153,152,938,153,152,938,-1
152,165,1132,152,165,1132,152,165,1132,-1
165,159,943,165,159,943,165,159,943,-1
159,160,1095,159,160,1095,159,160,1095,-1
160,157,892,160,157,892,160,157,892,-1
157,155,1097,157,155,1097,157,155,1097,-1
155,147,882,155,147,882,155,147,882,-1
147,156,1167,147,156,1167,147,156,1167,-1
156,139,880,156,139,880,156,139,880,-1
139,156,1112,139,156,1112,139,156,1112,-1
156,148,921,156,148,921,156,148,921,-1
148,160,1141,148,160,1141,148,160,1141,-1
160,146,984,160,146,984,160,146,984,-1
146,159,1121,146,159,1121,146,159,1121,-1
159,147,906,159,147,906,159,147,906,-1
147,158,1102,147,158,1102,147,158,1102,-1
158,156,858,158,156,858,158,156,858,-1
156,159,1180,156,159,1180,156,159,1180,-1
159,149,930,159,149,930,159,149,930,-1
149,160,1213,149,160,1213,149,160,1213,-1
160,149,966,160,149,966,160,149,966,-1
149,153,1216,149,153,1216,149,153,1216,-1
153,153,1020,153,153,1020,153,153,1020,-1
153,147,1160,153,147,1160,153,147,1160,-1
147,150,943,147,150,943,147,150,943,-1
150,145,1092,150,145,1092,150,145,1092,-1
145,152,905,145,152,905,145,152,905,-1
152,150,1103,152,150,1103,152,150,1103,-1
150,156,896,150,156,896,150,156,896,-1
156,167,1159,156,167,1159,156,167,1159,-1
167,162,921,167,162,921,167,162,921,-1
162,155,1057,162,155,1057,162,155,1057,-1
155,153,931,155,153,931,155,153,931,-1
153,158,1099,153,158,1099,153,158,1099,-1
158,144,974,158,144,974,158,144,974,-1
144,154,1130,144,154,1130,144,154,1130,-1
154,148,906,154,148,906,154,148,906,-1
148,149,1079,148,149,1079,148,149,1079,-1
149,158,924,149,158,924,149,158,924,-1
158,144,1072,158,144,1072,158,144,1072,-1
144,150,938,144,150,938,144,150,938,-1
150,155,1075,150,155,1075,150,155,1075,-1
155,153,945,155,153,945,155,153,945,-1
153,156,1093,153,156,1093,153,156,1093,-1
156,154,954,156,154,954,156,154,954,-1
154,162,1150,154,162,1150,154,162,1150,-1
162,157,881,162,157,881,162,157,881,-1
157,164,878,157,164,878,157,164,878,-1
164,301,738,164,301,738,164,301,738,-1
301,140,876,301,140,876,301,140,876,-1
140,152,1147,140,152,1147,140,152,1147,-1
152,143,1012,152,143,1012,152,143,1012,-1
143,203,1224,143,203,1224,143,203,1224,-1
203,165,1128,203,165,1128,203,165,1128,-1
165,158,1052,165,158,1052,165,158,1052,-1
158,157,1166,158,157,1166,158,157,1166,-1
157,166,1013,157,166,1013,157,166,1013,-1
166,161,1147,166,161,1147,166,161,1147,-1
161,158,1044,161,158,1044,161,158,1044,-1
158,152,1086,158,152,1086,158,152,1086,-1
152,154,925,152,154,925,152,154,925,-1
154,147,1086,154,147,1086,154,147,1086,-1
147,159,895,147,159,895,147,159,895,-1
159,145,1010,159,145,1010,159,145,1010,-1
145,147,879,145,147,879,145,147,879,-1
147,152,1104,147,152,1104,147,152,1104,-1
152,150,875,152,150,875,152,150,875,-1
150,148,915,150,148,915,150,148,915,-1
148,151,830,148,151,830,148,151,830,-1
151,156,1007,151,156,1007,151,156,1007,-1
156,158,910,156,158,910,156,158,910,-1
158,158,1079,158,158,1079,158,158,1079,-1
158,147,954,158,147,954,158,147,954,-1
147,166,1171,147,166,1171,147,166,1171,-1
166,154,1000,166,154,1000,166,154,1000,-1
154,161,1297,154,161,1297,154,161,1297,-1
161,144,1055,161,144,1055,161,144,1055,-1
144,147,1184,144,147,1184,144,147,1184,-1
147,147,1028,147,147,1028,147,147,1028,-1
147,149,1164,147,149,1164,147,149,1164,-1
149,147,1057,149,147,1057,149,147,1057,-1
147,156,1167,147,156,1167,147,156,1167,-1
156,159,960,156,159,960,156,159,960,-1
159,160,1171,159,160,1171,159,160,1171,-1
160,160,965,160,160,965,160,160,965,-1
160,127,1140,160,127,1140,160,127,1140,-1
127,134,908,127,134,908,127,134,908,-1
134,147,997,134,147,997,134,147,997,-1
147,150,879,147,150,879,147,150,879,-1
150,160,981,150,160,981,150,160,981,-1
160,145,811,160,145,811,160,145,811,-1
