197,197,967,197,197,967,197,197,967,-1
197,267,837,197,267,837,197,267,837,1
267,183,1011,267,183,1011,267,183,1011,1
183,263,999,183,263,999,183,263,999,1
263,339,835,263,339,835,263,339,835,1
339,156,848,339,156,848,339,156,848,1
156,170,974,156,170,974,156,170,974,1
170,338,835,170,338,835,170,338,835,1
338,360,832,338,360,832,338,360,832,1
360,373,834,360,373,834,360,373,834,1
373,161,827,373,161,827,373,161,827,1
161,188,957,161,188,957,161,188,957,1
188,272,823,188,272,823,188,272,823,1
272,169,996,272,169,996,272,169,996,-1
169,244,991,169,244,991,169,244,991,-1
244,174,847,244,174,847,244,174,847,1
174,193,1031,174,193,1031,174,193,1031,1
193,312,978,193,312,978,193,312,978,1
312,162,872,312,162,872,312,162,872,1
162,206,994,162,206,994,162,206,994,1
206,183,863,206,183,863,206,183,863,1
183,196,979,183,196,979,183,196,979,1
196,365,852,196,365,852,196,365,852,1
365,199,836,365,199,836,365,199,836,1
199,194,967,199,194,967,199,194,967,1
194,144,909,194,144,909,194,144,909,1
144,149,975,144,149,975,144,149,975,1
149,176,1014,149,176,1014,149,176,1014,1
176,228,1010,176,228,1010,176,228,1010,1
228,169,1018,228,169,1018,228,169,1018,-1
169,231,1016,169,231,1016,169,231,1016,1
231,177,1016,231,177,1016,231,177,1016,1
177,227,1009,177,227,1009,177,227,1009,-1
227,171,1023,227,171,1023,227,171,1023,1
171,276,1005,171,276,1005,171,276,1005,-1
276,296,847,276,296,847,276,296,847,-1
296,169,1016,296,169,1016,296,169,1016,1
169,203,1005,169,203,1005,169,203,1005,1
203,177,1024,203,177,1024,203,177,1024,1
177,125,1005,177,125,1005,177,125,1005,1
125,170,970,125,170,970,125,170,970,1
170,173,858,170,173,858,170,173,858,1
173,130,975,173,130,975,173,130,975,1
130,174,1015,130,174,1015,130,174,1015,1
174,290,1008,174,290,1008,174,290,1008,1
290,198,838,290,198,838,290,198,838,1
198,158,1024,198,158,1024,198,158,1024,1
158,194,909,158,194,909,158,194,909,1
194,183,952,194,183,952,194,183,952,1
183,169,843,183,169,843,183,169,843,1
169,320,1014,169,320,1014,169,320,1014,1
320,268,983,320,268,983,320,268,983,1
268,366,860,268,366,860,268,366,860,1
366,274,845,366,274,845,366,274,845,1
274,172,1033,274,172,1033,274,172,1033,1
172,244,1023,172,244,1023,172,244,1023,1
244,347,845,244,347,845,244,347,845,1
347,295,843,347,295,843,347,295,843,1
295,176,1006,295,176,1006,295,176,1006,1
176,316,992,176,316,992,176,316,992,1
316,204,817,316,204,817,316,204,817,1
204,146,946,204,146,946,204,146,946,1
146,174,1000,146,174,1000,146,174,1000,1
174,301,1000,174,301,1000,174,301,1000,1
301,162,853,301,162,853,301,162,853,1
162,217,978,162,217,978,162,217,978,1
217,159,840,217,159,840,217,159,840,1
159,133,978,159,133,978,159,133,978,1
133,173,1011,133,173,1011,133,173,1011,1
173,222,1013,173,222,1013,173,222,1013,1
222,188,1008,222,188,1008,222,188,1008,1
188,295,1008,188,295,1008,188,295,1008,1
295,225,846,295,225,846,295,225,846,1
225,160,970,225,160,970,225,160,970,1
160,187,839,160,187,839,160,187,839,1
187,199,968,187,199,968,187,199,968,1
199,173,849,199,173,849,199,173,849,1
173,200,983,173,200,983,173,200,983,1
200,166,859,200,166,859,200,166,859,1
166,206,977,166,206,977,166,206,977,1
206,137,836,206,137,836,206,137,836,1
137,177,990,137,177,990,137,177,990,1
177,180,1022,177,180,1022,177,180,1022,1
180,221,1014,180,221,1014,180,221,1014,1
221,264,1024,221,264,1024,221,264,1024,1
264,161,970,264,161,970,264,161,970,1
161,162,1029,161,162,1029,161,162,1029,1
162,197,970,162,197,970,162,197,970,1
197,214,999,197,214,999,197,214,999,1
214,153,967,214,153,967,214,153,967,1
153,166,980,153,166,980,153,166,980,1
166,236,945,166,236,945,166,236,945,1
236,169,793,236,169,793,236,169,793,1
169,137,890,169,137,890,169,137,890,1
137,244,945,137,244,945,137,244,945,1
244,155,966,244,155,966,244,155,966,1
155,203,1041,155,203,1041,155,203,1041,1
203,223,1034,203,223,1034,203,223,1034,1
223,188,1004,223,188,1004,223,188,1004,1
188,175,1017,188,175,1017,188,175,1017,1
175,204,1051,175,204,1051,175,204,1051,1
204,179,1042,204,179,1042,204,179,1042,1
179,300,904,179,300,904,179,300,904,1
300,178,1049,300,178,1049,300,178,1049,1
178,272,1023,178,272,1023,178,272,1023,1
272,284,852,272,284,852,272,284,852,1
284,183,1005,284,183,1005,284,183,1005,1
183,216,1003,183,216,1003,183,216,1003,1
216,167,1017,216,167,1017,216,167,1017,1
167,333,1000,167,333,1000,167,333,1000,1
333,426,844,333,426,844,333,426,844,1
426,171,837,426,171,837,426,171,837,1
171,160,976,171,160,976,171,160,976,1
160,182,1019,160,182,1019,160,182,1019,1
182,138,1007,182,138,1007,182,138,1007,1
138,161,975,138,161,975,138,161,975,1
161,383,862,161,383,862,161,383,862,1
383,384,858,383,384,858,383,384,858,1
384,190,857,384,190,857,384,190,857,1
190,184,974,190,184,974,190,184,974,1
184,174,847,184,174,847,184,174,847,1
174,223,967,174,223,967,174,223,967,1
223,316,863,223,316,863,223,316,863,1
316,182,1016,316,182,1016,316,182,1016,1
182,295,1005,182,295,1005,182,295,1005,1
295,364,837,295,364,837,295,364,837,1
364,207,825,364,207,825,364,207,825,1
207,175,966,207,175,966,207,175,966,-1
175,388,846,175,388,846,175,388,846,1
388,321,851,388,321,851,388,321,851,1
321,175,1009,321,175,1009,321,175,1009,1
175,211,997,175,211,997,175,211,997,1
211,434,1011,211,434,1011,211,434,1011,1
434,341,870,434,341,870,434,341,870,1
341,168,876,341,168,876,341,168,876,1
168,187,993,168,187,993,168,187,993,-1
187,165,877,187,165,877,187,165,877,1
165,145,990,165,145,990,165,145,990,-1
145,184,1034,145,184,1034,145,184,1034,1
184,149,1013,184,149,1013,184,149,1013,1
149,183,989,149,183,989,149,183,989,1
183,248,885,183,248,885,183,248,885,1
248,194,995,248,194,995,248,194,995,1
194,436,882,194,436,882,194,436,882,1
436,183,866,436,183,866,436,183,866,1
183,225,986,183,225,986,183,225,986,1
225,349,876,225,349,876,225,349,876,1
349,181,1009,349,181,1009,349,181,1009,1
181,123,1002,181,123,1002,181,123,1002,1
123,205,957,123,205,957,123,205,957,1
205,310,847,205,310,847,205,310,847,1
310,181,1013,310,181,1013,310,181,1013,1
181,195,1009,181,195,1009,181,195,1009,1
195,211,1012,195,211,1012,195,211,1012,1
211,241,980,211,241,980,211,241,980,1
241,366,845,241,366,845,241,366,845,1
366,160,850,366,160,850,366,160,850,1
160,151,976,160,151,976,160,151,976,1
151,185,1027,151,185,1027,151,185,1027,1
185,209,1019,185,209,1019,185,209,1019,1
209,175,1028,209,175,1028,209,175,1028,1
175,177,1018,175,177,1018,175,177,1018,1
177,170,1027,177,170,1027,177,170,1027,1
170,254,1019,170,254,1019,170,254,1019,1
254,285,916,254,285,916,254,285,916,1
285,176,1017,285,176,1017,285,176,1017,1
176,282,1010,176,282,1010,176,282,1010,1
282,183,861,282,183,861,282,183,861,1
183,179,926,183,179,926,183,179,926,1
179,337,968,179,337,968,179,337,968,1
337,151,1006,337,151,1006,337,151,1006,1
151,181,1065,151,181,1065,151,181,1065,1
181,144,1054,181,144,1054,181,144,1054,1
144,166,1016,144,166,1016,144,166,1016,1
166,159,953,166,159,953,166,159,953,1
159,241,1007,159,241,1007,159,241,1007,1
241,160,873,241,160,873,241,160,873,1
160,156,999,160,156,999,160,156,999,1
156,175,1033,156,175,1033,156,175,1033,1
175,308,1020,175,308,1020,175,308,1020,1
308,171,863,308,171,863,308,171,863,1
171,135,967,171,135,967,171,135,967,1
135,185,1013,135,185,1013,135,185,1013,1
185,210,1001,185,210,1001,185,210,1001,1
210,172,1012,210,172,1012,210,172,1012,1
172,196,991,172,196,991,172,196,991,1
196,165,1008,196,165,1008,196,165,1008,1
165,291,998,165,291,998,165,291,998,1
291,177,852,291,177,852,291,177,852,1
177,132,964,177,132,964,177,132,964,1
132,186,1024,132,186,1024,132,186,1024,1
186,282,1022,186,282,1022,186,282,1022,1
282,178,931,282,178,931,282,178,931,1
178,144,966,178,144,966,178,144,966,1
144,159,998,144,159,998,144,159,998,1
159,215,961,159,215,961,159,215,961,1
215,208,956,215,208,956,215,208,956,1
208,165,953,208,165,953,208,165,953,1
165,288,998,165,288,998,165,288,998,1
288,161,967,288,161,967,288,161,967,1
161,238,962,161,238,962,161,238,962,1
238,156,971,238,156,971,238,156,971,1
156,180,1022,156,180,1022,156,180,1022,1
180,142,979,180,142,979,180,142,979,1
142,230,1032,142,230,1032,142,230,1032,1
230,155,976,230,155,976,230,155,976,1
155,384,1014,155,384,1014,155,384,1014,1
384,373,1014,384,373,1014,384,373,1014,1
373,168,1002,373,168,1002,373,168,1002,1
168,272,994,168,272,994,168,272,994,1
272,156,944,272,156,944,272,156,944,1
156,225,985,156,225,985,156,225,985,1
225,140,1049,225,140,1049,225,140,1049,1
140,259,983,140,259,983,140,259,983,-1
259,159,1035,259,159,1035,259,159,1035,1
159,201,975,159,201,975,159,201,975,1
201,161,1022,201,161,1022,201,161,1022,1
161,185,969,161,185,969,161,185,969,1
185,128,1030,185,128,1030,185,128,1030,1
128,126,1007,128,126,1007,128,126,1007,1
126,178,974,126,178,974,126,178,974,1
178,284,958,178,284,958,178,284,958,1
284,213,1011,284,213,1011,284,213,1011,1
213,168,967,213,168,967,213,168,967,1
168,260,987,168,260,987,168,260,987,1
260,275,991,260,275,991,260,275,991,1
275,215,1071,275,215,1071,275,215,1071,1
215,150,974,215,150,974,215,150,974,1
150,180,990,150,180,990,150,180,990,-1
180,137,957,180,137,957,180,137,957,1
137,167,1024,137,167,1024,137,167,1024,1
167,294,974,167,294,974,167,294,974,1
294,159,1015,294,159,1015,294,159,1015,1
159,236,962,159,236,962,159,236,962,1
236,302,1016,236,302,1016,236,302,1016,1
302,179,1017,302,179,1017,302,179,1017,1
179,185,996,179,185,996,179,185,996,1
185,163,1020,185,163,1020,185,163,1020,1
163,196,994,163,196,994,163,196,994,1
196,181,1021,196,181,1021,196,181,1021,1
181,179,1006,181,179,1006,181,179,1006,1
179,136,1021,179,136,1021,179,136,1021,1
136,137,966,136,137,966,136,137,966,1
137,176,967,137,176,967,137,176,967,-1
176,176,963,176,176,963,176,176,963,1
176,211,960,176,211,960,176,211,960,1
211,181,995,211,181,995,211,181,995,1
181,197,963,181,197,963,181,197,963,1
197,128,1001,197,128,1001,197,128,1001,1
128,179,1005,128,179,1005,128,179,1005,1
179,151,1055,179,151,1055,179,151,1055,1
151,278,1031,151,278,1031,151,278,1031,1
278,364,1041,278,364,1041,278,364,1041,1
364,163,1065,364,163,1065,364,163,1065,1
163,219,987,163,219,987,163,219,987,1
219,133,1076,219,133,1076,219,133,1076,1
133,271,1013,133,271,1013,133,271,1013,1
271,374,1042,271,374,1042,271,374,1042,1
374,162,1039,374,162,1039,374,162,1039,1
162,215,980,162,215,980,162,215,980,1
215,148,1019,215,148,1019,215,148,1019,1
148,218,978,148,218,978,148,218,978,1
218,194,1030,218,194,1030,218,194,1030,1
194,197,964,194,197,964,194,197,964,1
197,227,1044,197,227,1044,197,227,1044,-1
227,166,963,227,166,963,227,166,963,1
166,141,1045,166,141,1045,166,141,1045,1
141,263,996,141,263,996,141,263,996,1
263,137,1036,263,137,1036,263,137,1036,1
137,239,974,137,239,974,137,239,974,1
239,132,1057,239,132,1057,239,132,1057,1
132,250,1000,132,250,1000,132,250,1000,1
250,183,1064,250,183,1064,250,183,1064,1
183,185,967,183,185,967,183,185,967,1
185,156,1044,185,156,1044,185,156,1044,1
156,232,979,156,232,979,156,232,979,1
232,212,1035,232,212,1035,232,212,1035,1
212,187,951,212,187,951,212,187,951,1
187,159,1048,187,159,1048,187,159,1048,1
159,249,961,159,249,961,159,249,961,1
249,189,980,249,189,980,249,189,980,1
189,182,873,189,182,873,189,182,873,1
182,352,1004,182,352,1004,182,352,1004,1
352,165,1089,352,165,1089,352,165,1089,1
165,205,1016,165,205,1016,165,205,1016,1
205,226,1150,205,226,1150,205,226,1150,1
226,193,1020,226,193,1020,226,193,1020,1
193,155,1129,193,155,1129,193,155,1129,1
155,240,994,155,240,994,155,240,994,1
240,397,1101,240,397,1101,240,397,1101,1
397,175,1108,397,175,1108,397,175,1108,1
175,197,988,175,197,988,175,197,988,-1
197,372,1110,197,372,1110,197,372,1110,1
372,373,1115,372,373,1115,372,373,1115,1
373,166,1107,373,166,1107,373,166,1107,1
166,231,989,166,231,989,166,231,989,1
231,170,1109,231,170,1109,231,170,1109,1
170,226,981,170,226,981,170,226,981,1
226,159,1115,226,159,1115,226,159,1115,1
159,221,990,159,221,990,159,221,990,1
221,202,1103,221,202,1103,221,202,1103,1
202,174,961,202,174,961,202,174,961,1
174,366,1099,174,366,1099,174,366,1099,1
366,384,1101,366,384,1101,366,384,1101,1
384,170,1125,384,170,1125,384,170,1125,1
170,228,978,170,228,978,170,228,978,1
228,396,1117,228,396,1117,228,396,1117,1
396,368,1110,396,368,1110,396,368,1110,1
368,193,1113,368,193,1113,368,193,1113,1
193,189,959,193,189,959,193,189,959,1
189,371,1107,189,371,1107,189,371,1107,1
371,151,1114,371,151,1114,371,151,1114,1
151,233,988,151,233,988,151,233,988,1
233,169,1119,233,169,1119,233,169,1119,1
169,219,969,169,219,969,169,219,969,1
219,234,1129,219,234,1129,219,234,1129,1
234,159,989,234,159,989,234,159,989,1
159,150,1132,159,150,1132,159,150,1132,1
150,222,986,150,222,986,150,222,986,-1
222,150,1103,222,150,1103,222,150,1103,1
150,200,976,150,200,976,150,200,976,1
200,166,1120,200,166,1120,200,166,1120,1
166,207,977,166,207,977,166,207,977,1
207,355,1120,207,355,1120,207,355,1120,1
355,158,1134,355,158,1134,355,158,1134,1
158,221,997,158,221,997,158,221,997,1
221,370,1133,221,370,1133,221,370,1133,1
370,165,1137,370,165,1137,370,165,1137,1
165,285,997,165,285,997,165,285,997,1
285,164,1113,285,164,1113,285,164,1113,-1
164,269,972,164,269,972,164,269,972,1
269,152,1103,269,152,1103,269,152,1103,1
152,315,974,152,315,974,152,315,974,1
315,176,1102,315,176,1102,315,176,1102,1
176,256,972,176,256,972,176,256,972,1
256,159,1097,256,159,1097,256,159,1097,1
159,240,956,159,240,956,159,240,956,1
240,383,1074,240,383,1074,240,383,1074,1
383,379,1080,383,379,1080,383,379,1080,1
379,371,1088,379,371,1088,379,371,1088,1
371,174,1108,371,174,1108,371,174,1108,1
174,241,977,174,241,977,174,241,977,1
241,174,1102,241,174,1102,241,174,1102,1
174,213,966,174,213,966,174,213,966,1
213,152,1102,213,152,1102,213,152,1102,1
152,224,969,152,224,969,152,224,969,1
224,142,1048,224,142,1048,224,142,1048,1
142,226,929,142,226,929,142,226,929,1
226,128,1055,226,128,1055,226,128,1055,1
128,247,976,128,247,976,128,247,976,1
247,381,1091,247,381,1091,247,381,1091,1
381,213,1143,381,213,1143,381,213,1143,1
213,202,980,213,202,980,213,202,980,1
202,185,1146,202,185,1146,202,185,1146,1
185,209,990,185,209,990,185,209,990,1
209,160,1138,209,160,1138,209,160,1138,1
160,200,1004,160,200,1004,160,200,1004,1
200,373,1154,200,373,1154,200,373,1154,1
373,384,1140,373,384,1140,373,384,1140,1
384,219,1038,384,219,1038,384,219,1038,1
219,160,927,219,160,927,219,160,927,1
160,215,1076,160,215,1076,160,215,1076,1
215,179,973,215,179,973,215,179,973,1
179,176,1154,179,176,1154,179,176,1154,1
176,209,1017,176,209,1017,176,209,1017,1
209,169,1137,209,169,1137,209,169,1137,1
169,197,1007,169,197,1007,169,197,1007,1
197,133,1127,197,133,1127,197,133,1127,1
133,237,1007,133,237,1007,133,237,1007,1
237,217,1091,237,217,1091,237,217,1091,1
217,169,971,217,169,971,217,169,971,1
169,181,1091,169,181,1091,169,181,1091,1
181,201,965,181,201,965,181,201,965,1
201,134,1087,201,134,1087,201,134,1087,1
134,246,984,134,246,984,134,246,984,1
246,147,1110,246,147,1110,246,147,1110,1
147,209,976,147,209,976,147,209,976,1
209,121,1110,209,121,1110,209,121,1110,1
121,219,995,121,219,995,121,219,995,1
219,345,1102,219,345,1102,219,345,1102,1
345,377,1127,345,377,1127,345,377,1127,1
377,230,1055,377,230,1055,377,230,1055,1
230,167,889,230,167,889,230,167,889,1
167,197,1088,167,197,1088,167,197,1088,1
197,261,977,197,261,977,197,261,977,1
261,202,1155,261,202,1155,261,202,1155,1
202,209,998,202,209,998,202,209,998,1
209,279,1155,209,279,1155,209,279,1155,1
279,144,1165,279,144,1165,279,144,1165,1
144,146,999,144,146,999,144,146,999,1
146,235,992,146,235,992,146,235,992,1
235,252,1075,235,252,1075,235,252,1075,1
252,196,954,252,196,954,252,196,954,1
196,122,1060,196,122,1060,196,122,1060,1
122,292,992,122,292,992,122,292,992,1
292,172,1078,292,172,1078,292,172,1078,1
172,205,991,172,205,991,172,205,991,1
205,222,1093,205,222,1093,205,222,1093,1
222,161,996,222,161,996,222,161,996,1
161,347,1122,161,347,1122,161,347,1122,1
347,207,1099,347,207,1099,347,207,1099,1
207,170,995,207,170,995,207,170,995,1
170,170,1062,170,170,1062,170,170,1062,1
170,219,1005,170,219,1005,170,219,1005,1
219,387,1045,219,387,1045,219,387,1045,1
387,127,1036,387,127,1036,387,127,1036,1
127,242,987,127,242,987,127,242,987,1
242,196,1024,242,196,1024,242,196,1024,1
196,181,943,196,181,943,196,181,943,1
181,204,1041,181,204,1041,181,204,1041,1
204,179,943,204,179,943,204,179,943,1
179,171,1015,179,171,1015,179,171,1015,1
171,219,945,171,219,945,171,219,945,1
219,150,999,219,150,999,219,150,999,1
150,125,957,150,125,957,150,125,957,1
125,131,885,125,131,885,125,131,885,1
131,204,920,131,204,920,131,204,920,1
204,198,901,204,198,901,204,198,901,1
198,184,960,198,184,960,198,184,960,1
184,202,951,184,202,951,184,202,951,1
202,195,1019,202,195,1019,202,195,1019,1
195,170,1020,195,170,1020,195,170,1020,1
170,122,1070,170,122,1070,170,122,1070,1
122,274,1078,122,274,1078,122,274,1078,1
274,189,1029,274,189,1029,274,189,1029,1
189,211,953,189,211,953,189,211,953,1
211,397,1012,211,397,1012,211,397,1012,1
397,166,1006,397,166,1006,397,166,1006,1
166,205,995,166,205,995,166,205,995,1
205,125,1009,205,125,1009,205,125,1009,1
125,242,1000,125,242,1000,125,242,1000,1
242,144,1021,242,144,1021,242,144,1021,1
144,228,999,144,228,999,144,228,999,1
228,195,1040,228,195,1040,228,195,1040,1
195,203,968,195,203,968,195,203,968,-1
203,381,1043,203,381,1043,203,381,1043,1
381,160,1039,381,160,1039,381,160,1039,1
160,220,936,160,220,936,160,220,936,1
220,360,1080,220,360,1080,220,360,1080,-1
360,351,1106,360,351,1106,360,351,1106,1
351,341,1080,351,341,1080,351,341,1080,1
341,133,1061,341,133,1061,341,133,1061,1
133,243,1005,133,243,1005,133,243,1005,1
243,214,1054,243,214,1054,243,214,1054,1
214,210,968,214,210,968,214,210,968,1
210,315,1021,210,315,1021,210,315,1021,1
315,157,985,315,157,985,315,157,985,1
157,416,1080,157,416,1080,157,416,1080,1
416,158,1100,416,158,1100,416,158,1100,1
158,234,971,158,234,971,158,234,971,1
234,192,1109,234,192,1109,234,192,1109,-1
192,212,976,192,212,976,192,212,976,1
212,132,1101,212,132,1101,212,132,1101,1
132,134,961,132,134,961,132,134,961,1
134,157,955,134,157,955,134,157,955,1
157,382,1072,157,382,1072,157,382,1072,1
382,166,994,382,166,994,382,166,994,1
166,186,891,166,186,891,166,186,891,1
186,188,1084,186,188,1084,186,188,1084,1
188,174,997,188,174,997,188,174,997,1
174,377,1169,174,377,1169,174,377,1169,1
377,380,1181,377,380,1181,377,380,1181,1
380,391,1171,380,391,1171,380,391,1171,1
391,368,1166,391,368,1166,391,368,1166,1
368,362,1177,368,362,1177,368,362,1177,1
362,172,1145,362,172,1145,362,172,1145,1
172,191,988,172,191,988,172,191,988,1
191,362,1064,191,362,1064,191,362,1064,1
362,190,1087,362,190,1087,362,190,1087,1
190,178,928,190,178,928,190,178,928,1
178,164,1097,178,164,1097,178,164,1097,1
164,201,967,164,201,967,164,201,967,1
201,166,1115,201,166,1115,201,166,1115,1
166,206,968,166,206,968,166,206,968,1
206,279,1120,206,279,1120,206,279,1120,1
279,165,987,279,165,987,279,165,987,1
165,155,1133,165,155,1133,165,155,1133,1
155,249,981,155,249,981,155,249,981,1
249,254,1127,249,254,1127,249,254,1127,1
254,166,963,254,166,963,254,166,963,1
166,175,1105,166,175,1105,166,175,1105,1
175,242,986,175,242,986,175,242,986,1
242,383,1130,242,383,1130,242,383,1130,1
383,194,1139,383,194,1139,383,194,1139,1
194,192,982,194,192,982,194,192,982,1
192,158,1151,192,158,1151,192,158,1151,-1
158,216,991,158,216,991,158,216,991,-1
216,382,1156,216,382,1156,216,382,1156,-1
382,171,1128,382,171,1128,382,171,1128,-1
171,227,960,171,227,960,171,227,960,-1
227,220,1123,227,220,1123,227,220,1123,1
220,196,976,220,196,976,220,196,976,1
196,149,1134,196,149,1134,196,149,1134,1
149,229,975,149,229,975,149,229,975,1
229,148,1129,229,148,1129,229,148,1129,1
148,165,950,148,165,950,148,165,950,1
165,205,1006,165,205,1006,165,205,1006,1
205,255,961,205,255,961,205,255,961,1
255,156,1133,255,156,1133,255,156,1133,1
156,236,967,156,236,967,156,236,967,1
236,160,1120,236,160,1120,236,160,1120,1
160,237,961,160,237,961,160,237,961,1
237,164,1149,237,164,1149,237,164,1149,1
164,243,1008,164,243,1008,164,243,1008,1
243,153,1177,243,153,1177,243,153,1177,1
153,235,1004,153,235,1004,153,235,1004,1
235,356,1109,235,356,1109,235,356,1109,1
356,413,1121,356,413,1121,356,413,1121,1
413,166,1128,413,166,1128,413,166,1128,1
166,245,968,166,245,968,166,245,968,1
245,214,1127,245,214,1127,245,214,1127,1
214,174,962,214,174,962,214,174,962,1
174,159,1122,174,159,1122,174,159,1122,1
159,241,966,159,241,966,159,241,966,1
241,154,1112,241,154,1112,241,154,1112,1
154,208,937,154,208,937,154,208,937,1
208,192,1060,208,192,1060,208,192,1060,1
192,193,945,192,193,945,192,193,945,1
193,220,1124,193,220,1124,193,220,1124,1
220,187,980,220,187,980,220,187,980,1
187,171,1147,187,171,1147,187,171,1147,1
171,223,985,171,223,985,171,223,985,1
223,387,1139,223,387,1139,223,387,1139,1
387,158,1128,387,158,1128,387,158,1128,-1
158,227,981,158,227,981,158,227,981,-1
227,163,1115,227,163,1115,227,163,1115,1
163,216,954,163,216,954,163,216,954,1
216,373,1102,216,373,1102,216,373,1102,1
373,160,1134,373,160,1134,373,160,1134,1
160,259,989,160,259,989,160,259,989,1
259,161,1132,259,161,1132,259,161,1132,1
161,228,981,161,228,981,161,228,981,1
228,224,1136,228,224,1136,228,224,1136,1
224,166,961,224,166,961,224,166,961,1
166,150,1126,166,150,1126,166,150,1126,1
150,223,976,150,223,976,150,223,976,1
223,149,1119,223,149,1119,223,149,1119,1
149,231,967,149,231,967,149,231,967,1
231,165,1112,231,165,1112,231,165,1112,1
165,205,991,165,205,991,165,205,991,1
205,161,1114,205,161,1114,205,161,1114,1
161,260,988,161,260,988,161,260,988,1
260,204,1108,260,204,1108,260,204,1108,1
204,193,956,204,193,956,204,193,956,1
193,385,1114,193,385,1114,193,385,1114,1
385,156,1101,385,156,1101,385,156,1101,1
156,225,943,156,225,943,156,225,943,1
225,161,1118,225,161,1118,225,161,1118,1
161,233,969,161,233,969,161,233,969,1
233,174,1132,233,174,1132,233,174,1132,1
174,216,973,174,216,973,174,216,973,1
216,165,1128,216,165,1128,216,165,1128,1
165,251,974,165,251,974,165,251,974,1
251,379,1131,251,379,1131,251,379,1131,1
379,370,1136,379,370,1136,379,370,1136,1
370,155,1140,370,155,1140,370,155,1140,-1
155,234,990,155,234,990,155,234,990,1
234,156,1115,234,156,1115,234,156,1115,1
156,246,979,156,246,979,156,246,979,1
246,399,1127,246,399,1127,246,399,1127,1
399,393,1103,399,393,1103,399,393,1103,1
393,123,1136,393,123,1136,393,123,1136,1
123,254,994,123,254,994,123,254,994,1
254,145,1077,254,145,1077,254,145,1077,1
145,210,990,145,210,990,145,210,990,1
210,167,1110,210,167,1110,210,167,1110,1
167,200,981,167,200,981,167,200,981,1
200,382,1124,200,382,1124,200,382,1124,1
382,398,1122,382,398,1122,382,398,1122,1
398,377,1097,398,377,1097,398,377,1097,1
377,374,1085,377,374,1085,377,374,1085,1
374,360,1085,374,360,1085,374,360,1085,1
360,381,1103,360,381,1103,360,381,1103,1
381,388,1108,381,388,1108,381,388,1108,1
388,164,1122,388,164,1122,388,164,1122,1
164,237,966,164,237,966,164,237,966,1
237,210,1120,237,210,1120,237,210,1120,1
210,163,963,210,163,963,210,163,963,1
163,385,1115,163,385,1115,163,385,1115,1
385,157,1133,385,157,1133,385,157,1133,1
157,224,981,157,224,981,157,224,981,1
224,376,1136,224,376,1136,224,376,1136,1
376,402,1126,376,402,1126,376,402,1126,1
402,168,1134,402,168,1134,402,168,1134,1
168,244,986,168,244,986,168,244,986,1
244,365,1103,244,365,1103,244,365,1103,1
365,125,1063,365,125,1063,365,125,1063,1
125,253,986,125,253,986,125,253,986,1
253,155,1092,253,155,1092,253,155,1092,1
155,231,1008,155,231,1008,155,231,1008,1
231,219,1124,231,219,1124,231,219,1124,1
219,174,983,219,174,983,219,174,983,1
174,160,1151,174,160,1151,174,160,1151,1
160,240,1011,160,240,1011,160,240,1011,1
240,389,1159,240,389,1159,240,389,1159,1
389,158,1141,389,158,1141,389,158,1141,-1
158,224,983,158,224,983,158,224,983,-1
224,192,1133,224,192,1133,224,192,1133,1
192,176,961,192,176,961,192,176,961,1
176,157,1132,176,157,1132,176,157,1132,1
157,235,975,157,235,975,157,235,975,1
235,166,1138,235,166,1138,235,166,1138,1
166,227,997,166,227,997,166,227,997,1
227,169,1154,227,169,1154,227,169,1154,1
169,224,973,169,224,973,169,224,973,1
224,211,1109,224,211,1109,224,211,1109,1
211,150,908,211,150,908,211,150,908,1
150,159,1032,150,159,1032,150,159,1032,1
159,198,873,159,198,873,159,198,873,1
198,339,1011,198,339,1011,198,339,1011,1
339,204,1074,339,204,1074,339,204,1074,1
204,162,965,204,162,965,204,162,965,1
162,134,1131,162,134,1131,162,134,1131,1
134,246,967,134,246,967,134,246,967,1
246,384,1154,246,384,1154,246,384,1154,1
384,157,1168,384,157,1168,384,157,1168,1
157,325,1049,157,325,1049,157,325,1049,1
325,155,1218,325,155,1218,325,155,1218,1
155,284,1060,155,284,1060,155,284,1060,1
284,160,1197,284,160,1197,284,160,1197,1
160,251,1047,160,251,1047,160,251,1047,1
251,208,1152,251,208,1152,251,208,1152,1
208,192,948,208,192,948,208,192,948,1
192,177,1133,192,177,1133,192,177,1133,1
177,240,999,177,240,999,177,240,999,1
240,156,1130,240,156,1130,240,156,1130,1
156,217,995,156,217,995,156,217,995,1
217,167,1119,217,167,1119,217,167,1119,1
167,215,982,167,215,982,167,215,982,1
215,386,1128,215,386,1128,215,386,1128,1
386,161,1126,386,161,1126,386,161,1126,1
161,222,992,161,222,992,161,222,992,1
222,162,1112,222,162,1112,222,162,1112,1
162,253,985,162,253,985,162,253,985,1
253,173,1123,253,173,1123,253,173,1123,1
173,213,992,173,213,992,173,213,992,1
213,152,1124,213,152,1124,213,152,1124,1
152,221,990,152,221,990,152,221,990,1
221,157,1106,221,157,1106,221,157,1106,1
157,219,971,157,219,971,157,219,971,1
219,390,1106,219,390,1106,219,390,1106,1
390,165,1113,390,165,1113,390,165,1113,1
165,236,973,165,236,973,165,236,973,1
236,171,1104,236,171,1104,236,171,1104,1
171,219,961,171,219,961,171,219,961,1
219,178,1090,219,178,1090,219,178,1090,1
178,210,956,178,210,956,178,210,956,1
210,167,1097,210,167,1097,210,167,1097,1
167,209,975,167,209,975,167,209,975,1
209,152,1127,209,152,1127,209,152,1127,1
152,224,979,152,224,979,152,224,979,1
224,165,1116,224,165,1116,224,165,1116,1
165,251,981,165,251,981,165,251,981,1
251,203,1125,251,203,1125,251,203,1125,1
203,199,960,203,199,960,203,199,960,1
199,404,1120,199,404,1120,199,404,1120,1
404,173,1141,404,173,1141,404,173,1141,1
173,216,1005,173,216,1005,173,216,1005,1
216,150,1156,216,150,1156,216,150,1156,1
150,234,1025,150,234,1025,150,234,1025,1
234,166,1134,234,166,1134,234,166,1134,1
166,216,992,166,216,992,166,216,992,1
216,146,1126,216,146,1126,216,146,1126,1
146,275,990,146,275,990,146,275,990,1
275,175,1114,275,175,1114,275,175,1114,1
175,228,975,175,228,975,175,228,975,1
228,161,1097,228,161,1097,228,161,1097,1
161,229,956,161,229,956,161,229,956,1
229,162,1084,229,162,1084,229,162,1084,1
162,236,940,162,236,940,162,236,940,1
236,160,1067,236,160,1067,236,160,1067,1
160,223,931,160,223,931,160,223,931,1
223,161,1068,223,161,1068,223,161,1068,1
161,249,924,161,249,924,161,249,924,1
249,209,1068,249,209,1068,249,209,1068,1
209,203,920,209,203,920,209,203,920,1
203,166,1078,203,166,1078,203,166,1078,1
166,241,955,166,241,955,166,241,955,1
241,155,1085,241,155,1085,241,155,1085,-1
155,225,950,155,225,950,155,225,950,1
225,170,1100,225,170,1100,225,170,1100,1
170,221,961,170,221,961,170,221,961,1
221,158,1089,221,158,1089,221,158,1089,-1
158,238,974,158,238,974,158,238,974,1
238,164,1127,238,164,1127,238,164,1127,1
164,239,988,164,239,988,164,239,988,1
239,163,1107,239,163,1107,239,163,1107,1
163,254,984,163,254,984,163,254,984,1
254,165,1112,254,165,1112,254,165,1112,1
165,223,966,165,223,966,165,223,966,1
223,156,1106,223,156,1106,223,156,1106,1
156,224,974,156,224,974,156,224,974,1
224,158,1110,224,158,1110,224,158,1110,1
158,237,977,158,237,977,158,237,977,1
237,173,1135,237,173,1135,237,173,1135,1
173,220,985,173,220,985,173,220,985,1
220,158,1135,220,158,1135,220,158,1135,1
158,247,994,158,247,994,158,247,994,1
247,166,1122,247,166,1122,247,166,1122,1
166,222,975,166,222,975,166,222,975,1
222,162,1100,222,162,1100,222,162,1100,1
162,219,960,162,219,960,162,219,960,1
219,159,1105,219,159,1105,219,159,1105,1
159,197,950,159,197,950,159,197,950,1
197,191,1093,197,191,1093,197,191,1093,1
191,202,923,191,202,923,191,202,923,1
202,211,1090,202,211,1090,202,211,1090,1
211,174,952,211,174,952,211,174,952,-1
174,203,1126,174,203,1126,174,203,1126,1
203,181,986,203,181,986,203,181,986,1
181,159,1160,181,159,1160,181,159,1160,1
159,208,1003,159,208,1003,159,208,1003,1
208,152,1141,208,152,1141,208,152,1141,1
152,219,1002,152,219,1002,152,219,1002,1
219,147,1121,219,147,1121,219,147,1121,1
147,225,995,147,225,995,147,225,995,1
225,159,1116,225,159,1116,225,159,1116,1
159,223,973,159,223,973,159,223,973,1
223,172,1112,223,172,1112,223,172,1112,1
172,231,980,172,231,980,172,231,980,1
231,160,1111,231,160,1111,231,160,1111,1
160,223,981,160,223,981,160,223,981,-1
223,160,1100,223,160,1100,223,160,1100,1
160,201,979,160,201,979,160,201,979,1
201,374,1077,201,374,1077,201,374,1077,1
374,208,1039,374,208,1039,374,208,1039,1
208,174,938,208,174,938,208,174,938,1
174,165,1128,174,165,1128,174,165,1128,1
165,214,1000,165,214,1000,165,214,1000,1
214,217,1134,214,217,1134,214,217,1134,1
217,176,986,217,176,986,217,176,986,1
176,212,1099,176,212,1099,176,212,1099,1
212,157,967,212,157,967,212,157,967,1
157,148,1086,157,148,1086,157,148,1086,1
148,210,975,148,210,975,148,210,975,1
210,149,1076,210,149,1076,210,149,1076,1
149,209,958,149,209,958,149,209,958,1
209,168,1078,209,168,1078,209,168,1078,1
168,232,950,168,232,950,168,232,950,1
232,163,1075,232,163,1075,232,163,1075,1
163,153,952,163,153,952,163,153,952,1
153,161,958,153,161,958,153,161,958,-1
161,168,1072,161,168,1072,161,168,1072,1
168,128,956,168,128,956,168,128,956,1
128,161,957,128,161,957,128,161,957,1
161,206,1089,161,206,1089,161,206,1089,1
206,193,957,206,193,957,206,193,957,1
193,151,1092,193,151,1092,193,151,1092,-1
151,242,969,151,242,969,151,242,969,1
242,385,1101,242,385,1101,242,385,1101,1
385,234,1043,385,234,1043,385,234,1043,1
234,152,874,234,152,874,234,152,874,1
152,226,954,152,226,954,152,226,954,1
226,152,856,226,152,856,226,152,856,1
152,138,912,152,138,912,152,138,912,1
138,252,992,138,252,992,138,252,992,-1
252,352,1010,252,352,1010,252,352,1010,1
352,146,1086,352,146,1086,352,146,1086,1
146,214,1093,146,214,1093,146,214,1093,1
214,146,1065,214,146,1065,214,146,1065,1
146,170,1067,146,170,1067,146,170,1067,1
170,162,1087,170,162,1087,170,162,1087,1
162,229,1059,162,229,1059,162,229,1059,1
229,182,1076,229,182,1076,229,182,1076,1
182,215,1035,182,215,1035,182,215,1035,1
215,171,1030,215,171,1030,215,171,1030,1
171,278,970,171,278,970,171,278,970,1
278,386,899,278,386,899,278,386,899,1
386,296,832,386,296,832,386,296,832,1
296,174,1003,296,174,1003,296,174,1003,1
174,211,1029,174,211,1029,174,211,1029,1
211,175,1019,211,175,1019,211,175,1019,1
175,289,996,175,289,996,175,289,996,1
289,406,923,289,406,923,289,406,923,1
406,176,758,406,176,758,406,176,758,1
176,175,881,176,175,881,176,175,881,1
175,211,932,175,211,932,175,211,932,1
211,159,942,211,159,942,211,159,942,1
159,164,1112,159,164,1112,159,164,1112,1
164,213,967,164,213,967,164,213,967,1
213,385,1142,213,385,1142,213,385,1142,1
385,399,1184,385,399,1184,385,399,1184,1
399,184,1171,399,184,1171,399,184,1171,1
184,196,968,184,196,968,184,196,968,1
196,158,1188,196,158,1188,196,158,1188,1
158,203,1002,158,203,1002,158,203,1002,1
203,202,1172,203,202,1172,203,202,1172,1
202,179,983,202,179,983,202,179,983,1
179,209,1209,179,209,1209,179,209,1209,-1
209,164,977,209,164,977,209,164,977,1
164,155,1183,164,155,1183,164,155,1183,1
155,234,1000,155,234,1000,155,234,1000,1
234,167,1184,234,167,1184,234,167,1184,1
167,227,984,167,227,984,167,227,984,1
227,371,1202,227,371,1202,227,371,1202,-1
371,370,1172,371,370,1172,371,370,1172,1
370,361,1173,370,361,1173,370,361,1173,1
361,387,1223,361,387,1223,361,387,1223,1
387,200,1186,387,200,1186,387,200,1186,1
200,181,990,200,181,990,200,181,990,1
181,164,1208,181,164,1208,181,164,1208,1
164,207,984,164,207,984,164,207,984,1
207,168,1152,207,168,1152,207,168,1152,1
168,193,964,168,193,964,168,193,964,1
193,350,1117,193,350,1117,193,350,1117,1
350,159,1093,350,159,1093,350,159,1093,1
159,179,946,159,179,946,159,179,946,1
179,129,1115,179,129,1115,179,129,1115,1
129,251,967,129,251,967,129,251,967,1
251,158,1100,251,158,1100,251,158,1100,1
158,267,944,158,267,944,158,267,944,1
267,124,1089,267,124,1089,267,124,1089,1
124,161,955,124,161,955,124,161,955,-1
161,167,957,161,167,957,161,167,957,1
167,398,1131,167,398,1131,167,398,1131,-1
398,212,1145,398,212,1145,398,212,1145,1
212,169,973,212,169,973,212,169,973,1
169,230,1133,169,230,1133,169,230,1133,1
230,145,971,230,145,971,230,145,971,1
145,189,1153,145,189,1153,145,189,1153,1
189,209,975,189,209,975,189,209,975,1
209,179,1162,209,179,1162,209,179,1162,1
179,213,1003,179,213,1003,179,213,1003,1
213,149,1183,213,149,1183,213,149,1183,1
149,213,1014,149,213,1014,149,213,1014,1
213,166,1184,213,166,1184,213,166,1184,1
166,182,1004,166,182,1004,166,182,1004,1
182,177,1189,182,177,1189,182,177,1189,1
177,196,1016,177,196,1016,177,196,1016,1
196,344,1219,196,344,1219,196,344,1219,1
344,344,1218,344,344,1218,344,344,1218,1
344,178,1208,344,178,1208,344,178,1208,1
178,162,966,178,162,966,178,162,966,1
162,126,1031,162,126,1031,162,126,1031,1
126,165,980,126,165,980,126,165,980,1
165,137,966,165,137,966,165,137,966,1
137,262,949,137,262,949,137,262,949,1
262,149,942,262,149,942,262,149,942,1
149,152,1114,149,152,1114,149,152,1114,1
152,225,967,152,225,967,152,225,967,1
225,157,1151,225,157,1151,225,157,1151,1
157,234,966,157,234,966,157,234,966,-1
234,163,1185,234,163,1185,234,163,1185,1
163,204,952,163,204,952,163,204,952,1
204,395,1171,204,395,1171,204,395,1171,-1
395,150,1149,395,150,1149,395,150,1149,1
150,214,975,150,214,975,150,214,975,-1
214,152,1147,214,152,1147,214,152,1147,1
152,202,963,152,202,963,152,202,963,1
202,153,1169,202,153,1169,202,153,1169,1
153,225,971,153,225,971,153,225,971,1
225,152,1166,225,152,1166,225,152,1166,1
152,238,966,152,238,966,152,238,966,1
238,376,1159,238,376,1159,238,376,1159,1
376,381,1153,376,381,1153,376,381,1153,1
381,157,1182,381,157,1182,381,157,1182,1
157,211,978,157,211,978,157,211,978,1
211,148,1171,211,148,1171,211,148,1171,1
148,194,980,148,194,980,148,194,980,1
194,154,1162,194,154,1162,194,154,1162,1
154,211,969,154,211,969,154,211,969,1
211,231,1163,211,231,1163,211,231,1163,1
231,255,975,231,255,975,231,255,975,1
255,156,1167,255,156,1167,255,156,1167,1
156,292,973,156,292,973,156,292,973,1
292,405,1153,292,405,1153,292,405,1153,1
405,161,1152,405,161,1152,405,161,1152,1
161,228,968,161,228,968,161,228,968,1
228,149,1140,228,149,1140,228,149,1140,1
149,228,966,149,228,966,149,228,966,1
228,392,1144,228,392,1144,228,392,1144,1
392,166,1170,392,166,1170,392,166,1170,1
166,241,962,166,241,962,166,241,962,1
241,154,1140,241,154,1140,241,154,1140,1
154,216,954,154,216,954,154,216,954,1
216,355,1115,216,355,1115,216,355,1115,1
355,174,1130,355,174,1130,355,174,1130,1
174,202,944,174,202,944,174,202,944,1
202,139,1138,202,139,1138,202,139,1138,1
139,218,963,139,218,963,139,218,963,1
218,129,1119,218,129,1119,218,129,1119,1
129,256,1005,129,256,1005,129,256,1005,1
256,386,1123,256,386,1123,256,386,1123,-1
386,173,1118,386,173,1118,386,173,1118,-1
173,182,945,173,182,945,173,182,945,1
182,152,1109,182,152,1109,182,152,1109,1
152,184,949,152,184,949,152,184,949,1
184,362,1083,184,362,1083,184,362,1083,1
362,370,1133,362,370,1133,362,370,1133,1
370,162,1137,370,162,1137,370,162,1137,1
162,289,977,162,289,977,162,289,977,1
289,167,1140,289,167,1140,289,167,1140,1
167,296,975,167,296,975,167,296,975,1
296,209,1145,296,209,1145,296,209,1145,1
209,145,1159,209,145,1159,209,145,1159,1
145,136,1007,145,136,1007,145,136,1007,1
136,126,981,136,126,981,136,126,981,1
126,170,975,126,170,975,126,170,975,1
170,198,1115,170,198,1115,170,198,1115,1
198,226,945,198,226,945,198,226,945,1
226,395,1131,226,395,1131,226,395,1131,1
395,195,1110,395,195,1110,395,195,1110,1
195,179,937,195,179,937,195,179,937,1
179,162,1166,179,162,1166,179,162,1166,-1
162,213,974,162,213,974,162,213,974,-1
213,376,1127,213,376,1127,213,376,1127,1
376,358,1143,376,358,1143,376,358,1143,1
358,205,1098,358,205,1098,358,205,1098,1
205,155,989,205,155,989,205,155,989,1
155,178,1146,155,178,1146,155,178,1146,1
178,212,988,178,212,988,178,212,988,-1
212,166,1120,212,166,1120,212,166,1120,1
166,206,988,166,206,988,166,206,988,-1
206,154,1143,206,154,1143,206,154,1143,1
154,202,979,154,202,979,154,202,979,1
202,147,1119,202,147,1119,202,147,1119,1
147,318,981,147,318,981,147,318,981,1
318,160,1106,318,160,1106,318,160,1106,1
160,136,977,160,136,977,160,136,977,1
136,159,989,136,159,989,136,159,989,1
159,155,1124,159,155,1124,159,155,1124,1
155,260,976,155,260,976,155,260,976,1
260,153,1126,260,153,1126,260,153,1126,1
153,266,987,153,266,987,153,266,987,1
266,161,1122,266,161,1122,266,161,1122,1
161,223,984,161,223,984,161,223,984,1
223,212,1139,223,212,1139,223,212,1139,1
212,157,971,212,157,971,212,157,971,1
157,147,1116,157,147,1116,157,147,1116,1
147,232,976,147,232,976,147,232,976,1
232,174,1104,232,174,1104,232,174,1104,1
174,221,964,174,221,964,174,221,964,1
221,164,1122,221,164,1122,221,164,1122,1
164,223,958,164,223,958,164,223,958,1
223,205,1112,223,205,1112,223,205,1112,1
205,192,951,205,192,951,205,192,951,1
192,197,1114,192,197,1114,192,197,1114,1
197,172,968,197,172,968,197,172,968,1
172,150,1124,172,150,1124,172,150,1124,1
150,214,985,150,214,985,150,214,985,1
214,369,1147,214,369,1147,214,369,1147,1
369,154,1126,369,154,1126,369,154,1126,1
154,236,974,154,236,974,154,236,974,1
236,201,1138,236,201,1138,236,201,1138,1
201,171,954,201,171,954,201,171,954,1
171,167,1154,171,167,1154,171,167,1154,1
167,211,959,167,211,959,167,211,959,1
211,395,1166,211,395,1166,211,395,1166,1
395,282,1169,395,282,1169,395,282,1169,1
282,171,988,282,171,988,282,171,988,1
171,165,1150,171,165,1150,171,165,1150,1
165,268,972,165,268,972,165,268,972,1
268,226,1174,268,226,1174,268,226,1174,1
226,135,929,226,135,929,226,135,929,1
135,280,1086,135,280,1086,135,280,1086,1
280,167,981,280,167,981,280,167,981,1
167,166,1126,167,166,1126,167,166,1126,1
166,236,955,166,236,955,166,236,955,1
236,359,1169,236,359,1169,236,359,1169,1
359,143,1148,359,143,1148,359,143,1148,1
143,227,992,143,227,992,143,227,992,1
227,160,1164,227,160,1164,227,160,1164,1
160,217,977,160,217,977,160,217,977,1
217,394,1164,217,394,1164,217,394,1164,1
394,147,1148,394,147,1148,394,147,1148,1
147,219,972,147,219,972,147,219,972,1
219,358,1123,219,358,1123,219,358,1123,1
358,155,1152,358,155,1152,358,155,1152,1
155,209,973,155,209,973,155,209,973,1
209,156,1141,209,156,1141,209,156,1141,1
156,201,964,156,201,964,156,201,964,1
201,160,1186,201,160,1186,201,160,1186,1
160,207,978,160,207,978,160,207,978,1
207,147,1168,207,147,1168,207,147,1168,1
147,123,987,147,123,987,147,123,987,1
123,173,989,123,173,989,123,173,989,1
173,154,1150,173,154,1150,173,154,1150,1
154,271,947,154,271,947,154,271,947,1
271,166,1087,271,166,1087,271,166,1087,1
166,212,926,166,212,926,166,212,926,1
212,146,1119,212,146,1119,212,146,1119,1
146,229,983,146,229,983,146,229,983,1
229,208,1159,229,208,1159,229,208,1159,1
208,166,1015,208,166,1015,208,166,1015,1
166,392,1219,166,392,1219,166,392,1219,1
392,228,1221,392,228,1221,392,228,1221,1
228,175,1035,228,175,1035,228,175,1035,1
175,164,1190,175,164,1190,175,164,1190,1
164,216,1016,164,216,1016,164,216,1016,1
216,357,1165,216,357,1165,216,357,1165,-1
357,165,1152,357,165,1152,357,165,1152,1
165,231,981,165,231,981,165,231,981,1
231,153,1142,231,153,1142,231,153,1142,1
153,239,977,153,239,977,153,239,977,1
239,376,1154,239,376,1154,239,376,1154,1
376,164,1149,376,164,1149,376,164,1149,1
164,219,971,164,219,971,164,219,971,1
219,148,1130,219,148,1130,219,148,1130,1
148,228,974,148,228,974,148,228,974,1
228,150,1123,228,150,1123,228,150,1123,1
150,217,964,150,217,964,150,217,964,1
217,381,1133,217,381,1133,217,381,1133,1
381,403,1149,381,403,1149,381,403,1149,1
403,156,1121,403,156,1121,403,156,1121,1
156,217,949,156,217,949,156,217,949,1
217,361,1123,217,361,1123,217,361,1123,1
361,159,1132,361,159,1132,361,159,1132,1
159,218,974,159,218,974,159,218,974,1
218,155,1160,218,155,1160,218,155,1160,1
155,187,958,155,187,958,155,187,958,-1
187,160,1141,187,160,1141,187,160,1141,1
160,210,969,160,210,969,160,210,969,1
210,161,1132,210,161,1132,210,161,1132,1
161,302,968,161,302,968,161,302,968,1
302,207,1077,302,207,1077,302,207,1077,1
207,272,928,207,272,928,207,272,928,1
272,163,1155,272,163,1155,272,163,1155,1
163,258,997,163,258,997,163,258,997,1
258,400,1171,258,400,1171,258,400,1171,1
400,158,1160,400,158,1160,400,158,1160,1
158,233,1004,158,233,1004,158,233,1004,1
233,392,1160,233,392,1160,233,392,1160,1
392,216,1148,392,216,1148,392,216,1148,1
216,238,1176,216,238,1176,216,238,1176,1
238,141,981,238,141,981,238,141,981,1
141,153,984,141,153,984,141,153,984,1
153,348,1135,153,348,1135,153,348,1135,-1
348,155,1126,348,155,1126,348,155,1126,1
155,206,975,155,206,975,155,206,975,1
206,358,1142,206,358,1142,206,358,1142,1
358,163,1137,358,163,1137,358,163,1137,1
163,247,965,163,247,965,163,247,965,1
247,233,1121,247,233,1121,247,233,1121,1
233,217,921,233,217,921,233,217,921,1
217,149,1101,217,149,1101,217,149,1101,1
149,237,949,149,237,949,149,237,949,1
237,386,1108,237,386,1108,237,386,1108,1
386,150,1110,386,150,1110,386,150,1110,1
150,235,951,150,235,951,150,235,951,1
235,173,1119,235,173,1119,235,173,1119,1
173,234,960,173,234,960,173,234,960,1
234,162,1127,234,162,1127,234,162,1127,1
162,221,970,162,221,970,162,221,970,1
221,163,1136,221,163,1136,221,163,1136,1
163,224,969,163,224,969,163,224,969,1
224,148,1125,224,148,1125,224,148,1125,1
148,222,985,148,222,985,148,222,985,1
222,150,1116,222,150,1116,222,150,1116,1
150,223,976,150,223,976,150,223,976,1
223,167,1140,223,167,1140,223,167,1140,1
167,222,983,167,222,983,167,222,983,1
222,156,1151,222,156,1151,222,156,1151,1
156,244,991,156,244,991,156,244,991,1
244,202,1144,244,202,1144,244,202,1144,1
202,167,973,202,167,973,202,167,973,1
167,149,1143,167,149,1143,167,149,1143,1
149,225,988,149,225,988,149,225,988,1
225,158,1150,225,158,1150,225,158,1150,1
158,203,968,158,203,968,158,203,968,1
203,151,1135,203,151,1135,203,151,1135,1
151,220,979,151,220,979,151,220,979,1
220,158,1144,220,158,1144,220,158,1144,1
158,216,961,158,216,961,158,216,961,1
216,168,1143,216,168,1143,216,168,1143,1
168,211,984,168,211,984,168,211,984,1
211,167,1163,211,167,1163,211,167,1163,1
167,209,980,167,209,980,167,209,980,1
209,347,1150,209,347,1150,209,347,1150,-1
347,146,1139,347,146,1139,347,146,1139,-1
146,320,985,146,320,985,146,320,985,-1
320,199,1140,320,199,1140,320,199,1140,1
199,227,933,199,227,933,199,227,933,1
227,240,1192,227,240,1192,227,240,1192,1
240,169,982,240,169,982,240,169,982,1
169,397,1161,169,397,1161,169,397,1161,1
397,159,1148,397,159,1148,397,159,1148,-1
159,247,989,159,247,989,159,247,989,1
247,154,1136,247,154,1136,247,154,1136,1
154,224,978,154,224,978,154,224,978,1
224,159,1108,224,159,1108,224,159,1108,1
159,250,967,159,250,967,159,250,967,1
250,197,1116,250,197,1116,250,197,1116,1
197,178,935,197,178,935,197,178,935,1
178,161,1130,178,161,1130,178,161,1130,1
161,229,968,161,229,968,161,229,968,1
229,378,1159,229,378,1159,229,378,1159,1
378,351,1178,378,351,1178,378,351,1178,1
351,364,1156,351,364,1156,351,364,1156,1
364,193,1163,364,193,1163,364,193,1163,1
193,169,975,193,169,975,193,169,975,1
169,170,1170,169,170,1170,169,170,1170,1
170,240,999,170,240,999,170,240,999,-1
240,156,1194,240,156,1194,240,156,1194,1
156,221,980,156,221,980,156,221,980,1
221,156,1135,221,156,1135,221,156,1135,1
156,214,980,156,214,980,156,214,980,1
214,158,1122,214,158,1122,214,158,1122,1
158,216,985,158,216,985,158,216,985,1
216,144,1113,216,144,1113,216,144,1113,1
144,223,996,144,223,996,144,223,996,1
223,351,1186,223,351,1186,223,351,1186,1
351,170,1184,351,170,1184,351,170,1184,1
170,291,980,170,291,980,170,291,980,1
291,171,1156,291,171,1156,291,171,1156,1
171,328,968,171,328,968,171,328,968,1
328,157,1161,328,157,1161,328,157,1161,1
157,246,963,157,246,963,157,246,963,1
246,163,1137,246,163,1137,246,163,1137,1
163,276,973,163,276,973,163,276,973,1
276,383,1171,276,383,1171,276,383,1171,-1
383,163,1173,383,163,1173,383,163,1173,1
163,259,981,163,259,981,163,259,981,1
259,172,1170,259,172,1170,259,172,1170,1
172,235,976,172,235,976,172,235,976,1
235,363,1135,235,363,1135,235,363,1135,1
363,153,1106,363,153,1106,363,153,1106,1
153,215,971,153,215,971,153,215,971,1
215,168,1117,215,168,1117,215,168,1117,1
168,234,979,168,234,979,168,234,979,1
234,162,1159,234,162,1159,234,162,1159,1
162,235,991,162,235,991,162,235,991,1
235,155,1157,235,155,1157,235,155,1157,1
155,247,1004,155,247,1004,155,247,1004,1
247,196,1118,247,196,1118,247,196,1118,1
196,179,907,196,179,907,196,179,907,1
179,187,1086,179,187,1086,179,187,1086,1
187,174,942,187,174,942,187,174,942,1
174,205,1114,174,205,1114,174,205,1114,1
205,152,975,205,152,975,205,152,975,1
152,159,1145,152,159,1145,152,159,1145,1
159,217,1006,159,217,1006,159,217,1006,1
217,167,1219,217,167,1219,217,167,1219,1
167,235,1031,167,235,1031,167,235,1031,1
235,155,1203,235,155,1203,235,155,1203,1
155,226,1003,155,226,1003,155,226,1003,1
226,152,1198,226,152,1198,226,152,1198,1
152,236,1011,152,236,1011,152,236,1011,1
236,354,1163,236,354,1163,236,354,1163,1
354,147,1131,354,147,1131,354,147,1131,1
147,226,980,147,226,980,147,226,980,-1
226,153,1141,226,153,1141,226,153,1141,1
153,237,959,153,237,959,153,237,959,1
237,211,1143,237,211,1143,237,211,1143,1
211,195,952,211,195,952,211,195,952,1
195,155,1163,195,155,1163,195,155,1163,1
155,236,973,155,236,973,155,236,973,1
236,204,1147,236,204,1147,236,204,1147,1
204,190,959,204,190,959,204,190,959,1
190,155,1155,190,155,1155,190,155,1155,1
155,227,967,155,227,967,155,227,967,1
227,144,1153,227,144,1153,227,144,1153,1
144,244,977,144,244,977,144,244,977,1
244,405,1172,244,405,1172,244,405,1172,1
405,210,1167,405,210,1167,405,210,1167,-1
210,192,961,210,192,961,210,192,961,1
192,201,1143,192,201,1143,192,201,1143,1
201,173,885,201,173,885,201,173,885,1
173,370,1102,173,370,1102,173,370,1102,1
370,196,1200,370,196,1200,370,196,1200,1
196,182,984,196,182,984,196,182,984,1
182,225,1162,182,225,1162,182,225,1162,1
225,162,1004,225,162,1004,225,162,1004,1
162,188,1155,162,188,1155,162,188,1155,1
188,209,963,188,209,963,188,209,963,1
209,152,1124,209,152,1124,209,152,1124,1
152,234,984,152,234,984,152,234,984,1
234,367,1147,234,367,1147,234,367,1147,1
367,186,1150,367,186,1150,367,186,1150,1
186,163,976,186,163,976,186,163,976,1
163,153,1166,163,153,1166,163,153,1166,1
153,204,1003,153,204,1003,153,204,1003,1
204,146,1147,204,146,1147,204,146,1147,1
146,206,964,146,206,964,146,206,964,-1
206,241,1085,206,241,1085,206,241,1085,1
241,149,885,241,149,885,241,149,885,-1
149,185,1045,149,185,1045,149,185,1045,1
185,269,961,185,269,961,185,269,961,1
269,130,1172,269,130,1172,269,130,1172,1
130,256,1005,130,256,1005,130,256,1005,1
256,202,1207,256,202,1207,256,202,1207,1
202,162,1087,202,162,1087,202,162,1087,1
162,159,1237,162,159,1237,162,159,1237,1
159,240,1070,159,240,1070,159,240,1070,1
240,155,1144,240,155,1144,240,155,1144,1
155,237,994,155,237,994,155,237,994,1
237,156,1075,237,156,1075,237,156,1075,1
156,230,964,156,230,964,156,230,964,1
230,162,1076,230,162,1076,230,162,1076,1
162,195,898,162,195,898,162,195,898,1
195,347,1041,195,347,1041,195,347,1041,-1
347,336,1098,347,336,1098,347,336,1098,1
336,190,1128,336,190,1128,336,190,1128,1
190,156,966,190,156,966,190,156,966,1
156,175,1136,156,175,1136,156,175,1136,1
175,257,953,175,257,953,175,257,953,-1
257,337,1124,257,337,1124,257,337,1124,1
337,345,1110,337,345,1110,337,345,1110,1
345,328,1084,345,328,1084,345,328,1084,1
328,155,1136,328,155,1136,328,155,1136,1
155,156,993,155,156,993,155,156,993,1
156,150,988,156,150,988,156,150,988,1
150,401,1138,150,401,1138,150,401,1138,1
401,154,1110,401,154,1110,401,154,1110,1
154,277,951,154,277,951,154,277,951,1
277,164,1049,277,164,1049,277,164,1049,1
164,215,962,164,215,962,164,215,962,1
215,168,1055,215,168,1055,215,168,1055,1
168,201,958,168,201,958,168,201,958,1
201,141,1101,201,141,1101,201,141,1101,1
141,208,976,141,208,976,141,208,976,1
208,158,1097,208,158,1097,208,158,1097,1
158,209,972,158,209,972,158,209,972,1
209,360,1140,209,360,1140,209,360,1140,1
360,164,1121,360,164,1121,360,164,1121,1
164,207,968,164,207,968,164,207,968,1
207,158,1152,207,158,1152,207,158,1152,1
158,199,973,158,199,973,158,199,973,1
199,154,1135,199,154,1135,199,154,1135,1
154,168,963,154,168,963,154,168,963,1
168,163,973,168,163,973,168,163,973,1
163,233,1138,163,233,1138,163,233,1138,1
233,481,1118,233,481,1118,233,481,1118,1
481,296,1175,481,296,1175,481,296,1175,1
296,220,1005,296,220,1005,296,220,1005,1
220,161,1160,220,161,1160,220,161,1160,1
161,205,954,161,205,954,161,205,954,1
205,129,1109,205,129,1109,205,129,1109,1
129,266,953,129,266,953,129,266,953,1
266,144,1061,266,144,1061,266,144,1061,1
144,221,904,144,221,904,144,221,904,1
221,201,1065,221,201,1065,221,201,1065,1
201,165,888,201,165,888,201,165,888,1
165,163,1091,165,163,1091,165,163,1091,1
163,240,934,163,240,934,163,240,934,1
240,154,1137,240,154,1137,240,154,1137,1
154,236,955,154,236,955,154,236,955,-1
236,375,1117,236,375,1117,236,375,1117,1
375,152,1139,375,152,1139,375,152,1139,1
152,211,963,152,211,963,152,211,963,1
211,155,1137,211,155,1137,211,155,1137,1
155,191,975,155,191,975,155,191,975,1
191,163,1149,191,163,1149,191,163,1149,1
163,214,972,163,214,972,163,214,972,1
214,159,1177,214,159,1177,214,159,1177,1
159,320,984,159,320,984,159,320,984,1
320,190,993,320,190,993,320,190,993,1
190,211,969,190,211,969,190,211,969,1
211,162,820,211,162,820,211,162,820,1
162,148,1173,162,148,1173,162,148,1173,1
148,244,997,148,244,997,148,244,997,1
244,162,1168,244,162,1168,244,162,1168,-1
162,253,976,162,253,976,162,253,976,1
253,156,1163,253,156,1163,253,156,1163,1
156,237,980,156,237,980,156,237,980,1
237,165,1174,237,165,1174,237,165,1174,1
165,235,986,165,235,986,165,235,986,1
235,161,1179,235,161,1179,235,161,1179,1
161,253,982,161,253,982,161,253,982,1
253,154,1176,253,154,1176,253,154,1176,1
154,228,980,154,228,980,154,228,980,1
228,150,1158,228,150,1158,228,150,1158,1
150,228,981,150,228,981,150,228,981,1
228,162,1162,228,162,1162,228,162,1162,1
162,217,975,162,217,975,162,217,975,1
217,167,1161,217,167,1161,217,167,1161,1
167,226,987,167,226,987,167,226,987,1
226,214,1168,226,214,1168,226,214,1168,1
214,170,961,214,170,961,214,170,961,1
170,169,1149,170,169,1149,170,169,1149,1
169,204,977,169,204,977,169,204,977,1
204,354,1174,204,354,1174,204,354,1174,1
354,356,1171,354,356,1171,354,356,1171,1
356,281,1177,356,281,1177,356,281,1177,1
281,181,985,281,181,985,281,181,985,1
181,166,1166,181,166,1166,181,166,1166,1
166,279,984,166,279,984,166,279,984,1
279,404,1189,279,404,1189,279,404,1189,1
404,163,1151,404,163,1151,404,163,1151,1
163,224,985,163,224,985,163,224,985,1
224,365,1172,224,365,1172,224,365,1172,1
365,200,1167,365,200,1167,365,200,1167,1
200,166,950,200,166,950,200,166,950,1
166,145,1065,166,145,1065,166,145,1065,1
145,237,993,145,237,993,145,237,993,1
237,129,1053,237,129,1053,237,129,1053,1
129,261,1048,129,261,1048,129,261,1048,1
261,121,1052,261,121,1052,261,121,1052,1
121,256,989,121,256,989,121,256,989,1
256,170,1137,256,170,1137,256,170,1137,-1
170,168,990,170,168,990,170,168,990,1
168,155,1169,168,155,1169,168,155,1169,1
155,229,987,155,229,987,155,229,987,1
229,368,1120,229,368,1120,229,368,1120,1
368,393,1136,368,393,1136,368,393,1136,1
393,382,1171,393,382,1171,393,382,1171,1
382,157,1140,382,157,1140,382,157,1140,1
157,204,979,157,204,979,157,204,979,1
204,179,1144,204,179,1144,204,179,1144,1
179,172,951,179,172,951,179,172,951,1
172,207,1150,172,207,1150,172,207,1150,1
207,152,961,207,152,961,207,152,961,1
152,199,1172,152,199,1172,152,199,1172,1
199,244,950,199,244,950,199,244,950,1
244,200,1158,244,200,1158,244,200,1158,1
200,273,953,200,273,953,200,273,953,1
273,173,1172,273,173,1172,273,173,1172,1
173,273,977,173,273,977,173,273,977,1
273,386,1153,273,386,1153,273,386,1153,1
386,157,1155,386,157,1155,386,157,1155,1
157,228,970,157,228,970,157,228,970,1
228,151,1182,228,151,1182,228,151,1182,1
151,242,987,151,242,987,151,242,987,1
242,209,1151,242,209,1151,242,209,1151,1
209,199,973,209,199,973,209,199,973,1
199,216,1164,199,216,1164,199,216,1164,1
216,180,967,216,180,967,216,180,967,1
180,388,1172,180,388,1172,180,388,1172,1
388,371,1159,388,371,1159,388,371,1159,1
371,154,1159,371,154,1159,371,154,1159,1
154,209,981,154,209,981,154,209,981,1
209,169,1173,209,169,1173,209,169,1173,1
169,229,981,169,229,981,169,229,981,1
229,388,1165,229,388,1165,229,388,1165,1
388,210,1145,388,210,1145,388,210,1145,1
210,180,944,210,180,944,210,180,944,1
180,130,1168,180,130,1168,180,130,1168,1
130,235,963,130,235,963,130,235,963,1
235,366,1147,235,366,1147,235,366,1147,1
366,147,1153,366,147,1153,366,147,1153,1
147,219,979,147,219,979,147,219,979,1
219,204,1164,219,204,1164,219,204,1164,1
204,184,975,204,184,975,204,184,975,1
184,123,1172,184,123,1172,184,123,1172,1
123,256,959,123,256,959,123,256,959,1
256,352,1104,256,352,1104,256,352,1104,1
352,132,1098,352,132,1098,352,132,1098,1
132,261,960,132,261,960,132,261,960,1
261,225,1089,261,225,1089,261,225,1089,1
225,195,981,225,195,981,225,195,981,1
195,249,1105,195,249,1105,195,249,1105,1
249,157,988,249,157,988,249,157,988,1
157,163,1147,157,163,1147,157,163,1147,1
163,216,992,163,216,992,163,216,992,1
216,228,1140,216,228,1140,216,228,1140,1
228,155,984,228,155,984,228,155,984,1
155,349,1122,155,349,1122,155,349,1122,1
349,348,1120,349,348,1120,349,348,1120,1
348,157,1147,348,157,1147,348,157,1147,1
157,202,970,157,202,970,157,202,970,1
202,346,1204,202,346,1204,202,346,1204,1
346,180,1150,346,180,1150,346,180,1150,1
180,196,963,180,196,963,180,196,963,-1
196,152,1128,196,152,1128,196,152,1128,-1
152,230,979,152,230,979,152,230,979,1
230,358,1194,230,358,1194,230,358,1194,1
358,355,1147,358,355,1147,358,355,1147,1
355,358,1186,355,358,1186,355,358,1186,1
358,219,1103,358,219,1103,358,219,1103,1
219,151,1000,219,151,1000,219,151,1000,1
151,183,1082,151,183,1082,151,183,1082,1
183,173,980,183,173,980,183,173,980,1
173,179,1042,173,179,1042,173,179,1042,1
179,214,998,179,214,998,179,214,998,1
214,178,851,214,178,851,214,178,851,1
178,167,945,178,167,945,178,167,945,1
167,347,968,167,347,968,167,347,968,1
347,121,920,347,121,920,347,121,920,1
121,234,982,121,234,982,121,234,982,1
234,157,864,234,157,864,234,157,864,1
157,228,911,157,228,911,157,228,911,1
228,123,1045,228,123,1045,228,123,1045,1
123,265,1056,123,265,1056,123,265,1056,1
265,125,1066,265,125,1066,265,125,1066,1
125,263,1080,125,263,1080,125,263,1080,1
263,184,1063,263,184,1063,263,184,1063,1
184,179,1022,184,179,1022,184,179,1022,1
179,365,1056,179,365,1056,179,365,1056,1
365,354,1023,365,354,1023,365,354,1023,1
354,371,1036,354,371,1036,354,371,1036,1
371,125,1006,371,125,1006,371,125,1006,1
125,263,1027,125,263,1027,125,263,1027,1
263,200,1015,263,200,1015,263,200,1015,1
200,222,959,200,222,959,200,222,959,1
222,427,994,222,427,994,222,427,994,1
427,401,1003,427,401,1003,427,401,1003,1
401,388,993,401,388,993,401,388,993,1
388,121,997,388,121,997,388,121,997,1
121,280,1008,121,280,1008,121,280,1008,1
280,122,993,280,122,993,280,122,993,1
122,284,1011,122,284,1011,122,284,1011,1
284,189,990,284,189,990,284,189,990,1
189,192,952,189,192,952,189,192,952,1
192,342,1020,192,342,1020,192,342,1020,1
342,219,1119,342,219,1119,342,219,1119,1
219,189,1004,219,189,1004,219,189,1004,1
189,412,1168,189,412,1168,189,412,1168,1
412,164,1162,412,164,1162,412,164,1162,1
164,238,995,164,238,995,164,238,995,1
238,164,1168,238,164,1168,238,164,1168,1
164,229,991,164,229,991,164,229,991,1
229,154,1135,229,154,1135,229,154,1135,1
154,222,973,154,222,973,154,222,973,1
222,365,1123,222,365,1123,222,365,1123,1
365,158,1102,365,158,1102,365,158,1102,1
158,225,959,158,225,959,158,225,959,1
225,170,1130,225,170,1130,225,170,1130,1
170,209,952,170,209,952,170,209,952,1
209,362,1126,209,362,1126,209,362,1126,1
362,377,1129,362,377,1129,362,377,1129,1
377,189,1148,377,189,1148,377,189,1148,-1
189,180,974,189,180,974,189,180,974,1
180,350,1146,180,350,1146,180,350,1146,1
350,207,1017,350,207,1017,350,207,1017,1
207,285,1176,207,285,1176,207,285,1176,1
285,417,1146,285,417,1146,285,417,1146,1
417,159,1129,417,159,1129,417,159,1129,1
159,240,957,159,240,957,159,240,957,1
240,162,1126,240,162,1126,240,162,1126,1
162,240,952,162,240,952,162,240,952,1
240,150,1111,240,150,1111,240,150,1111,1
150,217,946,150,217,946,150,217,946,1
217,384,1099,217,384,1099,217,384,1099,1
384,162,1129,384,162,1129,384,162,1129,1
162,235,958,162,235,958,162,235,958,1
235,218,1105,235,218,1105,235,218,1105,1
218,166,930,218,166,930,218,166,930,1
166,162,1105,166,162,1105,166,162,1105,1
162,204,949,162,204,949,162,204,949,1
204,158,1142,204,158,1142,204,158,1142,1
158,207,979,158,207,979,158,207,979,1
207,159,1143,207,159,1143,207,159,1143,1
159,202,972,159,202,972,159,202,972,1
202,152,1123,202,152,1123,202,152,1123,1
152,206,932,152,206,932,152,206,932,1
206,166,1101,206,166,1101,206,166,1101,1
166,205,936,166,205,936,166,205,936,1
205,236,1149,205,236,1149,205,236,1149,1
236,219,981,236,219,981,236,219,981,1
219,158,1155,219,158,1155,219,158,1155,1
158,278,955,158,278,955,158,278,955,1
278,177,1117,278,177,1117,278,177,1117,1
177,240,997,177,240,997,177,240,997,1
240,133,1084,240,133,1084,240,133,1084,1
133,269,992,133,269,992,133,269,992,1
269,237,1026,269,237,1026,269,237,1026,1
237,156,960,237,156,960,237,156,960,1
156,210,1047,156,210,1047,156,210,1047,1
210,194,963,210,194,963,210,194,963,1
194,206,1045,194,206,1045,194,206,1045,1
206,184,979,206,184,979,206,184,979,1
184,373,1049,184,373,1049,184,373,1049,1
373,382,1053,373,382,1053,373,382,1053,1
382,160,1045,382,160,1045,382,160,1045,1
160,247,984,160,247,984,160,247,984,1
247,223,1037,247,223,1037,247,223,1037,1
223,167,972,223,167,972,223,167,972,1
167,168,1047,167,168,1047,167,168,1047,-1
168,221,982,168,221,982,168,221,982,-1
221,169,1044,221,169,1044,221,169,1044,1
169,218,983,169,218,983,169,218,983,1
218,173,1059,218,173,1059,218,173,1059,1
173,193,977,173,193,977,173,193,977,1
193,142,1044,193,142,1044,193,142,1044,-1
142,250,994,142,250,994,142,250,994,1
250,175,1043,250,175,1043,250,175,1043,-1
175,224,978,175,224,978,175,224,978,1
224,167,1044,224,167,1044,224,167,1044,1
167,227,980,167,227,980,167,227,980,1
227,168,1034,227,168,1034,227,168,1034,1
168,213,973,168,213,973,168,213,973,1
213,177,1039,213,177,1039,213,177,1039,1
177,214,966,177,214,966,177,214,966,1
214,372,1045,214,372,1045,214,372,1045,1
372,187,1045,372,187,1045,372,187,1045,1
187,208,964,187,208,964,187,208,964,1
208,153,1037,208,153,1037,208,153,1037,1
153,263,995,153,263,995,153,263,995,1
263,155,1047,263,155,1047,263,155,1047,1
155,229,991,155,229,991,155,229,991,1
229,149,1041,229,149,1041,229,149,1041,1
149,233,995,149,233,995,149,233,995,1
233,221,1041,233,221,1041,233,221,1041,1
221,146,978,221,146,978,221,146,978,1
146,187,1032,146,187,1032,146,187,1032,1
187,192,971,187,192,971,187,192,971,1
192,137,1040,192,137,1040,192,137,1040,1
137,250,998,137,250,998,137,250,998,1
250,149,1032,250,149,1032,250,149,1032,1
149,253,984,149,253,984,149,253,984,1
253,179,1027,253,179,1027,253,179,1027,1
179,196,971,179,196,971,179,196,971,1
196,372,1035,196,372,1035,196,372,1035,1
372,206,1007,372,206,1007,372,206,1007,1
206,163,930,206,163,930,206,163,930,1
163,165,990,163,165,990,163,165,990,1
165,218,922,165,218,922,165,218,922,1
218,239,958,218,239,958,218,239,958,1
239,153,900,239,153,900,239,153,900,1
153,402,968,153,402,968,153,402,968,1
402,156,1018,402,156,1018,402,156,1018,1
156,228,978,156,228,978,156,228,978,1
228,183,1046,228,183,1046,228,183,1046,1
183,181,985,183,181,985,183,181,985,1
181,221,1066,181,221,1066,181,221,1066,1
221,163,1004,221,163,1004,221,163,1004,1
163,174,1066,163,174,1066,163,174,1066,1
174,212,1000,174,212,1000,174,212,1000,1
212,204,1061,212,204,1061,212,204,1061,1
204,123,1086,204,123,1086,204,123,1086,1
123,158,1037,123,158,1037,123,158,1037,1
158,284,999,158,284,999,158,284,999,1
284,180,1027,284,180,1027,284,180,1027,1
180,202,977,180,202,977,180,202,977,1
202,149,1038,202,149,1038,202,149,1038,1
149,210,987,149,210,987,149,210,987,1
210,150,1033,210,150,1033,210,150,1033,1
150,217,981,150,217,981,150,217,981,1
217,379,1032,217,379,1032,217,379,1032,1
379,388,1031,379,388,1031,379,388,1031,1
388,167,1018,388,167,1018,388,167,1018,1
167,199,965,167,199,965,167,199,965,1
199,180,1027,199,180,1027,199,180,1027,1
180,175,955,180,175,955,180,175,955,1
175,362,1022,175,362,1022,175,362,1022,1
362,370,1025,362,370,1025,362,370,1025,1
370,179,1040,370,179,1040,370,179,1040,1
179,164,973,179,164,973,179,164,973,1
164,170,982,164,170,982,164,170,982,1
170,187,1029,170,187,1029,170,187,1029,1
187,275,975,187,275,975,187,275,975,1
275,209,1044,275,209,1044,275,209,1044,1
209,196,969,209,196,969,209,196,969,1
196,220,1038,196,220,1038,196,220,1038,1
220,176,979,220,176,979,220,176,979,1
176,187,1066,176,187,1066,176,187,1066,1
187,191,975,187,191,975,187,191,975,1
191,166,1052,191,166,1052,191,166,1052,1
166,232,990,166,232,990,166,232,990,1
232,227,1034,232,227,1034,232,227,1034,1
227,176,972,227,176,972,227,176,972,1
176,173,1022,176,173,1022,176,173,1022,1
173,216,975,173,216,975,173,216,975,1
216,360,1035,216,360,1035,216,360,1035,1
360,253,1024,360,253,1024,360,253,1024,1
253,146,954,253,146,954,253,146,954,1
146,123,826,146,123,826,146,123,826,1
123,161,1021,123,161,1021,123,161,1021,1
161,272,1195,161,272,1195,161,272,1195,1
272,192,1392,272,192,1392,272,192,1392,1
192,180,1240,192,180,1240,192,180,1240,1
180,207,1140,180,207,1140,180,207,1140,1
207,189,1021,207,189,1021,207,189,1021,1
189,185,948,189,185,948,189,185,948,1
185,129,908,185,129,908,185,129,908,1
129,216,840,129,216,840,129,216,840,1
216,348,915,216,348,915,216,348,915,1
348,378,931,348,378,931,348,378,931,1
378,223,970,378,223,970,378,223,970,1
223,249,805,223,249,805,223,249,805,1
249,200,1050,249,200,1050,249,200,1050,1
200,240,879,200,240,879,200,240,879,1
240,165,1107,240,165,1107,240,165,1107,1
165,253,934,165,253,934,165,253,934,1
253,403,1162,253,403,1162,253,403,1162,1
403,160,1171,403,160,1171,403,160,1171,1
160,242,985,160,242,985,160,242,985,1
242,177,1192,242,177,1192,242,177,1192,1
177,237,988,177,237,988,177,237,988,1
237,210,1198,237,210,1198,237,210,1198,1
210,184,995,210,184,995,210,184,995,1
184,149,1197,184,149,1197,184,149,1197,1
149,230,1003,149,230,1003,149,230,1003,1
230,371,1180,230,371,1180,230,371,1180,1
371,160,1198,371,160,1198,371,160,1198,1
160,223,1008,160,223,1008,160,223,1008,1
223,206,1181,223,206,1181,223,206,1181,1
206,173,994,206,173,994,206,173,994,1
173,173,1205,173,173,1205,173,173,1205,1
173,230,999,173,230,999,173,230,999,1
230,165,1183,230,165,1183,230,165,1183,1
165,202,986,165,202,986,165,202,986,1
202,372,1188,202,372,1188,202,372,1188,1
372,358,1171,372,358,1171,372,358,1171,1
358,378,1172,358,378,1172,358,378,1172,1
378,166,1163,378,166,1163,378,166,1163,1
166,215,971,166,215,971,166,215,971,1
215,380,1148,215,380,1148,215,380,1148,1
380,166,1163,380,166,1163,380,166,1163,1
166,224,975,166,224,975,166,224,975,1
224,149,1152,224,149,1152,224,149,1152,1
149,217,967,149,217,967,149,217,967,1
217,171,960,217,171,960,217,171,960,1
171,158,1131,171,158,1131,171,158,1131,1
158,290,947,158,290,947,158,290,947,1
290,165,1081,290,165,1081,290,165,1081,1
165,261,876,165,261,876,165,261,876,1
261,204,1078,261,204,1078,261,204,1078,1
204,194,914,204,194,914,204,194,914,1
194,403,1142,194,403,1142,194,403,1142,1
403,363,1158,403,363,1158,403,363,1158,1
363,210,1195,363,210,1195,363,210,1195,1
210,158,1019,210,158,1019,210,158,1019,1
158,207,1210,158,207,1210,158,207,1210,1
207,188,1070,207,188,1070,207,188,1070,1
188,169,1309,188,169,1309,188,169,1309,-1
169,219,1114,169,219,1114,169,219,1114,-1
219,160,1280,219,160,1280,219,160,1280,1
160,224,1083,160,224,1083,160,224,1083,1
224,171,1239,224,171,1239,224,171,1239,1
171,207,1045,171,207,1045,171,207,1045,1
207,147,1185,207,147,1185,207,147,1185,1
147,214,1013,147,214,1013,147,214,1013,1
214,365,1139,214,365,1139,214,365,1139,1
365,385,1166,365,385,1166,365,385,1166,1
385,158,1151,385,158,1151,385,158,1151,1
158,238,972,158,238,972,158,238,972,1
238,373,1145,238,373,1145,238,373,1145,1
373,163,1147,373,163,1147,373,163,1147,1
163,227,978,163,227,978,163,227,978,1
227,365,1151,227,365,1151,227,365,1151,1
365,190,1108,365,190,1108,365,190,1108,1
190,185,928,190,185,928,190,185,928,1
185,210,1170,185,210,1170,185,210,1170,1
210,182,1003,210,182,1003,210,182,1003,1
182,170,1162,182,170,1162,182,170,1162,1
170,220,979,170,220,979,170,220,979,1
220,158,1137,220,158,1137,220,158,1137,1
158,215,970,158,215,970,158,215,970,1
215,367,1127,215,367,1127,215,367,1127,1
367,155,1158,367,155,1158,367,155,1158,1
155,224,975,155,224,975,155,224,975,1
224,386,1145,224,386,1145,224,386,1145,1
386,164,1145,386,164,1145,386,164,1145,1
164,231,970,164,231,970,164,231,970,1
231,177,1132,231,177,1132,231,177,1132,1
177,234,964,177,234,964,177,234,964,1
234,372,1149,234,372,1149,234,372,1149,1
372,144,1151,372,144,1151,372,144,1151,1
144,230,982,144,230,982,144,230,982,1
230,160,1145,230,160,1145,230,160,1145,1
160,225,961,160,225,961,160,225,961,1
225,170,1140,225,170,1140,225,170,1140,1
170,227,970,170,227,970,170,227,970,1
227,201,1150,227,201,1150,227,201,1150,1
201,190,947,201,190,947,201,190,947,-1
190,373,1125,190,373,1125,190,373,1125,1
373,375,1177,373,375,1177,373,375,1177,1
375,157,1189,375,157,1189,375,157,1189,1
157,232,1020,157,232,1020,157,232,1020,1
232,164,1177,232,164,1177,232,164,1177,1
164,232,991,164,232,991,164,232,991,1
232,170,1159,232,170,1159,232,170,1159,1
170,233,978,170,233,978,170,233,978,1
233,163,1125,233,163,1125,233,163,1125,1
163,251,950,163,251,950,163,251,950,1
251,190,1119,251,190,1119,251,190,1119,1
190,182,959,190,182,959,190,182,959,1
182,386,1147,182,386,1147,182,386,1147,1
386,166,1167,386,166,1167,386,166,1167,-1
166,235,1014,166,235,1014,166,235,1014,1
235,161,1140,235,161,1140,235,161,1140,1
161,229,940,161,229,940,161,229,940,1
229,402,1107,229,402,1107,229,402,1107,1
402,155,1115,402,155,1115,402,155,1115,1
155,246,939,155,246,939,155,246,939,1
246,382,1123,246,382,1123,246,382,1123,1
382,178,1156,382,178,1156,382,178,1156,1
178,214,959,178,214,959,178,214,959,1
214,371,1123,214,371,1123,214,371,1123,1
371,186,1119,371,186,1119,371,186,1119,1
186,225,949,186,225,949,186,225,949,1
225,172,1149,225,172,1149,225,172,1149,1
172,230,944,172,230,944,172,230,944,1
230,142,1167,230,142,1167,230,142,1167,1
142,229,966,142,229,966,142,229,966,1
229,154,1092,229,154,1092,229,154,1092,1
154,219,968,154,219,968,154,219,968,1
219,192,1136,219,192,1136,219,192,1136,1
192,186,966,192,186,966,192,186,966,1
186,381,1162,186,381,1162,186,381,1162,1
381,210,1165,381,210,1165,381,210,1165,1
210,174,982,210,174,982,210,174,982,1
174,218,1167,174,218,1167,174,218,1167,1
218,174,1009,218,174,1009,218,174,1009,1
174,153,1173,174,153,1173,174,153,1173,1
153,210,1001,153,210,1001,153,210,1001,1
210,165,1086,210,165,1086,210,165,1086,1
165,191,986,165,191,986,165,191,986,1
191,366,1215,191,366,1215,191,366,1215,1
366,167,1238,366,167,1238,366,167,1238,1
167,208,1069,167,208,1069,167,208,1069,1
208,198,1082,208,198,1082,208,198,1082,1
198,161,895,198,161,895,198,161,895,1
161,152,1022,161,152,1022,161,152,1022,1
152,228,918,152,228,918,152,228,918,1
228,146,1030,228,146,1030,228,146,1030,1
146,210,934,146,210,934,146,210,934,1
210,358,1064,210,358,1064,210,358,1064,1
358,213,1073,358,213,1073,358,213,1073,1
213,249,954,213,249,954,213,249,954,1
249,231,1081,249,231,1081,249,231,1081,1
231,210,951,231,210,951,231,210,951,1
210,216,1092,210,216,1092,210,216,1092,1
216,175,930,216,175,930,216,175,930,1
175,373,1038,175,373,1038,175,373,1038,1
373,144,1018,373,144,1018,373,144,1018,1
144,231,992,144,231,992,144,231,992,1
231,153,1010,231,153,1010,231,153,1010,1
153,222,978,153,222,978,153,222,978,1
222,211,1015,222,211,1015,222,211,1015,1
211,178,1003,211,178,1003,211,178,1003,1
178,227,1036,178,227,1036,178,227,1036,1
227,182,988,227,182,988,227,182,988,1
182,253,1045,182,253,1045,182,253,1045,1
253,137,1013,253,137,1013,253,137,1013,1
137,292,1010,137,292,1010,137,292,1010,1
292,249,845,292,249,845,292,249,845,1
249,195,859,249,195,859,249,195,859,1
195,361,1031,195,361,1031,195,361,1031,1
361,171,1115,361,171,1115,361,171,1115,1
171,212,1066,171,212,1066,171,212,1066,-1
212,122,1110,212,122,1110,212,122,1110,-1
122,259,1080,122,259,1080,122,259,1080,1
259,215,1103,259,215,1103,259,215,1103,1
215,154,1050,215,154,1050,215,154,1050,1
154,133,1064,154,133,1064,154,133,1064,1
133,220,1037,133,220,1037,133,220,1037,1
220,283,1006,220,283,1006,220,283,1006,1
283,145,1014,283,145,1014,283,145,1014,1
145,311,976,145,311,976,145,311,976,1
311,151,963,311,151,963,311,151,963,1
151,197,955,151,197,955,151,197,955,1
197,157,998,197,157,998,197,157,998,1
157,231,974,157,231,974,157,231,974,1
231,153,1000,231,153,1000,231,153,1000,1
153,213,951,153,213,951,153,213,951,1
213,204,1005,213,204,1005,213,204,1005,1
204,137,967,204,137,967,204,137,967,1
137,201,988,137,201,988,137,201,988,1
201,138,958,201,138,958,201,138,958,1
138,252,1000,138,252,1000,138,252,1000,1
252,170,940,252,170,940,252,170,940,1
170,124,955,170,124,955,170,124,955,1
124,228,963,124,228,963,124,228,963,1
228,169,971,228,169,971,228,169,971,1
169,177,975,169,177,975,169,177,975,1
177,149,1007,177,149,1007,177,149,1007,1
149,126,1018,149,126,1018,149,126,1018,1
126,242,1060,126,242,1060,126,242,1060,1
242,170,984,242,170,984,242,170,984,1
170,266,959,170,266,959,170,266,959,1
266,174,1034,266,174,1034,266,174,1034,1
174,233,990,174,233,990,174,233,990,1
233,183,978,233,183,978,233,183,978,1
183,169,946,183,169,946,183,169,946,1
169,155,1007,169,155,1007,169,155,1007,1
155,187,941,155,187,941,155,187,941,1
187,134,977,187,134,977,187,134,977,1
134,203,936,134,203,936,134,203,936,1
203,143,1008,203,143,1008,203,143,1008,1
143,187,986,143,187,986,143,187,986,1
187,324,1071,187,324,1071,187,324,1071,1
324,160,1074,324,160,1074,324,160,1074,-1
160,163,979,160,163,979,160,163,979,1
163,166,1030,163,166,1030,163,166,1030,1
166,175,973,166,175,973,166,175,973,1
175,360,1039,175,360,1039,175,360,1039,1
360,145,1067,360,145,1067,360,145,1067,-1
145,202,1026,145,202,1026,145,202,1026,1
202,152,1074,202,152,1074,202,152,1074,1
152,185,1004,152,185,1004,152,185,1004,1
185,142,1088,185,142,1088,185,142,1088,1
142,196,1003,142,196,1003,142,196,1003,1
196,148,1067,196,148,1067,196,148,1067,1
148,194,1000,148,194,1000,148,194,1000,1
194,341,1080,194,341,1080,194,341,1080,1
341,193,1034,341,193,1034,341,193,1034,1
193,160,910,193,160,910,193,160,910,1
160,283,1025,160,283,1025,160,283,1025,1
283,147,942,283,147,942,283,147,942,1
147,249,899,147,249,899,147,249,899,1
249,153,945,249,153,945,249,153,945,1
153,171,886,153,171,886,153,171,886,1
171,320,957,171,320,957,171,320,957,1
320,339,1028,320,339,1028,320,339,1028,1
339,130,1103,339,130,1103,339,130,1103,1
130,204,1044,130,204,1044,130,204,1044,1
204,337,1122,204,337,1122,204,337,1122,1
337,174,1098,337,174,1098,337,174,1098,1
174,164,949,174,164,949,174,164,949,1
164,144,989,164,144,989,164,144,989,1
144,175,882,144,175,882,144,175,882,1
175,132,1008,175,132,1008,175,132,1008,1
132,175,981,132,175,981,132,175,981,1
175,310,1076,175,310,1076,175,310,1076,1
310,123,1102,310,123,1102,310,123,1102,1
123,203,1021,123,203,1021,123,203,1021,-1
203,191,1058,203,191,1058,203,191,1058,1
191,139,968,191,139,968,191,139,968,1
139,130,1029,139,130,1029,139,130,1029,1
130,193,989,130,193,989,130,193,989,1
193,129,1020,193,129,1020,193,129,1020,1
129,199,981,129,199,981,129,199,981,1
199,169,1088,199,169,1088,199,169,1088,1
169,150,993,169,150,993,169,150,993,1
150,153,1075,150,153,1075,150,153,1075,1
153,157,981,153,157,981,153,157,981,1
157,329,1052,157,329,1052,157,329,1052,1
329,157,1054,329,157,1054,329,157,1054,1
157,195,976,157,195,976,157,195,976,1
195,170,1071,195,170,1071,195,170,1071,1
170,187,952,170,187,952,170,187,952,1
187,156,1073,187,156,1073,187,156,1073,-1
156,186,992,156,186,992,156,186,992,1
186,122,1073,186,122,1073,186,122,1073,1
122,215,989,122,215,989,122,215,989,1
215,322,1030,215,322,1030,215,322,1030,1
322,302,1067,322,302,1067,322,302,1067,1
302,198,878,302,198,878,302,198,878,1
198,129,959,198,129,959,198,129,959,1
129,337,1078,129,337,1078,129,337,1078,1
337,153,1062,337,153,1062,337,153,1062,1
153,177,967,153,177,967,153,177,967,1
177,137,1072,177,137,1072,177,137,1072,1
