240,240,931,240,240,931,240,240,931,-1
240,133,966,240,133,966,240,133,966,-1
133,218,934,133,218,934,133,218,934,1
218,143,961,218,143,961,218,143,961,1
143,362,946,143,362,946,143,362,946,1
362,382,928,362,382,928,362,382,928,1
382,243,918,382,243,918,382,243,918,1
243,125,957,243,125,957,243,125,957,1
125,373,922,125,373,922,125,373,922,1
373,239,977,373,239,977,373,239,977,1
239,194,960,239,194,960,239,194,960,1
194,230,982,194,230,982,194,230,982,1
230,207,908,230,207,908,230,207,908,1
207,131,953,207,131,953,207,131,953,1
131,221,901,131,221,901,131,221,901,1
221,138,941,221,138,941,221,138,941,1
138,124,878,138,124,878,138,124,878,1
124,227,1051,124,227,1051,124,227,1051,1
227,220,918,227,220,918,227,220,918,1
220,229,974,220,229,974,220,229,974,1
229,217,1098,229,217,1098,229,217,1098,1
217,307,892,217,307,892,217,307,892,1
307,304,949,307,304,949,307,304,949,1
304,304,906,304,304,906,304,304,906,1
304,312,924,304,312,924,304,312,924,1
312,298,918,312,298,918,312,298,918,1
298,285,944,298,285,944,298,285,944,1
285,288,962,285,288,962,285,288,962,1
288,290,940,288,290,940,288,290,940,1
290,280,945,290,280,945,290,280,945,1
280,282,945,280,282,945,280,282,945,1
282,286,918,282,286,918,282,286,918,1
286,292,923,286,292,923,286,292,923,1
292,283,916,292,283,916,292,283,916,1
283,266,924,283,266,924,283,266,924,1
266,247,903,266,247,903,266,247,903,1
247,246,929,247,246,929,247,246,929,1
246,252,908,246,252,908,246,252,908,1
252,269,901,252,269,901,252,269,901,1
269,277,911,269,277,911,269,277,911,1
277,267,897,277,267,897,277,267,897,1
267,302,922,267,302,922,267,302,922,1
302,360,935,302,360,935,302,360,935,1
360,344,950,360,344,950,360,344,950,1
344,346,956,344,346,956,344,346,956,1
346,195,987,346,195,987,346,195,987,-1
195,157,992,195,157,992,195,157,992,1
157,198,991,157,198,991,157,198,991,1
198,165,985,198,165,985,198,165,985,1
165,123,984,165,123,984,165,123,984,1
123,229,1027,123,229,1027,123,229,1027,1
229,318,976,229,318,976,229,318,976,1
318,298,979,318,298,979,318,298,979,1
298,300,985,298,300,985,298,300,985,1
300,310,995,300,310,995,300,310,995,1
310,337,1009,310,337,1009,310,337,1009,1
337,122,1009,337,122,1009,337,122,1009,1
122,216,1033,122,216,1033,122,216,1033,1
216,329,1003,216,329,1003,216,329,1003,1
329,330,1006,329,330,1006,329,330,1006,1
330,339,1014,330,339,1014,330,339,1014,1
339,202,1007,339,202,1007,339,202,1007,1
202,142,972,202,142,972,202,142,972,1
142,361,994,142,361,994,142,361,994,1
361,217,997,361,217,997,361,217,997,1
217,175,968,217,175,968,217,175,968,1
175,210,987,175,210,987,175,210,987,1
210,147,996,210,147,996,210,147,996,1
147,346,1001,147,346,1001,147,346,1001,1
346,208,997,346,208,997,346,208,997,1
208,229,980,208,229,980,208,229,980,1
229,196,1022,229,196,1022,229,196,1022,1
196,311,996,196,311,996,196,311,996,1
311,320,992,311,320,992,311,320,992,-1
320,310,1017,320,310,1017,320,310,1017,1
310,304,1018,310,304,1018,310,304,1018,1
304,291,1022,304,291,1022,304,291,1022,1
291,267,1027,291,267,1027,291,267,1027,1
267,270,1019,267,270,1019,267,270,1019,1
270,284,997,270,284,997,270,284,997,1
284,298,1009,284,298,1009,284,298,1009,1
298,311,1010,298,311,1010,298,311,1010,1
311,337,998,311,337,998,311,337,998,1
337,257,996,337,257,996,337,257,996,1
257,228,986,257,228,986,257,228,986,1
228,243,1030,228,243,1030,228,243,1030,1
243,325,993,243,325,993,243,325,993,1
325,327,987,325,327,987,325,327,987,1
327,193,982,327,193,982,327,193,982,1
193,155,969,193,155,969,193,155,969,1
155,197,1009,155,197,1009,155,197,1009,1
197,158,969,197,158,969,197,158,969,1
158,124,960,158,124,960,158,124,960,1
124,205,1008,124,205,1008,124,205,1008,1
205,313,971,205,313,971,205,313,971,1
313,322,975,313,322,975,313,322,975,1
322,197,971,322,197,971,322,197,971,1
197,129,970,197,129,970,197,129,970,1
129,328,970,129,328,970,129,328,970,1
328,210,973,328,210,973,328,210,973,1
210,149,972,210,149,972,210,149,972,1
149,121,972,149,121,972,149,121,972,1
121,251,1034,121,251,1034,121,251,1034,1
251,365,967,251,365,967,251,365,967,1
365,188,971,365,188,971,365,188,971,1
188,165,991,188,165,991,188,165,991,-1
165,201,966,165,201,966,165,201,966,1
201,150,973,201,150,973,201,150,973,-1
150,333,981,150,333,981,150,333,981,-1
333,340,967,333,340,967,333,340,967,1
340,124,958,340,124,958,340,124,958,-1
124,226,1048,124,226,1048,124,226,1048,-1
226,219,937,226,219,937,226,219,937,1
219,202,982,219,202,982,219,202,982,1
202,220,971,202,220,971,202,220,971,-1
220,304,921,220,304,921,220,304,921,1
304,302,925,304,302,925,304,302,925,-1
302,304,903,302,304,903,302,304,903,-1
304,313,911,304,313,911,304,313,911,1
313,183,944,313,183,944,313,183,944,-1
183,127,972,183,127,972,183,127,972,1
127,296,942,127,296,942,127,296,942,-1
296,290,943,296,290,943,296,290,943,-1
290,269,942,290,269,942,290,269,942,1
269,273,949,269,273,949,269,273,949,1
273,264,927,273,264,927,273,264,927,-1
264,287,932,264,287,932,264,287,932,-1
287,322,895,287,322,895,287,322,895,1
322,332,897,322,332,897,322,332,897,-1
332,203,922,332,203,922,332,203,922,-1
203,186,1126,203,186,1126,203,186,1126,1
186,234,1281,186,234,1281,186,234,1281,1
234,186,977,234,186,977,234,186,977,-1
186,179,960,186,179,960,186,179,960,-1
179,181,1080,179,181,1080,179,181,1080,1
181,209,1207,181,209,1207,181,209,1207,1
209,260,967,209,260,967,209,260,967,-1
260,124,966,260,124,966,260,124,966,-1
124,236,1109,124,236,1109,124,236,1109,1
236,201,921,236,201,921,236,201,921,-1
201,290,1194,201,290,1194,201,290,1194,1
290,124,941,290,124,941,290,124,941,-1
124,191,927,124,191,927,124,191,927,-1
191,180,1058,191,180,1058,191,180,1058,1
180,156,1226,180,156,1226,180,156,1226,-1
156,294,962,156,294,962,156,294,962,1
294,193,952,294,193,952,294,193,952,-1
193,285,1095,193,285,1095,193,285,1095,1
285,178,951,285,178,951,285,178,951,-1
178,203,987,178,203,987,178,203,987,-1
203,175,1190,203,175,1190,203,175,1190,1
175,167,1249,175,167,1249,175,167,1249,-1
167,128,982,167,128,982,167,128,982,1
128,151,972,128,151,972,128,151,972,-1
151,331,1024,151,331,1024,151,331,1024,-1
331,189,974,331,189,974,331,189,974,1
189,179,1151,189,179,1151,189,179,1151,-1
179,475,1205,179,475,1205,179,475,1205,1
475,188,969,475,188,969,475,188,969,-1
188,190,1124,188,190,1124,188,190,1124,-1
190,204,1173,190,204,1173,190,204,1173,1
204,136,982,204,136,982,204,136,982,-1
136,197,998,136,197,998,136,197,998,-1
197,232,1029,197,232,1029,197,232,1029,1
232,187,940,232,187,940,232,187,940,-1
187,179,1071,187,179,1071,187,179,1071,-1
179,281,1217,179,281,1217,179,281,1217,1
281,165,977,281,165,977,281,165,977,-1
165,319,1026,165,319,1026,165,319,1026,1
319,198,963,319,198,963,319,198,963,-1
198,176,1118,198,176,1118,198,176,1118,-1
176,242,1250,176,242,1250,176,242,1250,1
242,187,971,242,187,971,242,187,971,-1
187,171,989,187,171,989,187,171,989,1
171,229,1050,171,229,1050,171,229,1050,-1
229,203,941,229,203,941,229,203,941,-1
203,189,956,203,189,956,203,189,956,1
189,183,1079,189,183,1079,189,183,1079,-1
183,191,1255,183,191,1255,183,191,1255,1
191,129,970,191,129,970,191,129,970,1
129,144,980,129,144,980,129,144,980,1
144,189,995,144,189,995,144,189,995,-1
189,259,1117,189,259,1117,189,259,1117,-1
259,183,948,259,183,948,259,183,948,1
183,182,984,183,182,984,183,182,984,-1
182,419,1034,182,419,1034,182,419,1034,-1
419,195,957,419,195,957,419,195,957,1
195,178,1166,195,178,1166,195,178,1166,-1
178,264,1216,178,264,1216,178,264,1216,1
264,206,948,264,206,948,264,206,948,-1
206,197,970,206,197,970,206,197,970,1
197,181,1027,197,181,1027,197,181,1027,1
181,247,976,181,247,976,181,247,976,1
247,184,962,247,184,962,247,184,962,1
184,177,1073,184,177,1073,184,177,1073,-1
177,287,1271,177,287,1271,177,287,1271,-1
287,154,983,287,154,983,287,154,983,1
154,183,1005,154,183,1005,154,183,1005,-1
183,188,1086,183,188,1086,183,188,1086,1
188,158,993,188,158,993,188,158,993,-1
158,199,985,158,199,985,158,199,985,-1
199,288,1055,199,288,1055,199,288,1055,-1
288,165,1212,288,165,1212,288,165,1212,1
165,128,953,165,128,953,165,128,953,-1
128,139,909,128,139,909,128,139,909,-1
139,186,950,139,186,950,139,186,950,1
186,171,1145,186,171,1145,186,171,1145,-1
171,261,1190,171,261,1190,171,261,1190,1
261,166,959,261,166,959,261,166,959,-1
166,188,958,166,188,958,166,188,958,-1
188,193,1104,188,193,1104,188,193,1104,1
193,224,1167,193,224,1167,193,224,1167,1
224,221,913,224,221,913,224,221,913,1
221,191,962,221,191,962,221,191,962,1
191,398,1092,191,398,1092,191,398,1092,1
398,187,952,398,187,952,398,187,952,-1
187,174,1065,187,174,1065,187,174,1065,1
174,207,1243,174,207,1243,174,207,1243,-1
207,219,954,207,219,954,207,219,954,-1
219,194,979,219,194,979,219,194,979,-1
194,444,1094,194,444,1094,194,444,1094,-1
444,123,962,444,123,962,444,123,962,-1
123,251,1058,123,251,1058,123,251,1058,1
251,195,1223,251,195,1223,251,195,1223,-1
195,243,935,195,243,935,195,243,935,1
243,180,993,243,180,993,243,180,993,1
180,317,1088,180,317,1088,180,317,1088,1
317,192,986,317,192,986,317,192,986,1
192,227,993,192,227,993,192,227,993,1
227,296,972,227,296,972,227,296,972,1
296,209,970,296,209,970,296,209,970,1
209,181,1070,209,181,1070,209,181,1070,1
181,453,1279,181,453,1279,181,453,1279,1
453,175,992,453,175,992,453,175,992,1
175,185,1128,175,185,1128,175,185,1128,1
185,191,1193,185,191,1193,185,191,1193,1
191,147,967,191,147,967,191,147,967,-1
147,144,979,147,144,979,147,144,979,1
144,198,1041,144,198,1041,144,198,1041,1
198,166,1281,198,166,1281,198,166,1281,1
166,153,1001,166,153,1001,166,153,1001,1
153,152,978,153,152,978,153,152,978,1
152,198,1000,152,198,1000,152,198,1000,1
198,122,973,198,122,973,198,122,973,1
122,295,969,122,295,969,122,295,969,1
295,196,1008,295,196,1008,295,196,1008,1
196,136,982,196,136,982,196,136,982,1
136,199,997,136,199,997,136,199,997,1
199,121,953,199,121,953,199,121,953,1
121,198,942,121,198,942,121,198,942,1
198,193,1034,198,193,1034,198,193,1034,1
193,212,1236,193,212,1236,193,212,1236,1
212,122,936,212,122,936,212,122,936,1
122,126,940,122,126,940,122,126,940,1
126,199,997,126,199,997,126,199,997,1
199,237,1226,199,237,1226,199,237,1226,1
237,210,987,237,210,987,237,210,987,1
210,188,1030,210,188,1030,210,188,1030,1
188,165,1122,188,165,1122,188,165,1122,1
165,283,1215,165,283,1215,165,283,1215,1
283,143,990,283,143,990,283,143,990,1
143,194,1029,143,194,1029,143,194,1029,1
194,219,1242,194,219,1242,194,219,1242,1
219,249,973,219,249,973,219,249,973,1
249,214,1027,249,214,1027,249,214,1027,1
214,272,1274,214,272,1274,214,272,1274,1
272,164,972,272,164,972,272,164,972,1
164,205,1017,164,205,1017,164,205,1017,1
205,442,1269,205,442,1269,205,442,1269,1
442,194,1008,442,194,1008,442,194,1008,1
194,176,988,194,176,988,194,176,988,1
176,207,991,176,207,991,176,207,991,1
207,182,970,207,182,970,207,182,970,1
182,335,981,182,335,981,182,335,981,1
335,306,981,335,306,981,335,306,981,1
306,370,1001,306,370,1001,306,370,1001,1
370,201,988,370,201,988,370,201,988,1
201,174,1115,201,174,1115,201,174,1115,1
174,171,1243,174,171,1243,174,171,1243,1
171,347,1074,171,347,1074,171,347,1074,1
347,176,947,347,176,947,347,176,947,1
176,208,1000,176,208,1000,176,208,1000,1
208,312,1250,208,312,1250,208,312,1250,1
312,199,953,312,199,953,312,199,953,1
199,417,1017,199,417,1017,199,417,1017,1
417,400,1002,417,400,1002,417,400,1002,1
400,218,996,400,218,996,400,218,996,1
218,163,965,218,163,965,218,163,965,1
163,253,991,163,253,991,163,253,991,1
253,148,958,253,148,958,253,148,958,1
148,289,1001,148,289,1001,148,289,1001,1
289,126,963,289,126,963,289,126,963,1
126,277,996,126,277,996,126,277,996,1
277,124,964,277,124,964,277,124,964,1
124,197,994,124,197,994,124,197,994,1
197,195,975,197,195,975,197,195,975,1
195,220,984,195,220,984,195,220,984,1
220,150,968,220,150,968,220,150,968,1
150,273,978,150,273,978,150,273,978,1
273,132,971,273,132,971,273,132,971,1
132,287,993,132,287,993,132,287,993,1
287,201,968,287,201,968,287,201,968,1
201,278,1037,201,278,1037,201,278,1037,1
278,329,963,278,329,963,278,329,963,1
329,316,963,329,316,963,329,316,963,1
316,338,973,316,338,973,316,338,973,1
338,227,971,338,227,971,338,227,971,1
227,153,997,227,153,997,227,153,997,1
153,409,973,153,409,973,153,409,973,1
409,121,955,409,121,955,409,121,955,-1
121,287,1125,121,287,1125,121,287,1125,1
287,378,947,287,378,947,287,378,947,1
378,366,972,378,366,972,378,366,972,1
366,386,951,366,386,951,366,386,951,1
386,125,956,386,125,956,386,125,956,1
125,266,1111,125,266,1111,125,266,1111,1
266,124,977,266,124,977,266,124,977,1
124,269,1131,124,269,1131,124,269,1131,1
269,122,971,269,122,971,269,122,971,1
122,235,1135,122,235,1135,122,235,1135,1
235,322,964,235,322,964,235,322,964,1
322,334,947,322,334,947,322,334,947,1
334,207,950,334,207,950,334,207,950,1
207,189,974,207,189,974,207,189,974,1
189,376,944,189,376,944,189,376,944,1
376,125,954,376,125,954,376,125,954,1
125,126,1138,125,126,1138,125,126,1138,1
126,142,983,126,142,983,126,142,983,1
142,380,962,142,380,962,142,380,962,1
380,216,957,380,216,957,380,216,957,1
216,167,968,216,167,968,216,167,968,1
167,353,941,167,353,941,167,353,941,1
353,377,958,353,377,958,353,377,958,1
377,243,950,377,243,950,377,243,950,1
243,128,976,243,128,976,243,128,976,1
128,385,967,128,385,967,128,385,967,1
385,344,944,385,344,944,385,344,944,1
344,356,956,344,356,956,344,356,956,1
356,404,926,356,404,926,356,404,926,1
404,390,929,404,390,929,404,390,929,1
390,208,967,390,208,967,390,208,967,1
208,175,998,208,175,998,208,175,998,1
175,123,957,175,123,957,175,123,957,1
123,218,1081,123,218,1081,123,218,1081,1
218,311,941,218,311,941,218,311,941,1
311,334,943,311,334,943,311,334,943,1
334,371,955,334,371,955,334,371,955,1
371,288,973,371,288,973,371,288,973,1
288,126,983,288,126,983,288,126,983,1
126,124,961,126,124,961,126,124,961,1
124,285,1130,124,285,1130,124,285,1130,1
285,372,940,285,372,940,285,372,940,1
372,359,957,372,359,957,372,359,957,1
359,213,953,359,213,953,359,213,953,1
213,149,982,213,149,982,213,149,982,1
149,211,948,149,211,948,149,211,948,1
211,146,984,211,146,984,211,146,984,1
146,123,964,146,123,964,146,123,964,1
123,248,1126,123,248,1126,123,248,1126,1
248,124,944,248,124,944,248,124,944,1
124,277,1137,124,277,1137,124,277,1137,1
277,124,946,277,124,946,277,124,946,1
124,277,1126,124,277,1126,124,277,1126,1
277,376,952,277,376,952,277,376,952,1
376,219,947,376,219,947,376,219,947,1
219,168,973,219,168,973,219,168,973,1
168,411,944,168,411,944,168,411,944,1
411,370,938,411,370,938,411,370,938,1
370,125,951,370,125,951,370,125,951,1
125,250,1129,125,250,1129,125,250,1129,1
250,376,938,250,376,938,250,376,938,1
376,207,938,376,207,938,376,207,938,1
207,169,955,207,169,955,207,169,955,1
169,381,935,169,381,935,169,381,935,1
381,123,940,381,123,940,381,123,940,1
123,137,1113,123,137,1113,123,137,1113,1
137,150,955,137,150,955,137,150,955,1
150,127,939,150,127,939,150,127,939,1
127,142,1107,127,142,1107,127,142,1107,1
142,143,946,142,143,946,142,143,946,1
143,122,918,143,122,918,143,122,918,1
122,144,1106,122,144,1106,122,144,1106,1
144,241,928,144,241,928,144,241,928,1
241,213,1073,241,213,1073,241,213,1073,1
213,311,925,213,311,925,213,311,925,1
311,316,945,311,316,945,311,316,945,1
316,341,917,316,341,917,316,341,917,1
341,223,918,341,223,918,341,223,918,1
223,156,947,223,156,947,223,156,947,1
156,356,908,156,356,908,156,356,908,1
356,321,964,356,321,964,356,321,964,1
321,299,940,321,299,940,321,299,940,1
299,293,915,299,293,915,299,293,915,1
293,298,875,293,298,875,293,298,875,1
298,314,895,298,314,895,298,314,895,1
314,213,907,314,213,907,314,213,907,1
213,143,945,213,143,945,213,143,945,1
143,121,948,143,121,948,143,121,948,1
121,258,1124,121,258,1124,121,258,1124,1
258,319,940,258,319,940,258,319,940,1
319,321,915,319,321,915,319,321,915,1
321,342,908,321,342,908,321,342,908,1
342,123,915,342,123,915,342,123,915,1
123,218,1052,123,218,1052,123,218,1052,1
218,325,896,218,325,896,218,325,896,1
325,339,915,325,339,915,325,339,915,1
339,336,913,339,336,913,339,336,913,1
336,192,932,336,192,932,336,192,932,1
192,273,1055,192,273,1055,192,273,1055,1
273,154,904,273,154,904,273,154,904,1
154,196,959,154,196,959,154,196,959,1
196,131,965,196,131,965,196,131,965,1
131,127,948,131,127,948,131,127,948,1
127,219,1073,127,219,1073,127,219,1073,1
219,129,980,219,129,980,219,129,980,1
129,193,1086,129,193,1086,129,193,1086,1
193,124,953,193,124,953,193,124,953,1
124,165,1039,124,165,1039,124,165,1039,1
165,289,937,165,289,937,165,289,937,1
289,308,949,289,308,949,289,308,949,1
308,297,931,308,297,931,308,297,931,1
297,306,968,297,306,968,297,306,968,1
306,315,956,306,315,956,306,315,956,1
315,336,974,315,336,974,315,336,974,1
336,337,982,336,337,982,336,337,982,1
337,310,991,337,310,991,337,310,991,1
310,324,1009,310,324,1009,310,324,1009,1
324,228,993,324,228,993,324,228,993,1
228,204,959,228,204,959,228,204,959,1
204,275,1003,204,275,1003,204,275,1003,1
275,129,1022,275,129,1022,275,129,1022,1
129,241,1066,129,241,1066,129,241,1066,1
241,222,1003,241,222,1003,241,222,1003,1
222,143,975,222,143,975,222,143,975,1
143,205,990,143,205,990,143,205,990,1
205,140,977,205,140,977,205,140,977,1
140,330,1018,140,330,1018,140,330,1018,1
330,222,1005,330,222,1005,330,222,1005,1
222,129,984,222,129,984,222,129,984,1
129,229,1007,129,229,1007,129,229,1007,1
229,162,981,229,162,981,229,162,981,1
162,125,1002,162,125,1002,162,125,1002,1
125,241,1073,125,241,1073,125,241,1073,1
241,252,995,241,252,995,241,252,995,1
252,123,964,252,123,964,252,123,964,1
123,367,993,123,367,993,123,367,993,1
367,121,984,367,121,984,367,121,984,1
121,248,1065,121,248,1065,121,248,1065,1
248,345,995,248,345,995,248,345,995,1
345,218,983,345,218,983,345,218,983,1
218,162,965,218,162,965,218,162,965,1
162,222,994,162,222,994,162,222,994,1
222,173,972,222,173,972,222,173,972,1
173,390,980,173,390,980,173,390,980,1
390,205,985,390,205,985,390,205,985,1
205,138,980,205,138,980,205,138,980,1
138,346,991,138,346,991,138,346,991,1
346,389,986,346,389,986,346,389,986,1
389,410,991,389,410,991,389,410,991,1
410,128,1002,410,128,1002,410,128,1002,1
128,250,1086,128,250,1086,128,250,1086,1
250,121,988,250,121,988,250,121,988,1
121,138,1086,121,138,1086,121,138,1086,1
138,124,966,138,124,966,138,124,966,1
124,384,988,124,384,988,124,384,988,1
384,200,997,384,200,997,384,200,997,1
200,169,1001,200,169,1001,200,169,1001,1
169,252,991,169,252,991,169,252,991,1
252,127,964,252,127,964,252,127,964,1
127,395,976,127,395,976,127,395,976,1
395,368,980,395,368,980,395,368,980,-1
368,124,995,368,124,995,368,124,995,1
124,232,1081,124,232,1081,124,232,1081,1
232,348,964,232,348,964,232,348,964,1
348,334,968,348,334,968,348,334,968,-1
334,363,997,334,363,997,334,363,997,1
363,230,967,363,230,967,363,230,967,1
230,164,963,230,164,963,230,164,963,1
164,389,963,164,389,963,164,389,963,1
389,214,941,389,214,941,389,214,941,1
214,126,953,214,126,953,214,126,953,1
126,349,951,126,349,951,126,349,951,1
349,367,938,349,367,938,349,367,938,1
367,387,943,367,387,943,367,387,943,1
387,127,929,387,127,929,387,127,929,1
127,218,1111,127,218,1111,127,218,1111,1
218,124,957,218,124,957,218,124,957,1
124,211,1114,124,211,1114,124,211,1114,1
211,343,915,211,343,915,211,343,915,1
343,347,903,343,347,903,343,347,903,1
347,335,924,347,335,924,347,335,924,1
335,358,908,335,358,908,335,358,908,1
358,219,882,358,219,882,358,219,882,1
219,191,942,219,191,942,219,191,942,1
191,127,899,191,127,899,191,127,899,1
127,250,1108,127,250,1108,127,250,1108,1
250,247,890,250,247,890,250,247,890,-1
247,123,927,247,123,927,247,123,927,1
123,240,885,123,240,885,123,240,885,1
240,133,923,240,133,923,240,133,923,1
133,338,889,133,338,889,133,338,889,1
338,374,887,338,374,887,338,374,887,1
374,125,888,374,125,888,374,125,888,1
125,153,1082,125,153,1082,125,153,1082,-1
153,243,928,153,243,928,153,243,928,-1
243,126,1074,243,126,1074,243,126,1074,1
126,130,925,126,130,925,126,130,925,1
130,121,896,130,121,896,130,121,896,1
121,223,1100,121,223,1100,121,223,1100,1
223,365,889,223,365,889,223,365,889,-1
365,374,888,365,374,888,365,374,888,1
374,124,922,374,124,922,374,124,922,1
124,255,1101,124,255,1101,124,255,1101,1
255,265,905,255,265,905,255,265,905,1
265,138,954,265,138,954,265,138,954,1
138,128,906,138,128,906,138,128,906,1
128,268,1092,128,268,1092,128,268,1092,1
268,122,907,268,122,907,268,122,907,1
122,246,1105,122,246,1105,122,246,1105,1
246,232,922,246,232,922,246,232,922,1
232,204,973,232,204,973,232,204,973,1
204,123,1018,204,123,1018,204,123,1018,1
123,142,973,123,142,973,123,142,973,1
142,340,890,142,340,890,142,340,890,1
340,124,927,340,124,927,340,124,927,1
124,204,1105,124,204,1105,124,204,1105,1
204,345,893,204,345,893,204,345,893,1
345,238,901,345,238,901,345,238,901,1
238,161,956,238,161,956,238,161,956,1
161,365,917,161,365,917,161,365,917,1
365,269,916,365,269,916,365,269,916,1
269,128,966,269,128,966,269,128,966,1
128,121,940,128,121,940,128,121,940,1
121,266,1137,121,266,1137,121,266,1137,1
266,125,910,266,125,910,266,125,910,1
125,259,1110,125,259,1110,125,259,1110,-1
259,373,902,259,373,902,259,373,902,1
373,327,927,373,327,927,373,327,927,1
327,336,917,327,336,917,327,336,917,1
336,361,900,336,361,900,336,361,900,1
361,125,934,361,125,934,361,125,934,1
125,230,1120,125,230,1120,125,230,1120,1
230,396,887,230,396,887,230,396,887,1
396,391,900,396,391,900,396,391,900,1
391,355,944,391,355,944,391,355,944,1
355,368,905,355,368,905,355,368,905,1
368,121,919,368,121,919,368,121,919,1
121,250,1120,121,250,1120,121,250,1120,1
250,399,875,250,399,875,250,399,875,1
399,123,912,399,123,912,399,123,912,1
123,249,1111,123,249,1111,123,249,1111,1
249,124,881,249,124,881,249,124,881,1
124,240,1068,124,240,1068,124,240,1068,1
240,356,882,240,356,882,240,356,882,1
356,332,893,356,332,893,356,332,893,1
332,362,876,332,362,876,332,362,876,1
362,398,860,362,398,860,362,398,860,1
398,380,877,398,380,877,398,380,877,1
380,122,896,380,122,896,380,122,896,1
122,249,1093,122,249,1093,122,249,1093,1
249,339,891,249,339,891,249,339,891,1
339,357,905,339,357,905,339,357,905,1
357,387,891,357,387,891,357,387,891,1
387,369,895,387,369,895,387,369,895,1
369,125,898,369,125,898,369,125,898,1
125,247,1091,125,247,1091,125,247,1091,1
247,223,876,247,223,876,247,223,876,1
223,139,948,223,139,948,223,139,948,1
139,335,906,139,335,906,139,335,906,-1
335,348,897,335,348,897,335,348,897,1
348,123,874,348,123,874,348,123,874,1
123,241,1087,123,241,1087,123,241,1087,1
241,362,901,241,362,901,241,362,901,1
362,376,873,362,376,873,362,376,873,1
376,125,890,376,125,890,376,125,890,1
125,245,1092,125,245,1092,125,245,1092,1
245,335,884,245,335,884,245,335,884,1
335,347,878,335,347,878,335,347,878,1
347,207,896,347,207,896,347,207,896,1
207,145,965,207,145,965,207,145,965,1
145,343,895,145,343,895,145,343,895,1
343,360,985,343,360,985,343,360,985,1
360,358,897,360,358,897,360,358,897,1
358,354,914,358,354,914,358,354,914,1
354,357,932,354,357,932,354,357,932,1
357,346,953,357,346,953,357,346,953,1
346,131,961,346,131,961,346,131,961,1
131,231,1045,131,231,1045,131,231,1045,1
231,336,968,231,336,968,231,336,968,1
336,347,970,336,347,970,336,347,970,1
347,357,976,347,357,976,347,357,976,1
357,362,970,357,362,970,357,362,970,1
362,204,968,362,204,968,362,204,968,1
204,131,966,204,131,966,204,131,966,1
131,127,983,131,127,983,131,127,983,1
127,234,1062,127,234,1062,127,234,1062,1
234,216,975,234,216,975,234,216,975,1
216,161,950,216,161,950,216,161,950,1
161,357,984,161,357,984,161,357,984,1
357,328,981,357,328,981,357,328,981,1
328,311,956,328,311,956,328,311,956,1
311,121,1027,311,121,1027,311,121,1027,1
121,205,1093,121,205,1093,121,205,1093,1
205,131,972,205,131,972,205,131,972,1
131,190,1032,131,190,1032,131,190,1032,1
190,128,979,190,128,979,190,128,979,1
128,197,1044,128,197,1044,128,197,1044,1
197,309,960,197,309,960,197,309,960,1
309,326,972,309,326,972,309,326,972,1
326,371,959,326,371,959,326,371,959,1
371,379,969,371,379,969,371,379,969,1
379,388,965,379,388,965,379,388,965,1
388,371,966,388,371,966,388,371,966,1
371,126,993,371,126,993,371,126,993,1
126,242,1050,126,242,1050,126,242,1050,1
242,346,962,242,346,962,242,346,962,1
346,334,955,346,334,955,346,334,955,1
334,121,973,334,121,973,334,121,973,1
121,198,1012,121,198,1012,121,198,1012,1
198,121,949,198,121,949,198,121,949,1
121,207,1031,121,207,1031,121,207,1031,1
207,369,946,207,369,946,207,369,946,1
369,413,941,369,413,941,369,413,941,1
413,386,960,413,386,960,413,386,960,1
386,209,972,386,209,972,386,209,972,1
209,135,973,209,135,973,209,135,973,1
135,123,964,135,123,964,135,123,964,1
123,231,1045,123,231,1045,123,231,1045,1
231,129,949,231,129,949,231,129,949,1
129,265,1037,129,265,1037,129,265,1037,1
265,221,941,265,221,941,265,221,941,1
221,178,931,221,178,931,221,178,931,1
178,275,942,178,275,942,178,275,942,1
275,244,934,275,244,934,275,244,934,1
244,235,1062,244,235,1062,244,235,1062,1
235,355,941,235,355,941,235,355,941,1
355,261,953,355,261,953,355,261,953,1
261,208,962,261,208,962,261,208,962,1
208,297,994,208,297,994,208,297,994,1
297,132,964,297,132,964,297,132,964,1
132,246,1086,132,246,1086,132,246,1086,1
246,126,945,246,126,945,246,126,945,1
126,228,1071,126,228,1071,126,228,1071,1
228,214,971,228,214,971,228,214,971,1
214,201,1029,214,201,1029,214,201,1029,1
201,180,1119,201,180,1119,201,180,1119,1
180,303,948,180,303,948,180,303,948,1
303,121,920,303,121,920,303,121,920,1
121,201,1055,121,201,1055,121,201,1055,1
201,315,924,201,315,924,201,315,924,1
315,126,921,315,126,921,315,126,921,1
126,187,1050,126,187,1050,126,187,1050,1
187,308,943,187,308,943,187,308,943,1
308,286,905,308,286,905,308,286,905,1
286,271,913,286,271,913,286,271,913,1
271,274,901,271,274,901,271,274,901,1
274,280,922,274,280,922,274,280,922,1
280,287,892,280,287,892,280,287,892,1
287,277,887,287,277,887,287,277,887,-1
277,145,907,277,145,907,277,145,907,1
145,135,976,145,135,976,145,135,976,1
135,274,916,135,274,916,135,274,916,1
274,263,915,274,263,915,274,263,915,1
263,258,918,263,258,918,263,258,918,1
258,247,918,258,247,918,258,247,918,1
247,263,958,247,263,958,247,263,958,1
263,283,958,263,283,958,263,283,958,1
283,301,930,283,301,930,283,301,930,1
301,198,943,301,198,943,301,198,943,1
198,138,998,198,138,998,198,138,998,1
138,198,911,138,198,911,138,198,911,1
198,162,977,198,162,977,198,162,977,1
162,177,913,162,177,913,162,177,913,1
177,417,1086,177,417,1086,177,417,1086,1
417,168,892,417,168,892,417,168,892,1
168,173,946,168,173,946,168,173,946,1
173,175,897,173,175,897,173,175,897,1
175,158,951,175,158,951,175,158,951,1
158,326,926,158,326,926,158,326,926,1
326,203,932,326,203,932,326,203,932,1
203,147,982,203,147,982,203,147,982,1
147,354,907,147,354,907,147,354,907,1
354,179,924,354,179,924,354,179,924,1
179,411,1064,179,411,1064,179,411,1064,1
411,163,953,411,163,953,411,163,953,1
163,176,1004,163,176,1004,163,176,1004,1
176,360,929,176,360,929,176,360,929,1
360,186,926,360,186,926,360,186,926,1
186,160,926,186,160,926,186,160,926,1
160,202,877,160,202,877,160,202,877,1
202,200,949,202,200,949,202,200,949,1
200,245,966,200,245,966,200,245,966,1
245,215,927,245,215,927,245,215,927,1
215,126,974,215,126,974,215,126,974,1
126,351,915,126,351,915,126,351,915,1
351,129,933,351,129,933,351,129,933,1
129,217,994,129,217,994,129,217,994,1
217,320,872,217,320,872,217,320,872,1
320,305,906,320,305,906,320,305,906,1
305,305,931,305,305,931,305,305,931,1
305,191,959,305,191,959,305,191,959,1
191,141,1014,191,141,1014,191,141,1014,1
141,334,939,141,334,939,141,334,939,1
334,124,916,334,124,916,334,124,916,1
124,221,1033,124,221,1033,124,221,1033,1
221,121,944,221,121,944,221,121,944,-1
121,239,1077,121,239,1077,121,239,1077,1
239,128,935,239,128,935,239,128,935,1
128,241,1052,128,241,1052,128,241,1052,1
241,203,941,241,203,941,241,203,941,1
203,139,1005,203,139,1005,203,139,1005,1
139,191,937,139,191,937,139,191,937,1
191,135,988,191,135,988,191,135,988,1
135,320,920,135,320,920,135,320,920,1
320,193,930,320,193,930,320,193,930,1
193,140,1006,193,140,1006,193,140,1006,1
140,219,938,140,219,938,140,219,938,1
219,156,998,219,156,998,219,156,998,1
156,122,933,156,122,933,156,122,933,1
122,237,1057,122,237,1057,122,237,1057,1
237,333,926,237,333,926,237,333,926,1
333,326,933,333,326,933,333,326,933,1
326,195,957,326,195,957,326,195,957,1
195,152,1023,195,152,1023,195,152,1023,1
152,190,971,152,190,971,152,190,971,1
190,180,1035,190,180,1035,190,180,1035,-1
180,211,955,180,211,955,180,211,955,1
211,151,996,211,151,996,211,151,996,1
151,346,943,151,346,943,151,346,943,1
346,228,947,346,228,947,346,228,947,1
228,122,1000,228,122,1000,228,122,1000,1
122,341,938,122,341,938,122,341,938,1
341,320,923,341,320,923,341,320,923,1
320,315,970,320,315,970,320,315,970,1
315,323,924,315,323,924,315,323,924,1
323,222,919,323,222,919,323,222,919,1
222,201,999,222,201,999,222,201,999,1
201,207,1022,201,207,1022,201,207,1022,1
207,302,963,207,302,963,207,302,963,1
302,293,964,302,293,964,302,293,964,1
293,288,906,293,288,906,293,288,906,1
288,312,932,288,312,932,288,312,932,1
312,317,927,312,317,927,312,317,927,1
317,316,919,317,316,919,317,316,919,1
316,314,968,316,314,968,316,314,968,1
314,288,932,314,288,932,314,288,932,1
288,271,934,288,271,934,288,271,934,1
271,297,948,271,297,948,271,297,948,1
297,309,943,297,309,943,297,309,943,1
309,210,955,309,210,955,309,210,955,1
210,128,985,210,128,985,210,128,985,1
128,125,949,128,125,949,128,125,949,1
125,220,1066,125,220,1066,125,220,1066,1
220,324,925,220,324,925,220,324,925,1
324,309,921,324,309,921,324,309,921,1
309,312,943,309,312,943,309,312,943,1
312,319,935,312,319,935,312,319,935,1
319,339,934,319,339,934,319,339,934,1
339,122,917,339,122,917,339,122,917,1
122,239,1075,122,239,1075,122,239,1075,1
239,126,914,239,126,914,239,126,914,1
126,233,1051,126,233,1051,126,233,1051,1
233,121,940,233,121,940,233,121,940,1
121,210,1027,121,210,1027,121,210,1027,1
210,315,938,210,315,938,210,315,938,1
315,190,977,315,190,977,315,190,977,1
190,128,1020,190,128,1020,190,128,1020,1
128,320,987,128,320,987,128,320,987,1
320,193,977,320,193,977,320,193,977,1
193,127,991,193,127,991,193,127,991,1
127,330,974,127,330,974,127,330,974,1
330,343,982,330,343,982,330,343,982,1
343,203,981,343,203,981,343,203,981,1
203,137,981,203,137,981,203,137,981,1
137,314,968,137,314,968,137,314,968,1
314,196,1006,314,196,1006,314,196,1006,1
196,124,998,196,124,998,196,124,998,1
124,200,997,124,200,997,124,200,997,1
200,140,978,200,140,978,200,140,978,1
140,238,992,140,238,992,140,238,992,1
238,124,956,238,124,956,238,124,956,1
124,353,988,124,353,988,124,353,988,1
353,342,1005,353,342,1005,353,342,1005,1
342,347,995,342,347,995,342,347,995,1
347,190,1004,347,190,1004,347,190,1004,1
190,136,985,190,136,985,190,136,985,1
136,194,1014,136,194,1014,136,194,1014,1
194,133,1006,194,133,1006,194,133,1006,1
133,126,1017,133,126,1017,133,126,1017,1
126,234,1069,126,234,1069,126,234,1069,1
234,216,989,234,216,989,234,216,989,-1
216,127,973,216,127,973,216,127,973,1
127,358,1001,127,358,1001,127,358,1001,1
358,121,1032,358,121,1032,358,121,1032,1
121,219,1047,121,219,1047,121,219,1047,1
219,322,1003,219,322,1003,219,322,1003,-1
322,326,1019,322,326,1019,322,326,1019,-1
326,317,1002,326,317,1002,326,317,1002,-1
317,320,1001,317,320,1001,317,320,1001,1
320,317,1004,320,317,1004,320,317,1004,-1
317,123,1008,317,123,1008,317,123,1008,1
123,207,1057,123,207,1057,123,207,1057,-1
207,306,993,207,306,993,207,306,993,-1
306,318,999,306,318,999,306,318,999,1
318,202,994,318,202,994,318,202,994,1
202,143,980,202,143,980,202,143,980,-1
143,210,985,143,210,985,143,210,985,1
210,154,976,210,154,976,210,154,976,-1
154,200,1000,154,200,1000,154,200,1000,1
200,166,985,200,166,985,200,166,985,1
166,212,995,166,212,995,166,212,995,1
212,157,987,212,157,987,212,157,987,-1
157,210,992,157,210,992,157,210,992,1
210,145,963,210,145,963,210,145,963,-1
145,202,976,145,202,976,145,202,976,1
202,126,973,202,126,973,202,126,973,1
126,333,975,126,333,975,126,333,975,1
333,202,979,333,202,979,333,202,979,-1
202,145,975,202,145,975,202,145,975,-1
145,125,990,145,125,990,145,125,990,1
125,218,1045,125,218,1045,125,218,1045,1
218,124,990,218,124,990,218,124,990,-1
124,227,1052,124,227,1052,124,227,1052,1
227,210,990,227,210,990,227,210,990,-1
210,140,984,210,140,984,210,140,984,1
140,197,989,140,197,989,140,197,989,1
197,128,975,197,128,975,197,128,975,1
128,322,991,128,322,991,128,322,991,-1
322,198,986,322,198,986,322,198,986,1
198,161,981,198,161,981,198,161,981,1
161,126,979,161,126,979,161,126,979,-1
126,234,1042,126,234,1042,126,234,1042,-1
234,126,981,234,126,981,234,126,981,1
126,237,1051,126,237,1051,126,237,1051,-1
237,364,984,237,364,984,237,364,984,1
364,203,977,364,203,977,364,203,977,1
203,147,961,203,147,961,203,147,961,-1
147,195,983,147,195,983,147,195,983,-1
195,141,981,195,141,981,195,141,981,1
141,333,977,141,333,977,141,333,977,-1
333,216,962,333,216,962,333,216,962,-1
216,128,958,216,128,958,216,128,958,1
128,203,970,128,203,970,128,203,970,-1
203,147,975,203,147,975,203,147,975,1
147,213,967,147,213,967,147,213,967,-1
213,160,970,213,160,970,213,160,970,1
160,200,965,160,200,965,160,200,965,-1
200,149,958,200,149,958,200,149,958,1
149,198,952,149,198,952,149,198,952,-1
198,235,976,198,235,976,198,235,976,1
235,220,1044,235,220,1044,235,220,1044,-1
220,206,956,220,206,956,220,206,956,1
206,152,972,206,152,972,206,152,972,-1
152,361,949,152,361,949,152,361,949,1
361,123,944,361,123,944,361,123,944,-1
123,236,1029,123,236,1029,123,236,1029,1
236,202,941,236,202,941,236,202,941,-1
202,131,976,202,131,976,202,131,976,1
131,310,929,131,310,929,131,310,929,-1
310,195,951,310,195,951,310,195,951,1
195,228,996,195,228,996,195,228,996,-1
228,198,1050,228,198,1050,228,198,1050,1
198,299,935,198,299,935,198,299,935,-1
299,121,947,299,121,947,299,121,947,1
121,184,1056,121,184,1056,121,184,1056,-1
184,305,931,184,305,931,184,305,931,1
305,294,926,305,294,926,305,294,926,-1
294,289,949,294,289,949,294,289,949,1
289,183,939,289,183,939,289,183,939,-1
183,227,1011,183,227,1011,183,227,1011,1
227,196,1049,227,196,1049,227,196,1049,-1
196,339,941,196,339,941,196,339,941,1
339,125,941,339,125,941,339,125,941,-1
125,253,1031,125,253,1031,125,253,1031,1
253,372,939,253,372,939,253,372,939,-1
372,344,950,372,344,950,372,344,950,1
344,196,970,344,196,970,344,196,970,-1
196,153,1018,196,153,1018,196,153,1018,1
153,210,965,153,210,965,153,210,965,-1
210,134,970,210,134,970,210,134,970,1
134,364,957,134,364,957,134,364,957,-1
364,122,956,364,122,956,364,122,956,1
122,271,1073,122,271,1073,122,271,1073,-1
271,198,937,271,198,937,271,198,937,1
198,173,981,198,173,981,198,173,981,-1
173,233,958,173,233,958,173,233,958,1
233,202,981,233,202,981,233,202,981,-1
202,264,1002,202,264,1002,202,264,1002,1
264,201,947,264,201,947,264,201,947,-1
201,158,998,201,158,998,201,158,998,1
158,360,961,158,360,961,158,360,961,-1
360,125,955,360,125,955,360,125,955,1
125,240,1079,125,240,1079,125,240,1079,-1
240,125,955,240,125,955,240,125,955,1
125,231,1060,125,231,1060,125,231,1060,-1
231,335,956,231,335,956,231,335,956,1
335,337,962,335,337,962,335,337,962,-1
337,195,949,337,195,949,337,195,949,1
195,151,987,195,151,987,195,151,987,-1
151,365,935,151,365,935,151,365,935,1
365,127,952,365,127,952,365,127,952,-1
127,234,1047,127,234,1047,127,234,1047,1
234,210,926,234,210,926,234,210,926,-1
210,155,980,210,155,980,210,155,980,1
155,199,922,155,199,922,155,199,922,-1
199,143,967,199,143,967,199,143,967,1
143,334,947,143,334,947,143,334,947,-1
334,202,930,334,202,930,334,202,930,1
202,157,970,202,157,970,202,157,970,-1
157,124,924,157,124,924,157,124,924,1
124,235,1049,124,235,1049,124,235,1049,-1
235,125,928,235,125,928,235,125,928,1
125,230,1047,125,230,1047,125,230,1047,-1
230,356,921,230,356,921,230,356,921,1
356,340,931,356,340,931,356,340,931,-1
340,191,936,340,191,936,340,191,936,1
191,249,959,191,249,959,191,249,959,-1
249,167,957,249,167,957,249,167,957,1
167,212,935,167,212,935,167,212,935,-1
212,134,992,212,134,992,212,134,992,1
134,169,937,134,169,937,134,169,937,-1
169,195,980,169,195,980,169,195,980,1
195,208,911,195,208,911,195,208,911,-1
208,155,980,208,155,980,208,155,980,1
155,180,934,155,180,934,155,180,934,-1
180,150,970,180,150,970,180,150,970,1
150,173,956,150,173,956,150,173,956,-1
173,142,973,173,142,973,173,142,973,1
142,310,938,142,310,938,142,310,938,-1
310,217,945,310,217,945,310,217,945,1
217,197,961,217,197,961,217,197,961,-1
197,239,979,197,239,979,197,239,979,1
239,324,940,239,324,940,239,324,940,-1
324,202,929,324,202,929,324,202,929,1
202,125,979,202,125,979,202,125,979,-1
125,330,934,125,330,934,125,330,934,1
330,182,949,330,182,949,330,182,949,-1
182,147,990,182,147,990,182,147,990,1
147,194,943,147,194,943,147,194,943,-1
194,134,988,194,134,988,194,134,988,1
134,339,971,134,339,971,134,339,971,-1
339,121,945,339,121,945,339,121,945,1
121,232,1062,121,232,1062,121,232,1062,-1
232,212,950,232,212,950,232,212,950,1
212,163,983,212,163,983,212,163,983,-1
163,197,942,163,197,942,163,197,942,1
197,163,993,197,163,993,197,163,993,-1
163,348,965,163,348,965,163,348,965,1
348,372,954,348,372,954,348,372,954,-1
372,212,960,372,212,960,372,212,960,1
212,181,976,212,181,976,212,181,976,-1
181,123,965,181,123,965,181,123,965,1
123,279,1093,123,279,1093,123,279,1093,-1
279,122,986,279,122,986,279,122,986,1
122,259,1096,122,259,1096,122,259,1096,-1
259,212,973,259,212,973,259,212,973,1
212,153,998,212,153,998,212,153,998,-1
153,189,973,153,189,973,153,189,973,1
189,170,1016,189,170,1016,189,170,1016,-1
170,346,967,170,346,967,170,346,967,1
346,125,972,346,125,972,346,125,972,-1
125,235,1068,125,235,1068,125,235,1068,1
235,124,955,235,124,955,235,124,955,-1
124,236,1078,124,236,1078,124,236,1078,1
236,125,960,236,125,960,236,125,960,-1
125,210,1076,125,210,1076,125,210,1076,1
210,331,978,210,331,978,210,331,978,-1
331,196,974,331,196,974,331,196,974,1
196,124,960,196,124,960,196,124,960,-1
124,308,970,124,308,970,124,308,970,1
308,319,1000,308,319,1000,308,319,1000,-1
319,320,994,319,320,994,319,320,994,1
320,325,992,320,325,992,320,325,992,-1
325,122,1012,325,122,1012,325,122,1012,1
122,187,1030,122,187,1030,122,187,1030,-1
187,290,996,187,290,996,187,290,996,1
290,299,997,290,299,997,290,299,997,-1
299,295,1009,299,295,1009,299,295,1009,1
295,201,1000,295,201,1000,295,201,1000,-1
201,123,969,201,123,969,201,123,969,1
123,339,978,123,339,978,123,339,978,-1
339,328,971,339,328,971,339,328,971,1
328,327,1014,328,327,1014,328,327,1014,-1
327,204,992,327,204,992,327,204,992,1
204,133,971,204,133,971,204,133,971,-1
133,190,1010,133,190,1010,133,190,1010,1
190,128,984,190,128,984,190,128,984,-1
128,184,975,128,184,975,128,184,975,1
184,202,956,184,202,956,184,202,956,-1
202,221,978,202,221,978,202,221,978,1
221,331,1008,221,331,1008,221,331,1008,-1
331,123,998,331,123,998,331,123,998,1
123,217,1022,123,217,1022,123,217,1022,-1
217,203,995,217,203,995,217,203,995,1
203,142,983,203,142,983,203,142,983,-1
142,188,1002,142,188,1002,142,188,1002,1
188,146,970,188,146,970,188,146,970,-1
146,184,985,146,184,985,146,184,985,1
184,234,984,184,234,984,184,234,984,-1
234,203,1054,234,203,1054,234,203,1054,1
203,345,1017,203,345,1017,203,345,1017,-1
345,208,1009,345,208,1009,345,208,1009,1
208,141,995,208,141,995,208,141,995,-1
141,123,1005,141,123,1005,141,123,1005,-1
123,213,1034,123,213,1034,123,213,1034,1
213,326,998,213,326,998,213,326,998,-1
326,193,1019,326,193,1019,326,193,1019,1
193,129,1003,193,129,1003,193,129,1003,-1
129,189,1007,129,189,1007,129,189,1007,-1
189,137,983,189,137,983,189,137,983,1
137,322,986,137,322,986,137,322,986,-1
322,201,1005,322,201,1005,322,201,1005,1
201,136,1012,201,136,1012,201,136,1012,-1
136,230,1022,136,230,1022,136,230,1022,1
230,207,998,230,207,998,230,207,998,-1
207,148,1007,207,148,1007,207,148,1007,1
148,121,982,148,121,982,148,121,982,-1
121,196,998,121,196,998,121,196,998,1
196,137,993,196,137,993,196,137,993,-1
137,187,987,137,187,987,137,187,987,1
187,140,990,187,140,990,187,140,990,-1
140,315,978,140,315,978,140,315,978,1
315,200,971,315,200,971,315,200,971,-1
200,127,992,200,127,992,200,127,992,1
127,220,1005,127,220,1005,127,220,1005,-1
220,125,988,220,125,988,220,125,988,1
125,217,995,125,217,995,125,217,995,-1
217,135,1002,217,135,1002,217,135,1002,1
135,195,997,135,195,997,135,195,997,-1
195,200,985,195,200,985,195,200,985,1
200,237,1003,200,237,1003,200,237,1003,-1
237,206,1009,237,206,1009,237,206,1009,1
206,125,992,206,125,992,206,125,992,-1
125,360,978,125,360,978,125,360,978,-1
360,121,983,360,121,983,360,121,983,1
121,240,1075,121,240,1075,121,240,1075,1
240,343,979,240,343,979,240,343,979,-1
343,203,959,343,203,959,343,203,959,-1
203,200,973,203,200,973,203,200,973,1
200,211,984,200,211,984,200,211,984,-1
211,288,962,211,288,962,211,288,962,-1
288,308,949,288,308,949,288,308,949,1
308,216,928,308,216,928,308,216,928,-1
216,128,978,216,128,978,216,128,978,1
128,124,939,128,124,939,128,124,939,-1
124,228,1056,124,228,1056,124,228,1056,1
228,206,959,228,206,959,228,206,959,-1
206,159,998,206,159,998,206,159,998,-1
159,188,957,159,188,957,159,188,957,1
188,178,992,188,178,992,188,178,992,1
178,364,956,178,364,956,178,364,956,1
364,195,977,364,195,977,364,195,977,1
195,148,983,195,148,983,195,148,983,-1
148,200,961,148,200,961,148,200,961,-1
200,157,1000,200,157,1000,200,157,1000,1
157,125,953,157,125,953,157,125,953,1
125,235,1060,125,235,1060,125,235,1060,1
235,204,945,235,204,945,235,204,945,1
204,131,989,204,131,989,204,131,989,-1
131,199,958,131,199,958,131,199,958,-1
199,142,990,199,142,990,199,142,990,1
142,194,940,142,194,940,142,194,940,-1
194,139,981,194,139,981,194,139,981,1
139,337,931,139,337,931,139,337,931,-1
337,355,949,337,355,949,337,355,949,-1
355,122,927,355,122,927,355,122,927,1
122,229,1028,122,229,1028,122,229,1028,1
229,209,916,229,209,916,229,209,916,-1
209,132,971,209,132,971,209,132,971,-1
132,334,896,132,334,896,132,334,896,1
334,297,912,334,297,912,334,297,912,-1
297,294,927,297,294,927,297,294,927,1
294,298,895,294,298,895,294,298,895,-1
298,314,900,298,314,900,298,314,900,1
314,305,890,314,305,890,314,305,890,1
305,121,902,305,121,902,305,121,902,1
121,186,1037,121,186,1037,121,186,1037,-1
186,298,880,186,298,880,186,298,880,1
298,186,920,298,186,920,298,186,920,1
186,224,982,186,224,982,186,224,982,-1
224,185,1051,224,185,1051,224,185,1051,1
185,286,924,185,286,924,185,286,924,1
286,186,924,286,186,924,286,186,924,1
186,242,980,186,242,980,186,242,980,1
242,183,1034,242,183,1034,242,183,1034,1
183,300,971,183,300,971,183,300,971,1
300,191,939,300,191,939,300,191,939,1
191,233,1001,191,233,1001,191,233,1001,1
233,158,1037,233,158,1037,233,158,1037,1
158,283,926,158,283,926,158,283,926,1
283,294,949,283,294,949,283,294,949,1
294,305,916,294,305,916,294,305,916,1
305,196,929,305,196,929,305,196,929,1
196,161,993,196,161,993,196,161,993,1
161,126,938,161,126,938,161,126,938,1
126,229,1041,126,229,1041,126,229,1041,1
229,121,937,229,121,937,229,121,937,1
121,211,1048,121,211,1048,121,211,1048,1
211,195,945,211,195,945,211,195,945,1
195,228,993,195,228,993,195,228,993,1
228,177,1006,228,177,1006,228,177,1006,1
177,303,911,177,303,911,177,303,911,1
303,293,883,303,293,883,303,293,883,1
293,123,900,293,123,900,293,123,900,1
123,189,1033,123,189,1033,123,189,1033,1
189,207,902,189,207,902,189,207,902,1
207,252,957,207,252,957,207,252,957,1
252,179,960,252,179,960,252,179,960,1
179,124,897,179,124,897,179,124,897,1
124,183,978,124,183,978,124,183,978,1
183,183,898,183,183,898,183,183,898,1
183,122,984,183,122,984,183,122,984,1
122,189,911,122,189,911,122,189,911,1
189,231,1076,189,231,1076,189,231,1076,1
231,169,934,231,169,934,231,169,934,1
169,127,896,169,127,896,169,127,896,1
127,175,993,127,175,993,127,175,993,1
175,302,896,175,302,896,175,302,896,1
302,291,933,302,291,933,302,291,933,1
291,184,914,291,184,914,291,184,914,1
184,251,1099,184,251,1099,184,251,1099,1
251,203,941,251,203,941,251,203,941,1
203,491,970,203,491,970,203,491,970,1
491,188,890,491,188,890,491,188,890,1
188,407,1094,188,407,1094,188,407,1094,-1
407,290,893,407,290,893,407,290,893,1
290,186,896,290,186,896,290,186,896,1
186,256,1025,186,256,1025,186,256,1025,1
256,131,953,256,131,953,256,131,953,1
131,181,962,131,181,962,131,181,962,1
181,232,1090,181,232,1090,181,232,1090,1
232,192,955,232,192,955,232,192,955,-1
192,293,932,192,293,932,192,293,932,-1
293,121,903,293,121,903,293,121,903,1
121,170,1025,121,170,1025,121,170,1025,-1
170,129,914,170,129,914,170,129,914,-1
129,171,1027,129,171,1027,129,171,1027,1
171,192,900,171,192,900,171,192,900,-1
192,267,1044,192,267,1044,192,267,1044,1
267,189,955,267,189,955,267,189,955,-1
189,186,970,189,186,970,189,186,970,1
186,263,920,186,263,920,186,263,920,-1
263,177,927,263,177,927,263,177,927,-1
177,176,1086,177,176,1086,177,176,1086,1
176,300,1337,176,300,1337,176,300,1337,1
300,126,926,300,126,926,300,126,926,-1
126,291,926,126,291,926,126,291,926,-1
291,183,915,291,183,915,291,183,915,1
183,382,1083,183,382,1083,183,382,1083,-1
382,178,931,382,178,931,382,178,931,1
178,369,1082,178,369,1082,178,369,1082,1
369,282,950,369,282,950,369,282,950,1
282,296,950,282,296,950,282,296,950,-1
296,193,956,296,193,956,296,193,956,-1
193,283,1141,193,283,1141,193,283,1141,1
283,199,987,283,199,987,283,199,987,-1
199,199,1005,199,199,1005,199,199,1005,1
199,182,944,199,182,944,199,182,944,-1
182,176,1030,182,176,1030,182,176,1030,1
176,192,1245,176,192,1245,176,192,1245,1
192,179,931,192,179,931,192,179,931,1
179,173,965,179,173,965,179,173,965,1
173,380,1087,173,380,1087,173,380,1087,1
380,268,963,380,268,963,380,268,963,1
268,193,984,268,193,984,268,193,984,1
193,188,1077,193,188,1077,193,188,1077,-1
188,210,1206,188,210,1206,188,210,1206,1
210,156,885,210,156,885,210,156,885,1
156,163,966,156,163,966,156,163,966,1
163,333,1043,163,333,1043,163,333,1043,1
333,181,973,333,181,973,333,181,973,1
181,342,1063,181,342,1063,181,342,1063,-1
342,186,968,342,186,968,342,186,968,1
186,330,1088,186,330,1088,186,330,1088,1
330,177,984,330,177,984,330,177,984,1
177,328,1070,177,328,1070,177,328,1070,-1
328,168,984,328,168,984,328,168,984,-1
168,312,1099,168,312,1099,168,312,1099,1
312,173,956,312,173,956,312,173,956,-1
173,314,1141,173,314,1141,173,314,1141,1
314,182,996,314,182,996,314,182,996,1
182,350,1150,182,350,1150,182,350,1150,1
350,184,980,350,184,980,350,184,980,-1
184,204,1193,184,204,1193,184,204,1193,-1
204,146,952,204,146,952,204,146,952,1
146,178,988,146,178,988,146,178,988,-1
178,168,1207,178,168,1207,178,168,1207,1
168,154,954,168,154,954,168,154,954,1
154,170,996,154,170,996,154,170,996,1
170,163,1201,170,163,1201,170,163,1201,1
163,178,964,163,178,964,163,178,964,1
178,185,987,178,185,987,178,185,987,1
185,357,1198,185,357,1198,185,357,1198,1
357,189,992,357,189,992,357,189,992,1
189,153,1252,189,153,1252,189,153,1252,1
153,208,980,153,208,980,153,208,980,1
208,175,975,208,175,975,208,175,975,1
175,333,1215,175,333,1215,175,333,1215,1
333,179,973,333,179,973,333,179,973,1
179,206,1282,179,206,1282,179,206,1282,1
206,192,984,206,192,984,206,192,984,1
192,436,982,192,436,982,192,436,982,1
436,186,971,436,186,971,436,186,971,1
186,329,1305,186,329,1305,186,329,1305,1
329,187,1020,329,187,1020,329,187,1020,1
187,320,1328,187,320,1328,187,320,1328,1
320,173,1017,320,173,1017,320,173,1017,1
173,199,1340,173,199,1340,173,199,1340,1
199,121,953,199,121,953,199,121,953,1
121,173,997,121,173,997,121,173,997,1
173,215,1311,173,215,1311,173,215,1311,1
215,125,982,215,125,982,215,125,982,1
125,191,1025,125,191,1025,125,191,1025,1
191,346,1327,191,346,1327,191,346,1327,1
346,182,993,346,182,993,346,182,993,1
182,203,1317,182,203,1317,182,203,1317,1
203,191,993,203,191,993,203,191,993,1
191,394,1002,191,394,1002,191,394,1002,1
394,164,998,394,164,998,394,164,998,1
164,122,1109,164,122,1109,164,122,1109,1
122,203,964,122,203,964,122,203,964,1
203,183,994,203,183,994,203,183,994,1
183,318,1288,183,318,1288,183,318,1288,1
318,181,1018,318,181,1018,318,181,1018,1
181,314,1327,181,314,1327,181,314,1327,1
314,175,973,314,175,973,314,175,973,1
175,178,1310,175,178,1310,175,178,1310,1
178,130,950,178,130,950,178,130,950,-1
130,162,958,130,162,958,130,162,958,1
162,213,1103,162,213,1103,162,213,1103,1
213,288,941,213,288,941,213,288,941,1
288,170,1208,288,170,1208,288,170,1208,1
170,174,963,170,174,963,170,174,963,1
174,178,957,174,178,957,174,178,957,1
178,337,1141,178,337,1141,178,337,1141,1
337,175,976,337,175,976,337,175,976,1
175,198,1239,175,198,1239,175,198,1239,-1
198,279,987,198,279,987,198,279,987,1
279,126,1392,279,126,1392,279,126,1392,-1
126,176,962,126,176,962,126,176,962,1
176,174,979,176,174,979,176,174,979,1
174,164,1257,174,164,1257,174,164,1257,1
164,169,996,164,169,996,164,169,996,1
169,182,994,169,182,994,169,182,994,-1
182,141,1394,182,141,1394,182,141,1394,-1
141,187,983,141,187,983,141,187,983,1
187,167,976,187,167,976,187,167,976,-1
167,326,1128,167,326,1128,167,326,1128,1
326,158,937,326,158,937,326,158,937,-1
158,317,1237,158,317,1237,158,317,1237,-1
317,167,952,317,167,952,317,167,952,1
167,157,1275,167,157,1275,167,157,1275,-1
157,171,999,157,171,999,157,171,999,-1
171,169,947,171,169,947,171,169,947,1
169,350,1170,169,350,1170,169,350,1170,-1
350,181,940,350,181,940,350,181,940,1
181,244,1379,181,244,1379,181,244,1379,-1
244,283,945,244,283,945,244,283,945,1
283,340,1390,283,340,1390,283,340,1390,-1
340,162,934,340,162,934,340,162,934,1
162,201,1229,162,201,1229,162,201,1229,-1
201,151,943,201,151,943,201,151,943,1
151,181,935,151,181,935,151,181,935,-1
181,167,1437,181,167,1437,181,167,1437,1
167,204,989,167,204,989,167,204,989,-1
204,190,900,204,190,900,204,190,900,1
190,176,1456,190,176,1456,190,176,1456,-1
176,167,965,176,167,965,176,167,965,1
167,170,928,167,170,928,167,170,928,-1
170,153,1273,170,153,1273,170,153,1273,1
153,166,960,153,166,960,153,166,960,-1
166,172,940,166,172,940,166,172,940,1
172,198,1296,172,198,1296,172,198,1296,-1
198,128,953,198,128,953,198,128,953,-1
128,185,925,128,185,925,128,185,925,1
185,150,1470,185,150,1470,185,150,1470,1
150,179,1004,150,179,1004,150,179,1004,1
179,187,953,179,187,953,179,187,953,-1
187,326,1442,187,326,1442,187,326,1442,-1
326,173,948,326,173,948,326,173,948,1
173,320,1209,173,320,1209,173,320,1209,-1
320,169,969,320,169,969,320,169,969,1
169,330,1203,169,330,1203,169,330,1203,-1
330,169,933,330,169,933,330,169,933,-1
169,211,1185,169,211,1185,169,211,1185,1
211,149,969,211,149,969,211,149,969,-1
149,179,926,149,179,926,149,179,926,1
179,182,1242,179,182,1242,179,182,1242,-1
182,196,979,182,196,979,182,196,979,1
196,185,915,196,185,915,196,185,915,-1
185,164,1183,185,164,1183,185,164,1183,1
164,172,967,164,172,967,164,172,967,-1
172,172,906,172,172,906,172,172,906,1
172,334,1060,172,334,1060,172,334,1060,1
334,196,911,334,196,911,334,196,911,-1
196,322,888,196,322,888,196,322,888,-1
322,209,912,322,209,912,322,209,912,1
209,330,1416,209,330,1416,209,330,1416,-1
330,182,929,330,182,929,330,182,929,-1
182,226,1278,182,226,1278,182,226,1278,1
226,121,943,226,121,943,226,121,943,-1
121,170,933,121,170,933,121,170,933,1
170,147,1239,170,147,1239,170,147,1239,-1
147,203,989,147,203,989,147,203,989,-1
203,177,931,203,177,931,203,177,931,1
177,380,1292,177,380,1292,177,380,1292,1
380,181,943,380,181,943,380,181,943,-1
181,163,1235,181,163,1235,181,163,1235,-1
163,251,973,163,251,973,163,251,973,1
251,188,931,251,188,931,251,188,931,-1
188,398,1435,188,398,1435,188,398,1435,1
398,171,965,398,171,965,398,171,965,1
171,268,1215,171,268,1215,171,268,1215,1
268,134,929,268,134,929,268,134,929,1
134,177,942,134,177,942,134,177,942,-1
177,163,1261,177,163,1261,177,163,1261,1
163,290,989,163,290,989,163,290,989,1
290,194,931,290,194,931,290,194,931,1
194,287,1453,194,287,1453,194,287,1453,1
287,133,976,287,133,976,287,133,976,-1
133,185,952,133,185,952,133,185,952,1
185,168,1437,185,168,1437,185,168,1437,1
168,249,972,168,249,972,168,249,972,-1
249,178,931,249,178,931,249,178,931,-1
178,261,1223,178,261,1223,178,261,1223,1
261,176,934,261,176,934,261,176,934,-1
176,192,935,176,192,935,176,192,935,-1
192,179,1416,192,179,1416,192,179,1416,1
179,244,937,179,244,937,179,244,937,-1
244,194,939,244,194,939,244,194,939,1
194,272,1331,194,272,1331,194,272,1331,-1
272,125,980,272,125,980,272,125,980,-1
125,187,951,125,187,951,125,187,951,1
187,356,1449,187,356,1449,187,356,1449,1
356,187,951,356,187,951,356,187,951,-1
187,250,1440,187,250,1440,187,250,1440,-1
250,146,931,250,146,931,250,146,931,1
146,189,929,146,189,929,146,189,929,-1
189,242,1315,189,242,1315,189,242,1315,1
242,193,968,242,193,968,242,193,968,1
193,194,945,193,194,945,193,194,945,-1
194,147,1476,194,147,1476,194,147,1476,-1
147,255,1003,147,255,1003,147,255,1003,1
255,180,963,255,180,963,255,180,963,-1
180,162,1408,180,162,1408,180,162,1408,-1
162,252,988,162,252,988,162,252,988,1
252,200,962,252,200,962,252,200,962,-1
200,229,1475,200,229,1475,200,229,1475,1
229,197,974,229,197,974,229,197,974,-1
197,203,993,197,203,993,197,203,993,1
203,386,1454,203,386,1454,203,386,1454,-1
386,193,977,386,193,977,386,193,977,1
193,157,889,193,157,889,193,157,889,-1
157,213,962,157,213,962,157,213,962,-1
213,183,892,213,183,892,213,183,892,1
183,254,1177,183,254,1177,183,254,1177,-1
254,156,960,254,156,960,254,156,960,1
156,197,932,156,197,932,156,197,932,-1
197,158,1460,197,158,1460,197,158,1460,1
158,263,986,158,263,986,158,263,986,-1
263,205,972,263,205,972,263,205,972,1
205,166,1421,205,166,1421,205,166,1421,-1
166,237,992,166,237,992,166,237,992,1
237,182,968,237,182,968,237,182,968,-1
182,384,1344,182,384,1344,182,384,1344,1
384,188,1019,384,188,1019,384,188,1019,-1
188,398,1077,188,398,1077,188,398,1077,1
398,208,983,398,208,983,398,208,983,-1
208,183,1198,208,183,1198,208,183,1198,1
183,202,956,183,202,956,183,202,956,-1
202,185,971,202,185,971,202,185,971,1
185,173,1133,185,173,1133,185,173,1133,-1
173,200,981,173,200,981,173,200,981,1
200,184,976,200,184,976,200,184,976,-1
184,171,1033,184,171,1033,184,171,1033,1
171,260,1215,171,260,1215,171,260,1215,-1
260,151,950,260,151,950,260,151,950,1
151,187,984,151,187,984,151,187,984,-1
187,391,1176,187,391,1176,187,391,1176,1
391,192,1043,391,192,1043,391,192,1043,-1
192,188,1230,192,188,1230,192,188,1230,1
188,240,1204,188,240,1204,188,240,1204,-1
240,158,946,240,158,946,240,158,946,1
158,162,990,158,162,990,158,162,990,-1
162,271,1057,162,271,1057,162,271,1057,1
271,195,954,271,195,954,271,195,954,-1
195,192,977,195,192,977,195,192,977,1
192,158,855,192,158,855,192,158,855,-1
158,143,945,158,143,945,158,143,945,1
143,195,985,143,195,985,143,195,985,-1
195,190,1048,195,190,1048,195,190,1048,1
190,192,968,190,192,968,190,192,968,-1
192,180,980,192,180,980,192,180,980,1
180,348,1021,180,348,1021,180,348,1021,-1
348,182,978,348,182,978,348,182,978,1
182,225,1229,182,225,1229,182,225,1229,-1
225,123,955,225,123,955,225,123,955,1
123,192,1001,123,192,1001,123,192,1001,-1
192,373,1198,192,373,1198,192,373,1198,1
373,187,963,373,187,963,373,187,963,-1
187,195,1170,187,195,1170,187,195,1170,1
195,176,959,195,176,959,195,176,959,-1
176,185,1000,176,185,1000,176,185,1000,-1
185,378,1183,185,378,1183,185,378,1183,1
378,183,979,378,183,979,378,183,979,1
183,264,1296,183,264,1296,183,264,1296,1
264,191,974,264,191,974,264,191,974,-1
191,197,1010,191,197,1010,191,197,1010,1
197,312,875,197,312,875,197,312,875,1
312,192,993,312,192,993,312,192,993,1
192,202,1059,192,202,1059,192,202,1059,1
202,187,951,202,187,951,202,187,951,-1
187,189,930,187,189,930,187,189,930,1
189,194,1334,189,194,1334,189,194,1334,1
194,142,958,194,142,958,194,142,958,1
142,260,992,142,260,992,142,260,992,1
260,200,960,260,200,960,260,200,960,1
200,192,1062,200,192,1062,200,192,1062,1
192,275,1147,192,275,1147,192,275,1147,1
275,142,944,275,142,944,275,142,944,1
142,183,967,142,183,967,142,183,967,-1
183,215,1121,183,215,1121,183,215,1121,1
215,174,917,215,174,917,215,174,917,1
174,175,923,174,175,923,174,175,923,1
175,379,978,175,379,978,175,379,978,1
379,189,973,379,189,973,379,189,973,1
189,231,1385,189,231,1385,189,231,1385,-1
231,168,954,231,168,954,231,168,954,1
168,213,981,168,213,981,168,213,981,1
213,235,898,213,235,898,213,235,898,-1
235,146,919,235,146,919,235,146,919,1
146,283,901,146,283,901,146,283,901,1
283,267,915,283,267,915,283,267,915,-1
267,261,910,267,261,910,267,261,910,-1
261,186,909,261,186,909,261,186,909,1
186,176,1030,186,176,1030,186,176,1030,-1
176,208,1336,176,208,1336,176,208,1336,1
208,175,951,208,175,951,208,175,951,-1
175,288,957,175,288,957,175,288,957,1
288,281,929,288,281,929,288,281,929,-1
281,272,943,281,272,943,281,272,943,-1
272,185,954,272,185,954,272,185,954,1
185,210,1070,185,210,1070,185,210,1070,-1
210,168,978,210,168,978,210,168,978,1
168,183,965,168,183,965,168,183,965,-1
183,175,1422,183,175,1422,183,175,1422,1
175,194,1007,175,194,1007,175,194,1007,-1
194,219,998,194,219,998,194,219,998,1
219,232,916,219,232,916,219,232,916,-1
232,128,984,232,128,984,232,128,984,1
128,163,934,128,163,934,128,163,934,-1
163,199,962,163,199,962,163,199,962,1
199,292,1002,199,292,1002,199,292,1002,-1
292,230,1137,292,230,1137,292,230,1137,1
230,167,965,230,167,965,230,167,965,-1
167,194,948,167,194,948,167,194,948,-1
194,364,879,194,364,879,194,364,879,1
364,211,924,364,211,924,364,211,924,1
211,267,957,211,267,957,211,267,957,-1
267,124,942,267,124,942,267,124,942,-1
124,282,918,124,282,918,124,282,918,1
282,296,934,282,296,934,282,296,934,-1
296,294,917,296,294,917,296,294,917,1
294,310,917,294,310,917,294,310,917,-1
310,182,914,310,182,914,310,182,914,1
182,299,1080,182,299,1080,182,299,1080,-1
299,142,936,299,142,936,299,142,936,1
142,195,926,142,195,926,142,195,926,-1
195,146,1007,195,146,1007,195,146,1007,-1
146,323,937,146,323,937,146,323,937,1
323,326,939,323,326,939,323,326,939,1
326,200,961,326,200,961,326,200,961,-1
200,152,1011,200,152,1011,200,152,1011,-1
152,201,938,152,201,938,152,201,938,1
201,198,993,201,198,993,201,198,993,-1
198,252,1022,198,252,1022,198,252,1022,1
252,200,963,252,200,963,252,200,963,-1
200,149,984,200,149,984,200,149,984,1
149,339,958,149,339,958,149,339,958,-1
339,323,985,339,323,985,339,323,985,-1
323,319,965,323,319,965,323,319,965,1
319,300,958,319,300,958,319,300,958,1
300,311,962,300,311,962,300,311,962,-1
311,204,939,311,204,939,311,204,939,1
204,233,996,204,233,996,204,233,996,1
233,206,1066,233,206,1066,233,206,1066,-1
206,318,949,206,318,949,206,318,949,-1
318,293,983,318,293,983,318,293,983,1
293,293,963,293,293,963,293,293,963,-1
293,292,921,293,292,921,293,292,921,1
292,289,902,292,289,902,292,289,902,-1
289,316,941,289,316,941,289,316,941,1
316,322,917,316,322,917,316,322,917,-1
322,313,899,322,313,899,322,313,899,1
313,202,937,313,202,937,313,202,937,-1
202,229,999,202,229,999,202,229,999,1
229,201,1064,229,201,1064,229,201,1064,-1
201,303,949,201,303,949,201,303,949,1
303,315,964,303,315,964,303,315,964,-1
315,201,963,315,201,963,315,201,963,1
201,143,1005,201,143,1005,201,143,1005,-1
143,334,949,143,334,949,143,334,949,1
334,342,949,334,342,949,334,342,949,-1
342,206,924,342,206,924,342,206,924,1
206,136,992,206,136,992,206,136,992,-1
136,312,959,136,312,959,136,312,959,-1
312,320,965,312,320,965,312,320,965,1
320,343,940,320,343,940,320,343,940,1
343,337,977,343,337,977,343,337,977,1
337,338,960,337,338,960,337,338,960,-1
338,324,922,338,324,922,338,324,922,1
324,316,961,324,316,961,324,316,961,1
316,191,951,316,191,951,316,191,951,1
191,127,992,191,127,992,191,127,992,1
127,298,915,127,298,915,127,298,915,1
298,318,939,298,318,939,298,318,939,1
318,193,933,318,193,933,318,193,933,1
193,142,987,193,142,987,193,142,987,1
142,326,936,142,326,936,142,326,936,1
326,216,937,326,216,937,326,216,937,1
216,227,956,216,227,956,216,227,956,1
227,196,1012,227,196,1012,227,196,1012,1
196,293,925,196,293,925,196,293,925,1
293,284,985,293,284,985,293,284,985,1
284,270,958,284,270,958,284,270,958,1
270,288,953,270,288,953,270,288,953,1
288,296,938,288,296,938,288,296,938,1
296,203,958,296,203,958,296,203,958,1
203,177,1062,203,177,1062,203,177,1062,1
177,183,1258,177,183,1258,177,183,1258,1
183,198,965,183,198,965,183,198,965,1
198,183,1000,198,183,1000,198,183,1000,1
183,351,1095,183,351,1095,183,351,1095,1
351,202,987,351,202,987,351,202,987,1
202,338,931,202,338,931,202,338,931,1
338,188,951,338,188,951,338,188,951,1
188,347,1094,188,347,1094,188,347,1094,1
347,191,979,347,191,979,347,191,979,1
191,343,1100,191,343,1100,191,343,1100,1
343,247,948,343,247,948,343,247,948,1
247,182,937,247,182,937,247,182,937,1
182,170,1042,182,170,1042,182,170,1042,1
170,225,1274,170,225,1274,170,225,1274,1
225,171,937,225,171,937,225,171,937,1
171,190,963,171,190,963,171,190,963,1
190,181,1093,190,181,1093,190,181,1093,1
181,219,1000,181,219,1000,181,219,1000,1
219,272,996,219,272,996,219,272,996,1
272,266,992,272,266,992,272,266,992,1
266,185,945,266,185,945,266,185,945,1
185,154,1104,185,154,1104,185,154,1104,1
154,427,1186,154,427,1186,154,427,1186,1
427,189,1006,427,189,1006,427,189,1006,1
189,421,1013,189,421,1013,189,421,1013,1
421,197,1019,421,197,1019,421,197,1019,1
197,395,950,197,395,950,197,395,950,1
395,265,991,395,265,991,395,265,991,1
265,260,982,265,260,982,265,260,982,1
260,264,996,260,264,996,260,264,996,1
264,273,1002,264,273,1002,264,273,1002,1
273,304,992,273,304,992,273,304,992,1
304,310,974,304,310,974,304,310,974,1
310,195,1000,310,195,1000,310,195,1000,1
195,288,1072,195,288,1072,195,288,1072,1
288,185,962,288,185,962,288,185,962,1
185,209,990,185,209,990,185,209,990,1
209,271,989,209,271,989,209,271,989,1
271,303,994,271,303,994,271,303,994,1
303,210,995,303,210,995,303,210,995,1
210,128,977,210,128,977,210,128,977,1
128,205,977,128,205,977,128,205,977,1
205,241,1070,205,241,1070,205,241,1070,1
241,172,950,241,172,950,241,172,950,1
172,304,992,172,304,992,172,304,992,1
304,282,961,304,282,961,304,282,961,1
282,195,964,282,195,964,282,195,964,1
195,169,1054,195,169,1054,195,169,1054,1
169,188,1111,169,188,1111,169,188,1111,1
188,233,930,188,233,930,188,233,930,1
233,188,971,233,188,971,233,188,971,1
188,427,999,188,427,999,188,427,999,1
427,296,973,427,296,973,427,296,973,1
296,273,959,296,273,959,296,273,959,1
273,186,974,273,186,974,273,186,974,1
186,159,1055,186,159,1055,186,159,1055,1
159,234,1249,159,234,1249,159,234,1249,1
234,180,947,234,180,947,234,180,947,1
180,182,1010,180,182,1010,180,182,1010,1
182,450,1009,182,450,1009,182,450,1009,1
450,299,957,450,299,957,450,299,957,1
299,289,955,299,289,955,299,289,955,1
289,281,954,289,281,954,289,281,954,1
281,276,949,281,276,949,281,276,949,1
276,276,944,276,276,944,276,276,944,1
276,284,962,276,284,962,276,284,962,1
284,306,966,284,306,966,284,306,966,1
306,296,961,306,296,961,306,296,961,1
296,292,955,296,292,955,296,292,955,1
292,299,975,292,299,975,292,299,975,1
299,293,970,299,293,970,299,293,970,1
293,278,985,293,278,985,293,278,985,1
278,275,978,278,275,978,278,275,978,1
275,194,979,275,194,979,275,194,979,1
194,188,987,194,188,987,194,188,987,1
188,228,984,188,228,984,188,228,984,1
228,201,991,228,201,991,228,201,991,1
201,195,972,201,195,972,201,195,972,1
195,205,946,195,205,946,195,205,946,1
205,283,942,205,283,942,205,283,942,1
283,287,933,283,287,933,283,287,933,1
287,187,955,287,187,955,287,187,955,1
187,185,972,187,185,972,187,185,972,1
185,222,959,185,222,959,185,222,959,1
222,306,976,222,306,976,222,306,976,1
306,302,948,306,302,948,306,302,948,1
302,290,947,302,290,947,302,290,947,1
290,296,953,290,296,953,290,296,953,1
296,309,976,296,309,976,296,309,976,1
309,305,938,309,305,938,309,305,938,1
305,193,945,305,193,945,305,193,945,1
193,122,997,193,122,997,193,122,997,1
122,209,964,122,209,964,122,209,964,1
209,210,973,209,210,973,209,210,973,1
210,227,983,210,227,983,210,227,983,1
227,219,958,227,219,958,227,219,958,1
219,214,992,219,214,992,219,214,992,1
214,207,1051,214,207,1051,214,207,1051,1
207,289,906,207,289,906,207,289,906,1
289,211,951,289,211,951,289,211,951,1
211,206,988,211,206,988,211,206,988,1
206,122,1010,206,122,1010,206,122,1010,1
122,145,1004,122,145,1004,122,145,1004,1
145,121,952,145,121,952,145,121,952,1
121,229,1063,121,229,1063,121,229,1063,1
229,313,932,229,313,932,229,313,932,1
313,304,948,313,304,948,313,304,948,1
304,281,919,304,281,919,304,281,919,1
281,290,952,281,290,952,281,290,952,1
290,191,953,290,191,953,290,191,953,1
191,123,999,191,123,999,191,123,999,1
123,201,945,123,201,945,123,201,945,1
201,142,988,201,142,988,201,142,988,1
142,329,958,142,329,958,142,329,958,1
329,359,966,329,359,966,329,359,966,1
359,203,966,359,203,966,359,203,966,1
203,153,1004,203,153,1004,203,153,1004,-1
153,325,959,153,325,959,153,325,959,1
325,347,980,325,347,980,325,347,980,1
347,201,1003,347,201,1003,347,201,1003,1
201,160,1002,201,160,1002,201,160,1002,1
160,121,990,160,121,990,160,121,990,1
121,121,1054,121,121,1054,121,121,1054,1
121,267,1148,121,267,1148,121,267,1148,1
267,186,948,267,186,948,267,186,948,1
186,204,976,186,204,976,186,204,976,1
204,271,916,204,271,916,204,271,916,1
271,136,978,271,136,978,271,136,978,1
136,298,971,136,298,971,136,298,971,1
298,299,924,298,299,924,298,299,924,1
299,208,918,299,208,918,299,208,918,1
208,130,1008,208,130,1008,208,130,1008,1
130,200,943,130,200,943,130,200,943,1
200,182,1081,200,182,1081,200,182,1081,1
182,239,1327,182,239,1327,182,239,1327,-1
239,213,962,239,213,962,239,213,962,1
213,179,965,213,179,965,213,179,965,1
179,297,1073,179,297,1073,179,297,1073,-1
297,143,957,297,143,957,297,143,957,1
143,180,974,143,180,974,143,180,974,1
180,183,1083,180,183,1083,180,183,1083,-1
183,334,1197,183,334,1197,183,334,1197,-1
334,192,957,334,192,957,334,192,957,1
192,127,984,192,127,984,192,127,984,-1
127,323,818,127,323,818,127,323,818,1
323,139,946,323,139,946,323,139,946,-1
139,180,939,139,180,939,139,180,939,1
180,164,1216,180,164,1216,180,164,1216,-1
164,134,993,164,134,993,164,134,993,-1
134,125,970,134,125,970,134,125,970,1
125,185,984,125,185,984,125,185,984,-1
185,205,1285,185,205,1285,185,205,1285,1
205,247,978,205,247,978,205,247,978,-1
247,195,992,247,195,992,247,195,992,1
195,285,1373,195,285,1373,195,285,1373,-1
285,209,995,285,209,995,285,209,995,1
209,186,987,209,186,987,209,186,987,-1
186,279,1334,186,279,1334,186,279,1334,1
279,167,985,279,167,985,279,167,985,-1
167,185,996,167,185,996,167,185,996,1
185,319,1262,185,319,1262,185,319,1262,-1
319,140,977,319,140,977,319,140,977,1
140,184,987,140,184,987,140,184,987,-1
184,498,1265,184,498,1265,184,498,1265,1
498,197,982,498,197,982,498,197,982,-1
197,182,1486,197,182,1486,197,182,1486,1
182,290,1010,182,290,1010,182,290,1010,-1
290,187,1030,290,187,1030,290,187,1030,1
187,175,1415,187,175,1415,187,175,1415,-1
175,135,982,175,135,982,175,135,982,1
135,133,950,135,133,950,135,133,950,-1
133,189,956,133,189,956,133,189,956,1
189,124,1013,189,124,1013,189,124,1013,-1
124,183,1152,124,183,1152,124,183,1152,1
183,188,933,183,188,933,183,188,933,-1
188,209,951,188,209,951,188,209,951,1
209,192,1450,209,192,1450,209,192,1450,-1
192,259,951,192,259,951,192,259,951,1
259,188,947,259,188,947,259,188,947,-1
188,158,984,188,158,984,188,158,984,1
158,321,938,158,321,938,158,321,938,-1
321,192,957,321,192,957,321,192,957,1
192,188,1062,192,188,1062,192,188,1062,-1
188,271,1328,188,271,1328,188,271,1328,1
271,210,950,271,210,950,271,210,950,-1
210,199,980,210,199,980,210,199,980,1
199,315,906,199,315,906,199,315,906,-1
315,163,961,315,163,961,315,163,961,1
163,199,945,163,199,945,163,199,945,-1
199,176,1056,199,176,1056,199,176,1056,1
176,251,1328,176,251,1328,176,251,1328,-1
251,173,946,251,173,946,251,173,946,1
173,197,965,173,197,965,173,197,965,-1
197,337,900,197,337,900,197,337,900,1
337,121,965,337,121,965,337,121,965,-1
121,204,949,121,204,949,121,204,949,1
204,195,1102,204,195,1102,204,195,1102,-1
195,263,961,195,263,961,195,263,961,1
263,329,928,263,329,928,263,329,928,-1
329,185,925,329,185,925,329,185,925,1
185,182,1056,185,182,1056,185,182,1056,-1
182,146,965,182,146,965,182,146,965,1
146,226,910,146,226,910,146,226,910,-1
226,227,1044,226,227,1044,226,227,1044,1
227,122,921,227,122,921,227,122,921,-1
122,173,1054,122,173,1054,122,173,1054,1
173,196,1007,173,196,1007,173,196,1007,-1
196,356,763,196,356,763,196,356,763,-1
356,199,945,356,199,945,356,199,945,1
199,308,878,199,308,878,199,308,878,1
308,121,961,308,121,961,308,121,961,-1
121,194,979,121,194,979,121,194,979,-1
194,299,1400,194,299,1400,194,299,1400,1
299,141,965,299,141,965,299,141,965,-1
141,203,1009,141,203,1009,141,203,1009,1
203,304,1142,203,304,1142,203,304,1142,1
304,164,931,304,164,931,304,164,931,-1
164,126,977,164,126,977,164,126,977,-1
126,222,1030,126,222,1030,126,222,1030,1
222,192,991,222,192,991,222,192,991,-1
192,182,1102,192,182,1102,192,182,1102,-1
182,252,1175,182,252,1175,182,252,1175,1
252,193,969,252,193,969,252,193,969,-1
193,193,1027,193,193,1027,193,193,1027,1
193,282,1116,193,282,1116,193,282,1116,-1
282,203,969,282,203,969,282,203,969,1
203,207,1007,203,207,1007,203,207,1007,-1
207,169,992,207,169,992,207,169,992,1
169,216,1007,169,216,1007,169,216,1007,-1
216,125,991,216,125,991,216,125,991,1
125,356,1000,125,356,1000,125,356,1000,-1
356,201,1010,356,201,1010,356,201,1010,-1
201,467,1061,201,467,1061,201,467,1061,1
467,207,1019,467,207,1019,467,207,1019,-1
207,181,1014,207,181,1014,207,181,1014,1
181,209,1019,181,209,1019,181,209,1019,-1
209,149,979,209,149,979,209,149,979,1
149,377,986,149,377,986,149,377,986,-1
377,204,988,377,204,988,377,204,988,1
204,323,1045,204,323,1045,204,323,1045,-1
323,199,946,323,199,946,323,199,946,1
199,271,987,199,271,987,199,271,987,-1
271,217,990,271,217,990,271,217,990,1
217,206,1071,217,206,1071,217,206,1071,-1
206,158,1076,206,158,1076,206,158,1076,1
158,167,966,158,167,966,158,167,966,-1
167,136,954,167,136,954,167,136,954,1
136,192,1026,136,192,1026,136,192,1026,-1
192,296,1030,192,296,1030,192,296,1030,1
296,148,981,296,148,981,296,148,981,-1
148,194,1017,148,194,1017,148,194,1017,1
194,439,1153,194,439,1153,194,439,1153,-1
439,231,1027,439,231,1027,439,231,1027,1
231,303,1143,231,303,1143,231,303,1143,-1
303,155,946,303,155,946,303,155,946,1
155,201,1014,155,201,1014,155,201,1014,-1
201,140,1038,201,140,1038,201,140,1038,1
140,204,1012,140,204,1012,140,204,1012,-1
204,189,1142,204,189,1142,204,189,1142,1
189,169,1143,189,169,1143,189,169,1143,-1
169,250,957,169,250,957,169,250,957,1
250,190,1006,250,190,1006,250,190,1006,-1
190,287,1164,190,287,1164,190,287,1164,1
287,168,937,287,168,937,287,168,937,-1
168,210,989,168,210,989,168,210,989,1
210,123,1006,210,123,1006,210,123,1006,-1
123,207,1007,123,207,1007,123,207,1007,1
207,186,1154,207,186,1154,207,186,1154,-1
186,227,1229,186,227,1229,186,227,1229,1
227,191,954,227,191,954,227,191,954,-1
191,175,993,191,175,993,191,175,993,1
175,446,1085,175,446,1085,175,446,1085,-1
446,202,988,446,202,988,446,202,988,1
202,449,1183,202,449,1183,202,449,1183,-1
449,201,985,449,201,985,449,201,985,1
201,437,1392,201,437,1392,201,437,1392,-1
437,183,969,437,183,969,437,183,969,-1
183,416,1284,183,416,1284,183,416,1284,1
416,185,979,416,185,979,416,185,979,-1
185,276,1094,185,276,1094,185,276,1094,-1
276,167,942,276,167,942,276,167,942,1
167,202,961,167,202,961,167,202,961,-1
202,203,1461,202,203,1461,202,203,1461,-1
203,256,970,203,256,970,203,256,970,1
256,184,957,256,184,957,256,184,957,-1
184,313,1283,184,313,1283,184,313,1283,1
313,192,977,313,192,977,313,192,977,-1
192,186,1011,192,186,1011,192,186,1011,-1
186,231,860,186,231,860,186,231,860,-1
231,138,952,231,138,952,231,138,952,1
138,198,950,138,198,950,138,198,950,1
198,180,1296,198,180,1296,198,180,1296,1
180,174,977,180,174,977,180,174,977,-1
174,122,968,174,122,968,174,122,968,-1
122,192,962,122,192,962,122,192,962,1
192,336,1255,192,336,1255,192,336,1255,1
336,290,969,336,290,969,336,290,969,-1
290,200,1275,290,200,1275,290,200,1275,-1
200,252,954,200,252,954,200,252,954,1
252,205,932,252,205,932,252,205,932,-1
205,229,1453,205,229,1453,205,229,1453,-1
229,224,936,229,224,936,229,224,936,1
224,205,964,224,205,964,224,205,964,1
205,445,1477,205,445,1477,205,445,1477,1
445,186,961,445,186,961,445,186,961,1
186,437,1260,186,437,1260,186,437,1260,-1
437,182,969,437,182,969,437,182,969,-1
182,300,1285,182,300,1285,182,300,1285,1
300,163,955,300,163,955,300,163,955,1
163,209,956,163,209,956,163,209,956,1
209,314,1500,209,314,1500,209,314,1500,1
314,145,956,314,145,956,314,145,956,1
145,186,953,145,186,953,145,186,953,1
186,442,1290,186,442,1290,186,442,1290,1
442,178,961,442,178,961,442,178,961,1
178,276,1273,178,276,1273,178,276,1273,1
276,172,963,276,172,963,276,172,963,1
172,206,950,172,206,950,172,206,950,1
206,352,1492,206,352,1492,206,352,1492,1
352,298,960,352,298,960,352,298,960,1
298,173,1323,298,173,1323,298,173,1323,1
173,275,989,173,275,989,173,275,989,1
275,186,955,275,186,955,275,186,955,1
186,168,1300,186,168,1300,186,168,1300,1
168,260,974,168,260,974,168,260,974,1
260,189,960,260,189,960,260,189,960,1
189,294,1494,189,294,1494,189,294,1494,1
294,174,944,294,174,944,294,174,944,1
174,197,933,174,197,933,174,197,933,1
197,323,1500,197,323,1500,197,323,1500,1
323,128,942,323,128,942,323,128,942,1
128,187,929,128,187,929,128,187,929,1
187,174,1148,187,174,1148,187,174,1148,1
174,267,935,174,267,935,174,267,935,-1
267,189,942,267,189,942,267,189,942,1
189,315,1520,189,315,1520,189,315,1520,1
315,158,971,315,158,971,315,158,971,1
158,205,959,158,205,959,158,205,959,1
205,309,1529,205,309,1529,205,309,1529,1
309,151,959,309,151,959,309,151,959,-1
151,186,950,151,186,950,151,186,950,-1
186,305,1227,186,305,1227,186,305,1227,1
305,123,962,305,123,962,305,123,962,1
123,185,970,123,185,970,123,185,970,1
185,280,1104,185,280,1104,185,280,1104,1
280,161,952,280,161,952,280,161,952,-1
161,204,965,161,204,965,161,204,965,-1
204,296,1535,204,296,1535,204,296,1535,1
296,142,973,296,142,973,296,142,973,1
142,201,976,142,201,976,142,201,976,1
201,146,1020,201,146,1020,201,146,1020,-1
146,347,955,146,347,955,146,347,955,-1
347,194,952,347,194,952,347,194,952,1
194,259,1105,194,259,1105,194,259,1105,1
259,167,952,259,167,952,259,167,952,-1
167,190,976,167,190,976,167,190,976,-1
190,148,1035,190,148,1035,190,148,1035,1
148,356,968,148,356,968,148,356,968,1
356,121,942,356,121,942,356,121,942,-1
121,223,1126,121,223,1126,121,223,1126,-1
223,202,963,223,202,963,223,202,963,1
202,261,1070,202,261,1070,202,261,1070,1
261,179,941,261,179,941,261,179,941,-1
179,196,962,179,196,962,179,196,962,-1
196,151,988,196,151,988,196,151,988,1
151,347,936,151,347,936,151,347,936,-1
347,359,932,347,359,932,347,359,932,-1
359,363,938,359,363,938,359,363,938,1
363,357,940,363,357,940,363,357,940,1
357,205,959,357,205,959,357,205,959,-1
205,140,972,205,140,972,205,140,972,-1
140,189,940,140,189,940,140,189,940,1
189,174,985,189,174,985,189,174,985,1
174,199,941,174,199,941,174,199,941,-1
199,198,1071,199,198,1071,199,198,1071,-1
198,273,985,198,273,985,198,273,985,1
273,246,970,273,246,970,273,246,970,1
246,155,985,246,155,985,246,155,985,-1
155,373,959,155,373,959,155,373,959,-1
373,366,959,373,366,959,373,366,959,1
366,254,958,366,254,958,366,254,958,1
254,228,950,254,228,950,254,228,950,-1
228,162,1123,228,162,1123,228,162,1123,-1
162,203,1032,162,203,1032,162,203,1032,1
203,193,944,203,193,944,203,193,944,1
193,228,952,193,228,952,193,228,952,-1
228,159,974,228,159,974,228,159,974,-1
159,213,960,159,213,960,159,213,960,1
213,186,1238,213,186,1238,213,186,1238,-1
186,261,978,186,261,978,186,261,978,-1
261,208,994,261,208,994,261,208,994,1
208,163,981,208,163,981,208,163,981,1
163,201,969,163,201,969,163,201,969,-1
201,316,1191,201,316,1191,201,316,1191,-1
316,149,971,316,149,971,316,149,971,1
149,214,1047,149,214,1047,149,214,1047,-1
214,331,1197,214,331,1197,214,331,1197,-1
331,212,1013,331,212,1013,331,212,1013,1
212,126,1052,212,126,1052,212,126,1052,1
126,275,1064,126,275,1064,126,275,1064,-1
275,159,940,275,159,940,275,159,940,-1
159,197,982,159,197,982,159,197,982,1
197,185,1145,197,185,1145,197,185,1145,1
185,172,1133,185,172,1133,185,172,1133,-1
172,286,933,172,286,933,172,286,933,-1
286,207,1004,286,207,1004,286,207,1004,1
207,269,1158,207,269,1158,207,269,1158,1
269,204,931,269,204,931,269,204,931,-1
204,197,991,204,197,991,204,197,991,-1
197,328,1153,197,328,1153,197,328,1153,1
328,198,949,328,198,949,328,198,949,1
198,193,1030,198,193,1030,198,193,1030,-1
193,155,827,193,155,827,193,155,827,-1
155,205,966,155,205,966,155,205,966,1
205,207,1030,205,207,1030,205,207,1030,1
207,316,1187,207,316,1187,207,316,1187,-1
316,154,945,316,154,945,316,154,945,-1
154,201,1008,154,201,1008,154,201,1008,1
201,327,1251,201,327,1251,201,327,1251,1
327,126,979,327,126,979,327,126,979,-1
126,190,1027,126,190,1027,126,190,1027,-1
190,438,1193,190,438,1193,190,438,1193,1
438,201,1012,438,201,1012,438,201,1012,-1
201,296,1260,201,296,1260,201,296,1260,-1
296,163,934,296,163,934,296,163,934,1
163,203,990,163,203,990,163,203,990,-1
203,160,983,203,160,983,203,160,983,-1
160,128,991,160,128,991,160,128,991,1
128,153,1065,128,153,1065,128,153,1065,-1
153,350,990,153,350,990,153,350,990,1
350,193,989,350,193,989,350,193,989,-1
193,437,1286,193,437,1286,193,437,1286,-1
437,127,1013,437,127,1013,437,127,1013,-1
127,166,1099,127,166,1099,127,166,1099,1
166,129,986,166,129,986,166,129,986,-1
129,216,966,129,216,966,129,216,966,-1
216,210,997,216,210,997,216,210,997,1
210,384,1172,210,384,1172,210,384,1172,-1
384,196,1005,384,196,1005,384,196,1005,1
196,216,1159,196,216,1159,196,216,1159,-1
216,203,953,216,203,953,216,203,953,-1
203,194,1011,203,194,1011,203,194,1011,1
194,137,1005,194,137,1005,194,137,1005,-1
137,208,999,137,208,999,137,208,999,-1
208,455,1152,208,455,1152,208,455,1152,1
455,218,1003,455,218,1003,455,218,1003,1
218,311,1180,218,311,1180,218,311,1180,-1
311,144,938,311,144,938,311,144,938,1
144,189,977,144,189,977,144,189,977,1
189,271,1317,189,271,1317,189,271,1317,-1
271,150,969,271,150,969,271,150,969,1
150,199,1018,150,199,1018,150,199,1018,1
199,464,1199,199,464,1199,199,464,1199,-1
464,128,1122,464,128,1122,464,128,1122,-1
128,231,1232,128,231,1232,128,231,1232,1
231,208,1035,231,208,1035,231,208,1035,1
208,435,1178,208,435,1178,208,435,1178,-1
435,200,963,435,200,963,435,200,963,-1
200,149,965,200,149,965,200,149,965,1
149,195,952,149,195,952,149,195,952,-1
195,329,1070,195,329,1070,195,329,1070,-1
329,154,929,329,154,929,329,154,929,1
154,206,975,154,206,975,154,206,975,1
206,308,1235,206,308,1235,206,308,1235,-1
308,177,936,308,177,936,308,177,936,-1
177,197,995,177,197,995,177,197,995,1
197,298,1094,197,298,1094,197,298,1094,1
298,156,948,298,156,948,298,156,948,-1
156,191,1000,156,191,1000,156,191,1000,-1
191,343,1080,191,343,1080,191,343,1080,1
343,130,958,343,130,958,343,130,958,1
130,214,1012,130,214,1012,130,214,1012,1
214,475,1405,214,475,1405,214,475,1405,-1
475,121,994,475,121,994,475,121,994,-1
121,169,1151,121,169,1151,121,169,1151,1
169,198,940,169,198,940,169,198,940,1
198,162,961,198,162,961,198,162,961,-1
162,184,1002,162,184,1002,162,184,1002,-1
184,267,1266,184,267,1266,184,267,1266,1
267,198,991,267,198,991,267,198,991,1
198,207,1017,198,207,1017,198,207,1017,-1
207,476,1281,207,476,1281,207,476,1281,1
476,125,1012,476,125,1012,476,125,1012,-1
125,165,1148,125,165,1148,125,165,1148,1
165,227,952,165,227,952,165,227,952,1
227,144,955,227,144,955,227,144,955,1
144,186,982,144,186,982,144,186,982,1
186,274,1081,186,274,1081,186,274,1081,-1
274,156,916,274,156,916,274,156,916,-1
156,326,960,156,326,960,156,326,960,1
326,124,927,326,124,927,326,124,927,-1
124,228,1079,124,228,1079,124,228,1079,1
228,207,941,228,207,941,228,207,941,1
207,224,1086,207,224,1086,207,224,1086,1
224,257,945,224,257,945,224,257,945,1
257,207,928,257,207,928,257,207,928,1
207,144,959,207,144,959,207,144,959,1
144,209,938,144,209,938,144,209,938,-1
209,127,984,209,127,984,209,127,984,-1
127,230,935,127,230,935,127,230,935,1
230,146,973,230,146,973,230,146,973,-1
146,122,928,146,122,928,146,122,928,1
122,286,1125,122,286,1125,122,286,1125,1
286,382,911,286,382,911,286,382,911,-1
382,233,915,382,233,915,382,233,915,-1
233,156,972,233,156,972,233,156,972,-1
156,385,942,156,385,942,156,385,942,1
385,383,952,385,383,952,385,383,952,-1
383,371,933,383,371,933,383,371,933,1
371,263,932,371,263,932,371,263,932,-1
263,130,963,263,130,963,263,130,963,-1
130,206,932,130,206,932,130,206,932,1
206,190,986,206,190,986,206,190,986,-1
190,382,938,190,382,938,190,382,938,-1
382,208,931,382,208,931,382,208,931,1
208,161,968,208,161,968,208,161,968,-1
161,216,921,161,216,921,161,216,921,1
216,159,962,216,159,962,216,159,962,-1
159,415,927,159,415,927,159,415,927,1
415,219,929,415,219,929,415,219,929,-1
219,188,983,219,188,983,219,188,983,1
188,220,915,188,220,915,188,220,915,-1
220,165,948,220,165,948,220,165,948,1
165,365,922,165,365,922,165,365,922,-1
365,238,919,365,238,919,365,238,919,1
238,154,944,238,154,944,238,154,944,-1
154,218,927,154,218,927,154,218,927,1
218,186,941,218,186,941,218,186,941,-1
186,378,918,186,378,918,186,378,918,1
378,385,925,378,385,925,378,385,925,-1
385,368,911,385,368,911,385,368,911,1
368,201,930,368,201,930,368,201,930,-1
201,179,953,201,179,953,201,179,953,-1
179,217,915,179,217,915,179,217,915,1
217,164,952,217,164,952,217,164,952,-1
164,384,920,164,384,920,164,384,920,-1
384,400,924,384,400,924,384,400,924,1
400,126,919,400,126,919,400,126,919,1
126,230,1069,126,230,1069,126,230,1069,-1
230,351,937,230,351,937,230,351,937,-1
351,211,890,351,211,890,351,211,890,1
211,176,931,211,176,931,211,176,931,-1
176,387,899,176,387,899,176,387,899,-1
387,372,895,387,372,895,387,372,895,1
372,212,897,372,212,897,372,212,897,-1
212,172,971,212,172,971,212,172,971,1
172,367,901,172,367,901,172,367,901,-1
367,366,914,367,366,914,367,366,914,-1
366,236,883,366,236,883,366,236,883,1
236,199,926,236,199,926,236,199,926,1
199,267,998,199,267,998,199,267,998,-1
267,392,921,267,392,921,267,392,921,-1
392,126,945,392,126,945,392,126,945,1
126,127,1128,126,127,1128,126,127,1128,-1
127,164,983,127,164,983,127,164,983,1
164,407,938,164,407,938,164,407,938,-1
407,398,938,407,398,938,407,398,938,-1
398,204,943,398,204,943,398,204,943,-1
204,195,989,204,195,989,204,195,989,1
195,402,940,195,402,940,195,402,940,1
402,123,925,402,123,925,402,123,925,1
123,162,1129,123,162,1129,123,162,1129,1
162,121,972,162,121,972,162,121,972,-1
121,233,928,121,233,928,121,233,928,1
233,161,973,233,161,973,233,161,973,1
161,376,922,161,376,922,161,376,922,1
376,362,935,376,362,935,376,362,935,-1
362,216,934,362,216,934,362,216,934,-1
216,182,964,216,182,964,216,182,964,1
