196,196,992,196,196,992,196,196,992,-1
196,315,953,196,315,953,196,315,953,1
315,321,950,315,321,950,315,321,950,1
321,123,931,321,123,931,321,123,931,1
123,213,989,123,213,989,123,213,989,1
213,343,926,213,343,926,213,343,926,1
343,128,938,343,128,938,343,128,938,1
128,197,966,128,197,966,128,197,966,1
197,202,916,197,202,916,197,202,916,1
202,231,950,202,231,950,202,231,950,1
231,193,1004,231,193,1004,231,193,1004,1
193,122,953,193,122,953,193,122,953,1
122,187,992,122,187,992,122,187,992,1
187,329,942,187,329,942,187,329,942,1
329,130,948,329,130,948,329,130,948,1
130,200,994,130,200,994,130,200,994,1
200,330,941,200,330,941,200,330,941,1
330,322,946,330,322,946,330,322,946,1
322,121,956,322,121,956,322,121,956,1
121,206,1013,121,206,1013,121,206,1013,1
206,319,959,206,319,959,206,319,959,1
319,312,947,319,312,947,319,312,947,1
312,328,954,312,328,954,312,328,954,1
328,123,944,328,123,944,328,123,944,1
123,207,995,123,207,995,123,207,995,1
207,324,939,207,324,939,207,324,939,1
324,124,947,324,124,947,324,124,947,1
124,181,1011,124,181,1011,124,181,1011,1
181,302,959,181,302,959,181,302,959,1
302,313,955,302,313,955,302,313,955,1
313,123,936,313,123,936,313,123,936,1
123,197,982,123,197,982,123,197,982,1
197,323,927,197,323,927,197,323,927,1
323,320,932,323,320,932,323,320,932,1
320,309,924,320,309,924,320,309,924,1
309,307,927,309,307,927,309,307,927,1
307,304,946,307,304,946,307,304,946,1
304,295,945,304,295,945,304,295,945,1
295,123,952,295,123,952,295,123,952,1
123,185,1013,123,185,1013,123,185,1013,1
185,124,957,185,124,957,185,124,957,1
124,200,1028,124,200,1028,124,200,1028,1
200,134,961,200,134,961,200,134,961,1
134,195,1005,134,195,1005,134,195,1005,1
195,182,964,195,182,964,195,182,964,1
182,127,983,182,127,983,182,127,983,1
127,180,943,127,180,943,127,180,943,1
180,122,953,180,122,953,180,122,953,1
122,124,910,122,124,910,122,124,910,1
124,168,945,124,168,945,124,168,945,1
168,208,903,168,208,903,168,208,903,1
208,188,961,208,188,961,208,188,961,1
188,179,994,188,179,994,188,179,994,1
179,122,937,179,122,937,179,122,937,1
122,169,1024,122,169,1024,122,169,1024,1
169,287,972,169,287,972,169,287,972,1
287,284,948,287,284,948,287,284,948,1
284,123,960,284,123,960,284,123,960,1
123,167,1009,123,167,1009,123,167,1009,1
167,272,944,167,272,944,167,272,944,1
272,274,941,272,274,941,272,274,941,1
274,282,919,274,282,919,274,282,919,1
282,290,939,282,290,939,282,290,939,1
290,303,958,290,303,958,290,303,958,1
303,125,977,303,125,977,303,125,977,1
125,183,1037,125,183,1037,125,183,1037,1
183,283,965,183,283,965,183,283,965,1
283,272,939,283,272,939,283,272,939,1
272,278,942,272,278,942,272,278,942,1
278,121,943,278,121,943,278,121,943,1
121,166,1000,121,166,1000,121,166,1000,1
166,291,950,166,291,950,166,291,950,1
291,299,935,291,299,935,291,299,935,1
299,304,951,299,304,951,299,304,951,1
304,124,975,304,124,975,304,124,975,1
124,178,1033,124,178,1033,124,178,1033,1
178,122,974,178,122,974,178,122,974,1
122,172,1022,122,172,1022,122,172,1022,1
172,282,955,172,282,955,172,282,955,1
282,281,951,282,281,951,282,281,951,1
281,285,948,281,285,948,281,285,948,1
285,126,946,285,126,946,285,126,946,1
126,171,998,126,171,998,126,171,998,1
171,291,952,171,291,952,171,291,952,1
291,290,946,291,290,946,291,290,946,1
290,291,951,290,291,951,290,291,951,1
291,291,951,291,291,951,291,291,951,1
291,302,933,291,302,933,291,302,933,1
302,313,948,302,313,948,302,313,948,1
313,320,922,313,320,922,313,320,922,1
320,328,905,320,328,905,320,328,905,1
328,127,912,328,127,912,328,127,912,1
127,217,958,127,217,958,127,217,958,1
217,196,916,217,196,916,217,196,916,1
196,137,947,196,137,947,196,137,947,1
137,310,935,137,310,935,137,310,935,1
310,322,944,310,322,944,310,322,944,1
322,321,940,322,321,940,322,321,940,1
321,124,939,321,124,939,321,124,939,1
124,206,977,124,206,977,124,206,977,1
206,130,917,206,130,917,206,130,917,1
130,215,959,130,215,959,130,215,959,1
215,330,923,215,330,923,215,330,923,1
330,318,963,330,318,963,330,318,963,1
318,315,975,318,315,975,318,315,975,1
315,314,990,315,314,990,315,314,990,1
314,317,998,314,317,998,314,317,998,1
317,319,992,317,319,992,317,319,992,1
319,122,982,319,122,982,319,122,982,1
122,212,1014,122,212,1014,122,212,1014,1
212,331,964,212,331,964,212,331,964,1
331,304,952,331,304,952,331,304,952,1
304,301,935,304,301,935,304,301,935,1
301,327,937,301,327,937,301,327,937,1
327,331,946,327,331,946,327,331,946,1
331,335,949,331,335,949,331,335,949,1
335,122,935,335,122,935,335,122,935,1
122,197,976,122,197,976,122,197,976,1
197,122,925,197,122,925,197,122,925,1
122,190,970,122,190,970,122,190,970,1
190,310,936,190,310,936,190,310,936,1
310,315,936,310,315,936,310,315,936,1
315,302,938,315,302,938,315,302,938,1
302,294,932,302,294,932,302,294,932,1
294,125,968,294,125,968,294,125,968,1
125,188,1011,125,188,1011,125,188,1011,1
188,314,944,188,314,944,188,314,944,1
314,128,940,314,128,940,314,128,940,1
128,179,976,128,179,976,128,179,976,1
179,298,936,179,298,936,179,298,936,1
298,301,959,298,301,959,298,301,959,1
301,297,963,301,297,963,301,297,963,1
297,326,970,297,326,970,297,326,970,-1
326,324,991,326,324,991,326,324,991,1
324,123,967,324,123,967,324,123,967,-1
123,190,999,123,190,999,123,190,999,1
190,126,919,190,126,919,190,126,919,1
126,189,951,126,189,951,126,189,951,1
189,303,881,189,303,881,189,303,881,1
303,301,893,303,301,893,303,301,893,-1
301,298,915,301,298,915,301,298,915,1
298,180,923,298,180,923,298,180,923,1
180,122,1114,180,122,1114,180,122,1114,1
122,122,1197,122,122,1197,122,122,1197,1
122,188,1286,122,188,1286,122,188,1286,1
188,123,1147,188,123,1147,188,123,1147,1
123,191,1167,123,191,1167,123,191,1167,1
191,122,1012,191,122,1012,191,122,1012,1
122,178,1052,122,178,1052,122,178,1052,1
178,288,921,178,288,921,178,288,921,1
288,301,871,288,301,871,288,301,871,1
301,121,838,301,121,838,301,121,838,1
121,187,899,121,187,899,121,187,899,1
187,310,810,187,310,810,187,310,810,1
310,121,863,310,121,863,310,121,863,1
121,193,892,121,193,892,121,193,892,1
193,305,816,193,305,816,193,305,816,1
305,313,824,305,313,824,305,313,824,1
313,308,862,313,308,862,313,308,862,1
308,303,896,308,303,896,308,303,896,1
303,309,919,303,309,919,303,309,919,1
309,323,938,309,323,938,309,323,938,1
323,327,956,323,327,956,323,327,956,1
327,201,956,327,201,956,327,201,956,1
201,129,974,201,129,974,201,129,974,1
129,168,954,129,168,954,129,168,954,1
168,151,954,168,151,954,168,151,954,1
151,310,917,151,310,917,151,310,917,1
310,317,934,310,317,934,310,317,934,1
317,180,940,317,180,940,317,180,940,1
180,136,952,180,136,952,180,136,952,1
136,122,924,136,122,924,136,122,924,1
122,200,956,122,200,956,122,200,956,1
200,325,935,200,325,935,200,325,935,1
325,126,952,325,126,952,325,126,952,1
126,203,1005,126,203,1005,126,203,1005,1
203,226,951,203,226,951,203,226,951,1
226,220,1111,226,220,1111,226,220,1111,1
220,152,923,220,152,923,220,152,923,1
152,168,870,152,168,870,152,168,870,1
168,277,924,168,277,924,168,277,924,1
277,415,928,277,415,928,277,415,928,1
415,295,879,415,295,879,415,295,879,1
295,122,916,295,122,916,295,122,916,1
122,171,987,122,171,987,122,171,987,1
171,277,973,171,277,973,171,277,973,1
277,277,1001,277,277,1001,277,277,1001,1
277,279,1049,277,279,1049,277,279,1049,1
279,270,1057,279,270,1057,279,270,1057,1
270,278,1024,270,278,1024,270,278,1024,1
278,122,897,278,122,897,278,122,897,1
122,171,853,122,171,853,122,171,853,1
171,125,847,171,125,847,171,125,847,1
125,164,867,125,164,867,125,164,867,1
164,301,835,164,301,835,164,301,835,1
301,292,853,301,292,853,301,292,853,1
292,284,877,292,284,877,292,284,877,1
284,286,905,284,286,905,284,286,905,1
286,298,886,286,298,886,286,298,886,1
298,303,925,298,303,925,298,303,925,1
303,310,955,303,310,955,303,310,955,1
310,310,995,310,310,995,310,310,995,1
310,299,1011,310,299,1011,310,299,1011,1
299,184,1023,299,184,1023,299,184,1023,1
184,209,1037,184,209,1037,184,209,1037,1
209,192,1126,209,192,1126,209,192,1126,1
192,283,1108,192,283,1108,192,283,1108,1
283,288,962,283,288,962,283,288,962,1
288,159,906,288,159,906,288,159,906,1
159,145,931,159,145,931,159,145,931,1
145,305,905,145,305,905,145,305,905,1
305,133,907,305,133,907,305,133,907,-1
133,164,969,133,164,969,133,164,969,1
164,134,906,164,134,906,164,134,906,-1
134,144,975,134,144,975,134,144,975,1
144,180,918,144,180,918,144,180,918,1
180,369,934,180,369,934,180,369,934,1
369,279,876,369,279,876,369,279,876,1
279,288,1052,279,288,1052,279,288,1052,1
288,299,1016,288,299,1016,288,299,1016,1
299,286,871,299,286,871,299,286,871,1
286,171,864,286,171,864,286,171,864,1
171,212,899,171,212,899,171,212,899,1
212,182,957,212,182,957,212,182,957,1
182,274,942,182,274,942,182,274,942,1
274,272,957,274,272,957,274,272,957,1
272,282,987,272,282,987,272,282,987,1
282,293,878,282,293,878,282,293,878,1
293,155,895,293,155,895,293,155,895,1
155,139,945,155,139,945,155,139,945,1
139,286,910,139,286,910,139,286,910,1
286,121,915,286,121,915,286,121,915,1
121,160,965,121,160,965,121,160,965,1
160,273,943,160,273,943,160,273,943,1
273,296,991,273,296,991,273,296,991,1
296,298,922,296,298,922,296,298,922,1
298,152,919,298,152,919,298,152,919,1
152,141,903,152,141,903,152,141,903,1
141,298,889,141,298,889,141,298,889,1
298,126,873,298,126,873,298,126,873,1
126,178,1007,126,178,1007,126,178,1007,1
178,301,932,178,301,932,178,301,932,1
301,296,926,301,296,926,301,296,926,1
296,301,928,296,301,928,296,301,928,1
301,310,943,301,310,943,301,310,943,1
310,334,951,310,334,951,310,334,951,1
334,340,945,334,340,945,334,340,945,1
340,151,928,340,151,928,340,151,928,1
151,185,937,151,185,937,151,185,937,1
185,318,915,185,318,915,185,318,915,1
318,123,932,318,123,932,318,123,932,1
123,173,952,123,173,952,123,173,952,1
173,304,884,173,304,884,173,304,884,1
304,320,897,304,320,897,304,320,897,1
320,324,926,320,324,926,320,324,926,1
324,332,959,324,332,959,324,332,959,1
332,335,924,332,335,924,332,335,924,1
335,320,924,335,320,924,335,320,924,1
320,308,925,320,308,925,320,308,925,1
308,305,948,308,305,948,308,305,948,1
305,305,952,305,305,952,305,305,952,1
305,331,906,305,331,906,305,331,906,1
331,332,920,331,332,920,331,332,920,1
332,131,971,332,131,971,332,131,971,1
131,171,1005,131,171,1005,131,171,1005,1
171,312,929,171,312,929,171,312,929,1
312,322,925,312,322,925,312,322,925,1
322,321,926,322,321,926,322,321,926,1
321,317,538,321,317,538,321,317,538,1
317,122,1219,317,122,1219,317,122,1219,1
122,213,1212,122,213,1212,122,213,1212,1
213,122,1069,213,122,1069,213,122,1069,1
122,203,1077,122,203,1077,122,203,1077,1
203,127,958,203,127,958,203,127,958,1
127,209,987,127,209,987,127,209,987,1
209,302,917,209,302,917,209,302,917,1
302,315,888,302,315,888,302,315,888,1
315,186,904,315,186,904,315,186,904,1
186,145,951,186,145,951,186,145,951,1
145,128,914,145,128,914,145,128,914,1
128,202,965,128,202,965,128,202,965,1
202,319,921,202,319,921,202,319,921,1
319,340,899,319,340,899,319,340,899,1
340,325,921,340,325,921,340,325,921,1
325,309,938,325,309,938,325,309,938,1
309,312,946,309,312,946,309,312,946,1
312,321,948,312,321,948,312,321,948,1
321,332,938,321,332,938,321,332,938,1
332,341,933,332,341,933,332,341,933,1
341,326,945,341,326,945,341,326,945,1
326,306,926,326,306,926,326,306,926,1
306,309,912,306,309,912,306,309,912,1
309,311,933,309,311,933,309,311,933,1
311,325,924,311,325,924,311,325,924,1
325,198,910,325,198,910,325,198,910,1
198,137,938,198,137,938,198,137,938,1
137,335,904,137,335,904,137,335,904,1
335,336,894,335,336,894,335,336,894,1
336,313,922,336,313,922,336,313,922,1
313,310,909,313,310,909,313,310,909,1
310,311,903,310,311,903,310,311,903,1
311,328,911,311,328,911,311,328,911,1
328,330,922,328,330,922,328,330,922,1
330,323,950,330,323,950,330,323,950,1
323,305,942,323,305,942,323,305,942,1
305,293,946,305,293,946,305,293,946,1
293,311,948,293,311,948,293,311,948,1
311,318,1026,311,318,1026,311,318,1026,1
318,122,950,318,122,950,318,122,950,1
122,205,977,122,205,977,122,205,977,1
205,340,888,205,340,888,205,340,888,1
340,317,939,340,317,939,340,317,939,1
317,323,937,317,323,937,317,323,937,1
323,317,930,323,317,930,323,317,930,1
317,314,929,317,314,929,317,314,929,1
314,326,918,314,326,918,314,326,918,1
326,202,919,326,202,919,326,202,919,1
202,136,962,202,136,962,202,136,962,1
136,330,950,136,330,950,136,330,950,1
330,336,941,330,336,941,330,336,941,1
336,330,939,336,330,939,336,330,939,1
330,193,955,330,193,955,330,193,955,1
193,127,987,193,127,987,193,127,987,1
127,327,964,127,327,964,127,327,964,1
327,340,932,327,340,932,327,340,932,1
340,345,944,340,345,944,340,345,944,1
345,356,947,345,356,947,345,356,947,1
356,337,960,356,337,960,356,337,960,1
337,309,955,337,309,955,337,309,955,1
309,303,959,309,303,959,309,303,959,1
303,308,954,303,308,954,303,308,954,1
308,126,964,308,126,964,308,126,964,1
126,209,1018,126,209,1018,126,209,1018,1
209,345,961,209,345,961,209,345,961,1
345,337,962,345,337,962,345,337,962,1
337,323,953,337,323,953,337,323,953,1
323,330,947,323,330,947,323,330,947,1
330,331,940,330,331,940,330,331,940,1
331,334,913,331,334,913,331,334,913,1
334,326,891,334,326,891,334,326,891,1
326,343,914,326,343,914,326,343,914,1
343,342,925,343,342,925,343,342,925,1
342,309,939,342,309,939,342,309,939,1
309,307,920,309,307,920,309,307,920,1
307,338,899,307,338,899,307,338,899,1
338,345,902,338,345,902,338,345,902,1
345,335,907,345,335,907,345,335,907,1
335,316,893,335,316,893,335,316,893,1
316,303,927,316,303,927,316,303,927,1
303,312,881,303,312,881,303,312,881,1
312,309,930,312,309,930,312,309,930,1
309,313,978,309,313,978,309,313,978,1
313,348,970,313,348,970,313,348,970,1
348,134,981,348,134,981,348,134,981,1
134,213,1031,134,213,1031,134,213,1031,1
213,337,943,213,337,943,213,337,943,1
337,330,931,337,330,931,337,330,931,1
330,331,922,330,331,922,330,331,922,1
331,347,913,331,347,913,331,347,913,1
347,129,919,347,129,919,347,129,919,1
129,224,983,129,224,983,129,224,983,1
224,362,919,224,362,919,224,362,919,1
362,338,929,362,338,929,362,338,929,1
338,338,909,338,338,909,338,338,909,1
338,332,916,338,332,916,338,332,916,1
332,328,920,332,328,920,332,328,920,1
328,346,926,328,346,926,328,346,926,-1
346,351,926,346,351,926,346,351,926,-1
351,354,928,351,354,928,351,354,928,1
354,203,920,354,203,920,354,203,920,-1
203,141,960,203,141,960,203,141,960,-1
141,339,917,141,339,917,141,339,917,1
339,341,955,339,341,955,339,341,955,1
341,345,962,341,345,962,341,345,962,1
345,192,947,345,192,947,345,192,947,1
192,149,964,192,149,964,192,149,964,1
149,130,920,149,130,920,149,130,920,1
130,229,978,130,229,978,130,229,978,1
229,221,908,229,221,908,229,221,908,1
221,131,933,221,131,933,221,131,933,1
131,331,894,131,331,894,131,331,894,1
331,329,914,331,329,914,331,329,914,1
329,335,921,329,335,921,329,335,921,1
335,232,935,335,232,935,335,232,935,1
232,131,972,232,131,972,232,131,972,1
131,130,945,131,130,945,131,130,945,1
130,233,999,130,233,999,130,233,999,1
233,351,946,233,351,946,233,351,946,1
351,344,926,351,344,926,351,344,926,1
344,328,944,344,328,944,344,328,944,1
328,337,926,328,337,926,328,337,926,1
337,341,929,337,341,929,337,341,929,1
341,356,934,341,356,934,341,356,934,1
356,231,940,356,231,940,356,231,940,1
231,134,975,231,134,975,231,134,975,1
134,347,951,134,347,951,134,347,951,1
347,334,961,347,334,961,347,334,961,1
334,324,947,334,324,947,334,324,947,1
324,121,951,324,121,951,324,121,951,1
121,223,1018,121,223,1018,121,223,1018,1
223,362,929,223,362,929,223,362,929,1
362,363,923,362,363,923,362,363,923,1
363,185,921,363,185,921,363,185,921,1
185,156,973,185,156,973,185,156,973,1
156,127,932,156,127,932,156,127,932,1
127,218,986,127,218,986,127,218,986,1
218,341,918,218,341,918,218,341,918,1
341,343,920,341,343,920,341,343,920,1
343,369,925,343,369,925,343,369,925,1
369,372,930,369,372,930,369,372,930,1
372,359,938,372,359,938,372,359,938,1
359,326,950,359,326,950,359,326,950,1
326,329,980,326,329,980,326,329,980,1
329,338,923,329,338,923,329,338,923,1
338,125,922,338,125,922,338,125,922,1
125,209,971,125,209,971,125,209,971,1
209,316,910,209,316,910,209,316,910,1
316,333,970,316,333,970,316,333,970,1
333,320,968,333,320,968,333,320,968,1
320,330,984,320,330,984,320,330,984,1
330,324,969,330,324,969,330,324,969,1
324,337,948,324,337,948,324,337,948,1
337,366,920,337,366,920,337,366,920,1
366,131,920,366,131,920,366,131,920,1
131,227,982,131,227,982,131,227,982,1
227,127,909,227,127,909,227,127,909,1
127,224,988,127,224,988,127,224,988,1
224,335,895,224,335,895,224,335,895,1
335,322,910,335,322,910,335,322,910,1
322,125,922,322,125,922,322,125,922,-1
125,219,987,125,219,987,125,219,987,1
219,124,921,219,124,921,219,124,921,1
124,231,993,124,231,993,124,231,993,1
231,361,924,231,361,924,231,361,924,1
361,129,933,361,129,933,361,129,933,1
129,234,993,129,234,993,129,234,993,1
234,210,921,234,210,921,234,210,921,1
210,139,947,210,139,947,210,139,947,1
139,344,922,139,344,922,139,344,922,1
344,357,920,344,357,920,344,357,920,1
357,362,933,357,362,933,357,362,933,1
362,131,949,362,131,949,362,131,949,1
131,251,1020,131,251,1020,131,251,1020,1
251,126,945,251,126,945,251,126,945,1
126,248,1023,126,248,1023,126,248,1023,1
248,356,955,248,356,955,248,356,955,1
356,359,959,356,359,959,356,359,959,1
359,123,946,359,123,946,359,123,946,1
123,242,1012,123,242,1012,123,242,1012,1
242,370,931,242,370,931,242,370,931,1
370,369,931,370,369,931,370,369,931,1
369,130,942,369,130,942,369,130,942,1
130,239,997,130,239,997,130,239,997,1
239,324,908,239,324,908,239,324,908,1
324,136,921,324,136,921,324,136,921,1
136,141,949,136,141,949,136,141,949,1
141,214,964,141,214,964,141,214,964,1
214,137,989,214,137,989,214,137,989,1
137,177,702,137,177,702,137,177,702,1
177,259,1147,177,259,1147,177,259,1147,1
259,215,1082,259,215,1082,259,215,1082,1
215,134,1073,215,134,1073,215,134,1073,1
134,130,992,134,130,992,134,130,992,1
130,215,997,130,215,997,130,215,997,1
215,333,909,215,333,909,215,333,909,1
333,139,901,333,139,901,333,139,901,1
139,190,936,139,190,936,139,190,936,1
190,167,871,190,167,871,190,167,871,1
167,167,913,167,167,913,167,167,913,1
167,232,921,167,232,921,167,232,921,1
232,210,995,232,210,995,232,210,995,1
210,270,986,210,270,986,210,270,986,1
270,368,974,270,368,974,270,368,974,1
368,184,987,368,184,987,368,184,987,1
184,157,1006,184,157,1006,184,157,1006,1
157,124,963,157,124,963,157,124,963,1
124,200,999,124,200,999,124,200,999,1
200,121,940,200,121,940,200,121,940,1
121,214,992,121,214,992,121,214,992,1
214,210,927,214,210,927,214,210,927,1
210,124,972,210,124,972,210,124,972,1
124,132,978,124,132,978,124,132,978,1
132,193,1050,132,193,1050,132,193,1050,1
193,331,899,193,331,899,193,331,899,1
331,124,906,331,124,906,331,124,906,1
124,198,986,124,198,986,124,198,986,1
198,324,914,198,324,914,198,324,914,1
324,311,931,324,311,931,324,311,931,1
311,302,968,311,302,968,311,302,968,1
302,123,935,302,123,935,302,123,935,1
123,208,1004,123,208,1004,123,208,1004,1
208,354,929,208,354,929,208,354,929,1
354,357,920,354,357,920,354,357,920,1
357,342,920,357,342,920,357,342,920,1
342,121,932,342,121,932,342,121,932,1
121,210,1004,121,210,1004,121,210,1004,1
210,347,940,210,347,940,210,347,940,1
347,356,944,347,356,944,347,356,944,1
356,126,940,356,126,940,356,126,940,1
126,231,1016,126,231,1016,126,231,1016,1
231,358,938,231,358,938,231,358,938,1
358,125,942,358,125,942,358,125,942,1
125,214,1018,125,214,1018,125,214,1018,1
214,330,960,214,330,960,214,330,960,1
330,121,968,330,121,968,330,121,968,1
121,206,1034,121,206,1034,121,206,1034,1
206,121,980,206,121,980,206,121,980,1
121,216,1041,121,216,1041,121,216,1041,1
216,365,908,216,365,908,216,365,908,1
365,361,883,365,361,883,365,361,883,1
361,125,899,361,125,899,361,125,899,1
125,221,978,125,221,978,125,221,978,1
221,122,907,221,122,907,221,122,907,1
122,216,991,122,216,991,122,216,991,1
216,331,921,216,331,921,216,331,921,1
331,123,927,331,123,927,331,123,927,1
123,200,972,123,200,972,123,200,972,1
200,125,911,200,125,911,200,125,911,1
125,215,997,125,215,997,125,215,997,1
215,132,905,215,132,905,215,132,905,1
132,222,978,132,222,978,132,222,978,1
222,132,903,222,132,903,222,132,903,1
132,236,979,132,236,979,132,236,979,1
236,341,919,236,341,919,236,341,919,1
341,123,920,341,123,920,341,123,920,1
123,190,1000,123,190,1000,123,190,1000,1
190,326,946,190,326,946,190,326,946,1
326,317,918,326,317,918,326,317,918,1
317,135,898,317,135,898,317,135,898,1
135,204,981,135,204,981,135,204,981,1
204,133,940,204,133,940,204,133,940,1
133,198,1020,133,198,1020,133,198,1020,1
198,127,946,198,127,946,198,127,946,1
127,200,1029,127,200,1029,127,200,1029,1
200,123,953,200,123,953,200,123,953,1
123,187,1027,123,187,1027,123,187,1027,1
187,125,942,187,125,942,187,125,942,1
125,185,1009,125,185,1009,125,185,1009,1
185,309,940,185,309,940,185,309,940,1
309,123,944,309,123,944,309,123,944,1
123,212,997,123,212,997,123,212,997,1
212,126,928,212,126,928,212,126,928,1
126,236,1002,126,236,1002,126,236,1002,1
236,376,928,236,376,928,236,376,928,1
376,369,919,376,369,919,376,369,919,1
369,347,926,369,347,926,369,347,926,1
347,356,929,347,356,929,347,356,929,1
356,128,915,356,128,915,356,128,915,1
128,256,1001,128,256,1001,128,256,1001,1
256,194,929,256,194,929,256,194,929,1
194,275,919,194,275,919,194,275,919,1
275,151,965,275,151,965,275,151,965,1
151,363,946,151,363,946,151,363,946,1
363,122,920,363,122,920,363,122,920,1
122,225,984,122,225,984,122,225,984,1
225,351,915,225,351,915,225,351,915,1
351,125,927,351,125,927,351,125,927,1
125,227,1001,125,227,1001,125,227,1001,1
227,129,939,227,129,939,227,129,939,1
129,241,1007,129,241,1007,129,241,1007,1
241,132,933,241,132,933,241,132,933,1
132,247,1012,132,247,1012,132,247,1012,1
247,346,934,247,346,934,247,346,934,1
346,349,942,346,349,942,346,349,942,1
349,125,958,349,125,958,349,125,958,1
125,228,1039,125,228,1039,125,228,1039,1
228,127,970,228,127,970,228,127,970,1
127,249,1045,127,249,1045,127,249,1045,1
249,134,966,249,134,966,249,134,966,1
134,245,1022,134,245,1022,134,245,1022,1
245,129,940,245,129,940,245,129,940,1
129,244,1008,129,244,1008,129,244,1008,1
244,127,929,244,127,929,244,127,929,1
127,244,1003,127,244,1003,127,244,1003,1
244,341,939,244,341,939,244,341,939,1
341,124,936,341,124,936,341,124,936,1
124,228,1012,124,228,1012,124,228,1012,1
228,124,927,228,124,927,228,124,927,1
124,243,1009,124,243,1009,124,243,1009,1
243,129,936,243,129,936,243,129,936,1
129,251,1006,129,251,1006,129,251,1006,1
251,129,925,251,129,925,251,129,925,1
129,248,995,129,248,995,129,248,995,1
248,359,915,248,359,915,248,359,915,1
359,338,900,359,338,900,359,338,900,1
338,128,911,338,128,911,338,128,911,1
128,231,966,128,231,966,128,231,966,1
231,124,901,231,124,901,231,124,901,1
124,249,975,124,249,975,124,249,975,1
249,128,908,249,128,908,249,128,908,1
128,252,983,128,252,983,128,252,983,1
252,380,925,252,380,925,252,380,925,1
380,126,939,380,126,939,380,126,939,1
126,243,1010,126,243,1010,126,243,1010,1
243,348,935,243,348,935,243,348,935,1
348,127,949,348,127,949,348,127,949,1
127,224,1019,127,224,1019,127,224,1019,1
224,126,938,224,126,938,224,126,938,1
126,243,1015,126,243,1015,126,243,1015,1
243,373,921,243,373,921,243,373,921,1
373,133,932,373,133,932,373,133,932,1
133,221,991,133,221,991,133,221,991,1
221,128,890,221,128,890,221,128,890,1
128,229,990,128,229,990,128,229,990,1
229,125,907,229,125,907,229,125,907,1
125,229,993,125,229,993,125,229,993,1
229,356,920,229,356,920,229,356,920,1
356,129,909,356,129,909,356,129,909,1
129,251,999,129,251,999,129,251,999,1
251,128,911,251,128,911,251,128,911,1
128,256,1001,128,256,1001,128,256,1001,1
256,376,925,256,376,925,256,376,925,1
376,201,932,376,201,932,376,201,932,1
201,154,943,201,154,943,201,154,943,1
154,122,908,154,122,908,154,122,908,1
122,233,983,122,233,983,122,233,983,1
233,217,904,233,217,904,233,217,904,1
217,144,935,217,144,935,217,144,935,1
144,378,915,144,378,915,144,378,915,1
378,138,919,378,138,919,378,138,919,1
138,251,996,138,251,996,138,251,996,1
251,364,933,251,364,933,251,364,933,1
364,124,948,364,124,948,364,124,948,1
124,230,1003,124,230,1003,124,230,1003,1
230,128,919,230,128,919,230,128,919,1
128,234,996,128,234,996,128,234,996,1
234,127,942,234,127,942,234,127,942,1
127,237,1014,127,237,1014,127,237,1014,1
237,377,957,237,377,957,237,377,957,1
377,136,955,377,136,955,377,136,955,1
136,255,1026,136,255,1026,136,255,1026,1
255,135,933,255,135,933,255,135,933,1
135,248,999,135,248,999,135,248,999,1
248,355,932,248,355,932,248,355,932,1
355,122,933,355,122,933,355,122,933,1
122,240,1013,122,240,1013,122,240,1013,1
240,127,923,240,127,923,240,127,923,1
127,256,1000,127,256,1000,127,256,1000,1
256,379,925,256,379,925,256,379,925,1
379,128,936,379,128,936,379,128,936,1
128,250,999,128,250,999,128,250,999,1
250,376,915,250,376,915,250,376,915,1
376,124,927,376,124,927,376,124,927,1
124,237,1005,124,237,1005,124,237,1005,1
237,349,950,237,349,950,237,349,950,1
349,128,930,349,128,930,349,128,930,1
128,241,1004,128,241,1004,128,241,1004,1
241,131,920,241,131,920,241,131,920,1
131,258,990,131,258,990,131,258,990,1
258,379,923,258,379,923,258,379,923,1
379,349,942,379,349,942,379,349,942,1
349,125,938,349,125,938,349,125,938,1
125,230,1017,125,230,1017,125,230,1017,1
230,124,926,230,124,926,230,124,926,-1
124,233,1012,124,233,1012,124,233,1012,1
233,370,942,233,370,942,233,370,942,1
370,363,970,370,363,970,370,363,970,1
363,131,937,363,131,937,363,131,937,1
131,240,1005,131,240,1005,131,240,1005,1
240,378,919,240,378,919,240,378,919,1
378,202,926,378,202,926,378,202,926,1
202,147,961,202,147,961,202,147,961,1
147,121,928,147,121,928,147,121,928,1
121,237,1001,121,237,1001,121,237,1001,1
237,123,907,237,123,907,237,123,907,1
123,254,985,123,254,985,123,254,985,1
254,383,919,254,383,919,254,383,919,1
383,136,934,383,136,934,383,136,934,1
136,247,994,136,247,994,136,247,994,1
247,125,918,247,125,918,247,125,918,1
125,245,996,125,245,996,125,245,996,1
245,122,915,245,122,915,245,122,915,1
122,247,997,122,247,997,122,247,997,1
247,363,927,247,363,927,247,363,927,1
363,132,927,363,132,927,363,132,927,1
132,253,1005,132,253,1005,132,253,1005,1
253,133,917,253,133,917,253,133,917,1
133,258,998,133,258,998,133,258,998,1
258,247,923,258,247,923,258,247,923,1
247,130,962,247,130,962,247,130,962,1
130,127,935,130,127,935,130,127,935,1
127,234,1007,127,234,1007,127,234,1007,1
234,124,912,234,124,912,234,124,912,1
124,235,979,124,235,979,124,235,979,1
235,362,917,235,362,917,235,362,917,1
362,387,960,362,387,960,362,387,960,1
387,133,958,387,133,958,387,133,958,1
133,259,1027,133,259,1027,133,259,1027,1
259,126,941,259,126,941,259,126,941,1
126,244,1018,126,244,1018,126,244,1018,1
244,356,950,244,356,950,244,356,950,1
356,125,912,356,125,912,356,125,912,1
125,236,976,125,236,976,125,236,976,1
236,373,902,236,373,902,236,373,902,1
373,362,917,373,362,917,373,362,917,1
362,375,919,362,375,919,362,375,919,1
375,359,923,375,359,923,375,359,923,1
359,126,918,359,126,918,359,126,918,1
126,213,987,126,213,987,126,213,987,1
213,326,927,213,326,927,213,326,927,1
326,128,926,326,128,926,326,128,926,1
128,209,993,128,209,993,128,209,993,1
209,136,897,209,136,897,209,136,897,1
136,237,963,136,237,963,136,237,963,1
237,365,898,237,365,898,237,365,898,1
365,131,920,365,131,920,365,131,920,1
131,222,997,131,222,997,131,222,997,1
222,127,923,222,127,923,222,127,923,1
127,235,1003,127,235,1003,127,235,1003,1
235,348,926,235,348,926,235,348,926,1
348,346,954,348,346,954,348,346,954,1
346,132,960,346,132,960,346,132,960,1
132,232,1022,132,232,1022,132,232,1022,1
232,134,942,232,134,942,232,134,942,1
134,236,1001,134,236,1001,134,236,1001,1
236,132,932,236,132,932,236,132,932,1
132,241,998,132,241,998,132,241,998,1
241,346,937,241,346,937,241,346,937,1
346,198,964,346,198,964,346,198,964,1
198,140,990,198,140,990,198,140,990,1
140,125,947,140,125,947,140,125,947,1
125,246,1013,125,246,1013,125,246,1013,1
246,387,923,246,387,923,246,387,923,1
387,133,925,387,133,925,387,133,925,1
133,235,990,133,235,990,133,235,990,1
235,127,916,235,127,916,235,127,916,1
127,252,984,127,252,984,127,252,984,1
252,359,920,252,359,920,252,359,920,1
359,352,934,359,352,934,359,352,934,1
352,370,924,352,370,924,352,370,924,1
370,205,914,370,205,914,370,205,914,1
205,166,932,205,166,932,205,166,932,1
166,138,922,166,138,922,166,138,922,1
138,240,985,138,240,985,138,240,985,1
240,132,912,240,132,912,240,132,912,1
132,237,988,132,237,988,132,237,988,1
237,346,918,237,346,918,237,346,918,1
346,318,931,346,318,931,346,318,931,1
318,333,961,318,333,961,318,333,961,1
333,359,948,333,359,948,333,359,948,1
359,363,937,359,363,937,359,363,937,1
363,378,941,363,378,941,363,378,941,1
378,361,957,378,361,957,378,361,957,1
361,124,966,361,124,966,361,124,966,1
124,221,1026,124,221,1026,124,221,1026,1
221,128,931,221,128,931,221,128,931,1
128,250,1001,128,250,1001,128,250,1001,1
250,383,933,250,383,933,250,383,933,1
383,378,961,383,378,961,383,378,961,1
378,368,959,378,368,959,378,368,959,1
368,211,943,368,211,943,368,211,943,1
211,137,962,211,137,962,211,137,962,1
137,352,950,137,352,950,137,352,950,1
352,344,933,352,344,933,352,344,933,1
344,128,944,344,128,944,344,128,944,1
128,218,1010,128,218,1010,128,218,1010,1
218,130,929,218,130,929,218,130,929,1
130,211,1004,130,211,1004,130,211,1004,1
211,130,935,211,130,935,211,130,935,1
130,221,1014,130,221,1014,130,221,1014,1
221,127,949,221,127,949,221,127,949,1
127,216,1017,127,216,1017,127,216,1017,1
216,121,933,216,121,933,216,121,933,1
121,216,1000,121,216,1000,121,216,1000,1
216,125,921,216,125,921,216,125,921,1
125,218,991,125,218,991,125,218,991,1
218,160,919,218,160,919,218,160,919,1
160,199,959,160,199,959,160,199,959,1
199,132,942,199,132,942,199,132,942,1
132,218,1033,132,218,1033,132,218,1033,1
218,337,962,218,337,962,218,337,962,1
337,328,969,337,328,969,337,328,969,1
328,332,977,328,332,977,328,332,977,1
332,124,991,332,124,991,332,124,991,1
124,212,1042,124,212,1042,124,212,1042,1
212,356,943,212,356,943,212,356,943,1
356,133,922,356,133,922,356,133,922,1
133,227,985,133,227,985,133,227,985,1
227,364,924,227,364,924,227,364,924,1
364,130,962,364,130,962,364,130,962,1
130,195,1031,130,195,1031,130,195,1031,1
195,127,941,195,127,941,195,127,941,1
127,186,1018,127,186,1018,127,186,1018,1
186,182,920,186,182,920,186,182,920,1
182,140,953,182,140,953,182,140,953,1
140,189,912,140,189,912,140,189,912,1
189,141,940,189,141,940,189,141,940,1
141,166,927,141,166,927,141,166,927,1
166,185,947,166,185,947,166,185,947,1
185,351,908,185,351,908,185,351,908,1
351,131,934,351,131,934,351,131,934,1
131,207,987,131,207,987,131,207,987,1
207,194,921,207,194,921,207,194,921,1
194,142,932,194,142,932,194,142,932,1
142,328,901,142,328,901,142,328,901,1
328,203,918,328,203,918,328,203,918,1
203,245,945,203,245,945,203,245,945,1
245,214,995,245,214,995,245,214,995,1
214,136,933,214,136,933,214,136,933,1
136,218,998,136,218,998,136,218,998,1
218,135,931,218,135,931,218,135,931,1
135,221,1001,135,221,1001,135,221,1001,1
221,327,937,221,327,937,221,327,937,1
327,124,965,327,124,965,327,124,965,1
124,200,1033,124,200,1033,124,200,1033,1
200,124,955,200,124,955,200,124,955,1
124,208,1023,124,208,1023,124,208,1023,1
208,130,939,208,130,939,208,130,939,1
130,208,1004,130,208,1004,130,208,1004,1
208,132,923,208,132,923,208,132,923,1
132,216,1002,132,216,1002,132,216,1002,1
216,132,923,216,132,923,216,132,923,1
132,213,1004,132,213,1004,132,213,1004,1
213,130,940,213,130,940,213,130,940,1
130,205,1003,130,205,1003,130,205,1003,1
205,126,935,205,126,935,205,126,935,1
126,211,1024,126,211,1024,126,211,1024,1
211,124,945,211,124,945,211,124,945,1
124,208,1020,124,208,1020,124,208,1020,1
208,332,935,208,332,935,208,332,935,1
332,126,947,332,126,947,332,126,947,1
126,224,1017,126,224,1017,126,224,1017,1
224,131,941,224,131,941,224,131,941,1
131,237,1014,131,237,1014,131,237,1014,1
237,130,922,237,130,922,237,130,922,1
130,232,1001,130,232,1001,130,232,1001,1
232,121,910,232,121,910,232,121,910,1
121,216,977,121,216,977,121,216,977,1
216,125,904,216,125,904,216,125,904,1
125,217,981,125,217,981,125,217,981,1
217,126,906,217,126,906,217,126,906,1
126,221,983,126,221,983,126,221,983,1
221,133,928,221,133,928,221,133,928,1
133,209,1008,133,209,1008,133,209,1008,1
209,133,942,209,133,942,209,133,942,1
133,217,1018,133,217,1018,133,217,1018,1
217,126,953,217,126,953,217,126,953,1
126,223,1015,126,223,1015,126,223,1015,1
223,211,929,223,211,929,223,211,929,1
211,136,952,211,136,952,211,136,952,1
136,122,926,136,122,926,136,122,926,1
122,216,994,122,216,994,122,216,994,1
216,122,936,216,122,936,216,122,936,1
122,217,1002,122,217,1002,122,217,1002,1
217,353,942,217,353,942,217,353,942,1
353,134,934,353,134,934,353,134,934,1
134,225,993,134,225,993,134,225,993,1
225,356,945,225,356,945,225,356,945,1
356,127,932,356,127,932,356,127,932,1
127,218,997,127,218,997,127,218,997,1
218,343,929,218,343,929,218,343,929,1
343,338,939,343,338,939,343,338,939,1
338,127,970,338,127,970,338,127,970,1
127,217,1019,127,217,1019,127,217,1019,1
217,347,961,217,347,961,217,347,961,1
347,132,914,347,132,914,347,132,914,1
132,224,982,132,224,982,132,224,982,1
224,131,905,224,131,905,224,131,905,1
131,231,983,131,231,983,131,231,983,1
231,127,900,231,127,900,231,127,900,1
127,222,972,127,222,972,127,222,972,1
222,339,918,222,339,918,222,339,918,1
339,349,939,339,349,939,339,349,939,1
349,347,951,349,347,951,349,347,951,1
347,136,956,347,136,956,347,136,956,1
136,209,1005,136,209,1005,136,209,1005,1
209,129,929,209,129,929,209,129,929,1
129,215,1006,129,215,1006,129,215,1006,1
215,127,929,215,127,929,215,127,929,1
127,205,998,127,205,998,127,205,998,1
205,332,945,205,332,945,205,332,945,1
332,127,939,332,127,939,332,127,939,1
127,224,1008,127,224,1008,127,224,1008,1
224,131,942,224,131,942,224,131,942,1
131,240,1004,131,240,1004,131,240,1004,1
240,366,935,240,366,935,240,366,935,1
366,138,933,366,138,933,366,138,933,1
138,237,984,138,237,984,138,237,984,1
237,128,911,237,128,911,237,128,911,1
128,233,975,128,233,975,128,233,975,1
233,215,912,233,215,912,233,215,912,1
215,143,938,215,143,938,215,143,938,1
143,356,931,143,356,931,143,356,931,1
356,128,929,356,128,929,356,128,929,1
128,261,998,128,261,998,128,261,998,1
261,391,921,261,391,921,261,391,921,1
391,362,912,391,362,912,391,362,912,1
362,128,933,362,128,933,362,128,933,1
128,241,992,128,241,992,128,241,992,1
241,123,921,241,123,921,241,123,921,1
123,240,993,123,240,993,123,240,993,1
240,364,929,240,364,929,240,364,929,1
364,375,952,364,375,952,364,375,952,1
375,391,925,375,391,925,375,391,925,1
391,383,930,391,383,930,391,383,930,1
383,354,934,383,354,934,383,354,934,1
354,126,944,354,126,944,354,126,944,1
126,249,994,126,249,994,126,249,994,1
249,375,926,249,375,926,249,375,926,1
375,136,949,375,136,949,375,136,949,1
136,233,1023,136,233,1023,136,233,1023,1
233,131,957,233,131,957,233,131,957,1
131,236,1040,131,236,1040,131,236,1040,1
236,129,945,236,129,945,236,129,945,1
129,223,1010,129,223,1010,129,223,1010,1
223,338,937,223,338,937,223,338,937,1
338,123,939,338,123,939,338,123,939,1
123,221,997,123,221,997,123,221,997,1
221,122,906,221,122,906,221,122,906,-1
122,230,987,122,230,987,122,230,987,1
230,134,920,230,134,920,230,134,920,1
134,252,986,134,252,986,134,252,986,1
252,133,920,252,133,920,252,133,920,1
133,200,992,133,200,992,133,200,992,1
200,130,933,200,130,933,200,130,933,1
130,284,999,130,284,999,130,284,999,1
284,215,953,284,215,953,284,215,953,1
215,141,963,215,141,963,215,141,963,1
141,122,942,141,122,942,141,122,942,1
122,230,1011,122,230,1011,122,230,1011,1
230,130,932,230,130,932,230,130,932,1
130,219,989,130,219,989,130,219,989,1
219,352,924,219,352,924,219,352,924,1
352,131,925,352,131,925,352,131,925,1
131,199,1004,131,199,1004,131,199,1004,1
199,340,929,199,340,929,199,340,929,1
340,332,935,340,332,935,340,332,935,1
332,320,940,332,320,940,332,320,940,1
320,355,936,320,355,936,320,355,936,1
355,375,940,355,375,940,355,375,940,1
375,378,954,375,378,954,375,378,954,1
378,127,973,378,127,973,378,127,973,1
127,237,1037,127,237,1037,127,237,1037,1
237,122,945,237,122,945,237,122,945,1
122,244,1020,122,244,1020,122,244,1020,1
244,366,947,244,366,947,244,366,947,1
366,128,942,366,128,942,366,128,942,1
128,237,988,128,237,988,128,237,988,1
237,387,914,237,387,914,237,387,914,1
387,240,931,387,240,931,387,240,931,1
240,130,960,240,130,960,240,130,960,1
130,134,920,130,134,920,130,134,920,1
134,217,997,134,217,997,134,217,997,1
217,127,924,217,127,924,217,127,924,1
127,214,995,127,214,995,127,214,995,1
214,334,904,214,334,904,214,334,904,1
334,353,921,334,353,921,334,353,921,1
353,136,915,353,136,915,353,136,915,1
136,229,973,136,229,973,136,229,973,1
229,137,902,229,137,902,229,137,902,1
137,218,968,137,218,968,137,218,968,1
218,130,930,218,130,930,218,130,930,1
130,219,1016,130,219,1016,130,219,1016,1
219,129,937,219,129,937,219,129,937,1
129,211,991,129,211,991,129,211,991,1
211,126,922,211,126,922,211,126,922,1
126,220,1006,126,220,1006,126,220,1006,1
220,343,953,220,343,953,220,343,953,1
343,131,932,343,131,932,343,131,932,1
131,244,1004,131,244,1004,131,244,1004,1
244,240,945,244,240,945,244,240,945,1
240,136,992,240,136,992,240,136,992,1
136,137,968,136,137,968,136,137,968,1
137,231,1006,137,231,1006,137,231,1006,1
231,128,926,231,128,926,231,128,926,1
128,235,998,128,235,998,128,235,998,1
235,354,925,235,354,925,235,354,925,1
354,354,929,354,354,929,354,354,929,1
354,381,913,354,381,913,354,381,913,1
381,130,911,381,130,911,381,130,911,1
130,250,980,130,250,980,130,250,980,1
250,205,913,250,205,913,250,205,913,1
205,155,945,205,155,945,205,155,945,1
155,128,937,155,128,937,155,128,937,1
128,238,989,128,238,989,128,238,989,1
238,122,907,238,122,907,238,122,907,1
122,237,985,122,237,985,122,237,985,1
237,186,913,237,186,913,237,186,913,1
186,163,950,186,163,950,186,163,950,1
163,132,940,163,132,940,163,132,940,1
132,241,996,132,241,996,132,241,996,1
241,137,906,241,137,906,241,137,906,1
137,250,975,137,250,975,137,250,975,1
250,135,916,250,135,916,250,135,916,1
135,238,977,135,238,977,135,238,977,1
238,213,930,238,213,930,238,213,930,1
213,128,965,213,128,965,213,128,965,1
128,123,922,128,123,922,128,123,922,1
123,237,987,123,237,987,123,237,987,1
237,370,932,237,370,932,237,370,932,1
370,225,935,370,225,935,370,225,935,1
225,147,970,225,147,970,225,147,970,1
147,210,957,147,210,957,147,210,957,1
210,167,970,210,167,970,210,167,970,1
167,375,923,167,375,923,167,375,923,1
375,209,921,375,209,921,375,209,921,1
209,156,960,209,156,960,209,156,960,1
156,347,952,156,347,952,156,347,952,1
347,125,931,347,125,931,347,125,931,1
125,244,990,125,244,990,125,244,990,1
244,135,923,244,135,923,244,135,923,1
135,262,994,135,262,994,135,262,994,1
262,378,923,262,378,923,262,378,923,1
378,128,935,378,128,935,378,128,935,1
128,240,992,128,240,992,128,240,992,1
240,360,916,240,360,916,240,360,916,1
360,201,916,360,201,916,360,201,916,1
201,161,963,201,161,963,201,161,963,1
161,130,948,161,130,948,161,130,948,1
130,239,997,130,239,997,130,239,997,1
239,134,915,239,134,915,239,134,915,1
134,259,982,134,259,982,134,259,982,1
259,390,906,259,390,906,259,390,906,1
390,130,961,390,130,961,390,130,961,1
130,224,1019,130,224,1019,130,224,1019,1
224,125,894,224,125,894,224,125,894,1
125,222,978,125,222,978,125,222,978,1
222,355,899,222,355,899,222,355,899,1
355,352,922,355,352,922,355,352,922,1
352,133,944,352,133,944,352,133,944,1
133,241,1007,133,241,1007,133,241,1007,1
241,236,927,241,236,927,241,236,927,1
236,138,961,236,138,961,236,138,961,1
138,347,939,138,347,939,138,347,939,1
347,208,962,347,208,962,347,208,962,1
208,140,986,208,140,986,208,140,986,1
140,123,940,140,123,940,140,123,940,1
123,236,1019,123,236,1019,123,236,1019,1
236,124,924,236,124,924,236,124,924,1
124,245,991,124,245,991,124,245,991,1
245,376,921,245,376,921,245,376,921,1
376,382,930,376,382,930,376,382,930,1
382,131,919,382,131,919,382,131,919,1
131,241,998,131,241,998,131,241,998,1
241,350,914,241,350,914,241,350,914,1
350,124,943,350,124,943,350,124,943,1
124,242,1005,124,242,1005,124,242,1005,1
242,135,940,242,135,940,242,135,940,1
135,253,1014,135,253,1014,135,253,1014,1
253,133,926,253,133,926,253,133,926,1
133,256,1009,133,256,1009,133,256,1009,1
256,133,931,256,133,931,256,133,931,1
133,242,999,133,242,999,133,242,999,1
242,124,917,242,124,917,242,124,917,1
124,241,1002,124,241,1002,124,241,1002,1
241,125,927,241,125,927,241,125,927,1
125,246,1009,125,246,1009,125,246,1009,1
246,213,934,246,213,934,246,213,934,1
213,143,972,213,143,972,213,143,972,1
143,379,947,143,379,947,143,379,947,1
379,140,954,379,140,954,379,140,954,1
140,255,1026,140,255,1026,140,255,1026,1
255,130,944,255,130,944,255,130,944,1
130,240,1010,130,240,1010,130,240,1010,1
240,349,944,240,349,944,240,349,944,1
349,125,945,349,125,945,349,125,945,1
125,231,1024,125,231,1024,125,231,1024,1
231,130,962,231,130,962,231,130,962,1
130,250,1026,130,250,1026,130,250,1026,1
250,208,945,250,208,945,250,208,945,1
208,166,976,208,166,976,208,166,976,1
166,137,938,166,137,938,166,137,938,1
137,241,995,137,241,995,137,241,995,1
241,132,910,241,132,910,241,132,910,1
132,243,981,132,243,981,132,243,981,1
243,129,918,243,129,918,243,129,918,1
129,227,994,129,227,994,129,227,994,1
227,127,939,227,127,939,227,127,939,1
127,212,1015,127,212,1015,127,212,1015,1
212,124,926,212,124,926,212,124,926,1
124,236,1007,124,236,1007,124,236,1007,1
236,130,920,236,130,920,236,130,920,1
130,247,1000,130,247,1000,130,247,1000,1
247,215,943,247,215,943,247,215,943,1
215,147,972,215,147,972,215,147,972,1
147,129,924,147,129,924,147,129,924,1
129,233,993,129,233,993,129,233,993,1
233,122,911,233,122,911,233,122,911,1
122,224,997,122,224,997,122,224,997,1
224,350,919,224,350,919,224,350,919,1
350,127,940,350,127,940,350,127,940,1
127,221,1015,127,221,1015,127,221,1015,1
221,127,934,221,127,934,221,127,934,1
127,241,1013,127,241,1013,127,241,1013,1
241,132,943,241,132,943,241,132,943,1
132,249,1019,132,249,1019,132,249,1019,1
249,361,933,249,361,933,249,361,933,1
361,128,944,361,128,944,361,128,944,1
128,229,1012,128,229,1012,128,229,1012,1
229,125,946,229,125,946,229,125,946,1
125,231,1013,125,231,1013,125,231,1013,1
231,370,932,231,370,932,231,370,932,1
370,379,939,370,379,939,370,379,939,1
379,134,933,379,134,933,379,134,933,1
134,244,998,134,244,998,134,244,998,1
244,130,915,244,130,915,244,130,915,1
130,242,992,130,242,992,130,242,992,1
242,347,921,242,347,921,242,347,921,1
347,366,923,347,366,923,347,366,923,1
366,130,926,366,130,926,366,130,926,1
130,246,1002,130,246,1002,130,246,1002,1
246,133,925,246,133,925,246,133,925,1
133,247,999,133,247,999,133,247,999,1
247,136,934,247,136,934,247,136,934,1
136,255,991,136,255,991,136,255,991,1
255,130,905,255,130,905,255,130,905,1
130,246,978,130,246,978,130,246,978,1
246,350,906,246,350,906,246,350,906,1
350,124,920,350,124,920,350,124,920,1
124,241,975,124,241,975,124,241,975,1
241,126,910,241,126,910,241,126,910,1
126,257,994,126,257,994,126,257,994,1
257,208,931,257,208,931,257,208,931,1
208,171,968,208,171,968,208,171,968,1
171,132,952,171,132,952,171,132,952,1
132,240,1015,132,240,1015,132,240,1015,1
240,126,930,240,126,930,240,126,930,1
126,241,1002,126,241,1002,126,241,1002,1
241,206,935,241,206,935,241,206,935,1
206,152,979,206,152,979,206,152,979,1
152,127,986,152,127,986,152,127,986,1
127,213,1058,127,213,1058,127,213,1058,1
213,353,960,213,353,960,213,353,960,1
353,137,951,353,137,951,353,137,951,1
137,239,1007,137,239,1007,137,239,1007,1
239,138,923,239,138,923,239,138,923,1
138,236,994,138,236,994,138,236,994,1
236,352,936,236,352,936,236,352,936,1
352,126,922,352,126,922,352,126,922,1
126,223,984,126,223,984,126,223,984,1
223,225,906,223,225,906,223,225,906,1
225,134,949,225,134,949,225,134,949,1
134,133,931,134,133,931,134,133,931,1
133,230,995,133,230,995,133,230,995,1
230,135,900,230,135,900,230,135,900,1
135,238,966,135,238,966,135,238,966,1
238,221,899,238,221,899,238,221,899,1
221,155,940,221,155,940,221,155,940,1
155,348,937,155,348,937,155,348,937,1
348,356,933,348,356,933,348,356,933,1
356,123,955,356,123,955,356,123,955,1
123,231,1022,123,231,1022,123,231,1022,1
231,128,952,231,128,952,231,128,952,1
128,231,1022,128,231,1022,128,231,1022,1
231,136,958,231,136,958,231,136,958,1
136,246,1012,136,246,1012,136,246,1012,1
246,374,933,246,374,933,246,374,933,1
374,346,968,374,346,968,374,346,968,1
346,351,953,346,351,953,346,351,953,1
351,123,951,351,123,951,351,123,951,1
123,242,1021,123,242,1021,123,242,1021,1
242,366,960,242,366,960,242,366,960,1
366,131,976,366,131,976,366,131,976,1
131,238,1034,131,238,1034,131,238,1034,1
238,133,962,238,133,962,238,133,962,1
133,236,1024,133,236,1024,133,236,1024,1
236,130,941,236,130,941,236,130,941,1
130,231,1002,130,231,1002,130,231,1002,1
231,124,927,231,124,927,231,124,927,1
124,225,1006,124,225,1006,124,225,1006,1
225,347,943,225,347,943,225,347,943,1
347,131,929,347,131,929,347,131,929,1
131,245,1001,131,245,1001,131,245,1001,1
245,137,912,245,137,912,245,137,912,1
137,245,985,137,245,985,137,245,985,1
245,224,930,245,224,930,245,224,930,1
224,138,958,224,138,958,224,138,958,1
138,126,918,138,126,918,138,126,918,1
126,232,994,126,232,994,126,232,994,1
232,127,916,232,127,916,232,127,916,1
127,237,983,127,237,983,127,237,983,1
237,351,923,237,351,923,237,351,923,1
351,127,924,351,127,924,351,127,924,1
127,246,989,127,246,989,127,246,989,1
246,127,919,246,127,919,246,127,919,1
127,256,999,127,256,999,127,256,999,1
256,363,924,256,363,924,256,363,924,1
363,130,965,363,130,965,363,130,965,1
130,225,1019,130,225,1019,130,225,1019,1
225,123,945,225,123,945,225,123,945,1
123,231,1021,123,231,1021,123,231,1021,1
231,362,953,231,362,953,231,362,953,1
362,202,988,362,202,988,362,202,988,1
202,169,1034,202,169,1034,202,169,1034,1
169,134,1011,169,134,1011,169,134,1011,1
134,239,1068,134,239,1068,134,239,1068,1
239,128,979,239,128,979,239,128,979,1
128,241,1040,128,241,1040,128,241,1040,1
241,348,937,241,348,937,241,348,937,1
348,125,915,348,125,915,348,125,915,1
125,232,976,125,232,976,125,232,976,1
232,128,893,232,128,893,232,128,893,1
128,239,975,128,239,975,128,239,975,1
239,359,898,239,359,898,239,359,898,1
359,134,911,359,134,911,359,134,911,1
134,247,983,134,247,983,134,247,983,1
247,135,908,247,135,908,247,135,908,1
135,241,993,135,241,993,135,241,993,1
241,348,914,241,348,914,241,348,914,1
348,199,932,348,199,932,348,199,932,1
199,144,951,199,144,951,199,144,951,1
144,121,919,144,121,919,144,121,919,1
121,177,993,121,177,993,121,177,993,1
177,167,937,177,167,937,177,167,937,1
167,284,935,167,284,935,167,284,935,1
284,363,919,284,363,919,284,363,919,1
363,130,940,363,130,940,363,130,940,1
130,228,994,130,228,994,130,228,994,1
228,367,930,228,367,930,228,367,930,1
367,349,942,367,349,942,367,349,942,1
349,208,962,349,208,962,349,208,962,1
208,141,984,208,141,984,208,141,984,1
141,130,958,141,130,958,141,130,958,1
130,249,1026,130,249,1026,130,249,1026,1
249,135,953,249,135,953,249,135,953,1
135,255,1021,135,255,1021,135,255,1021,1
255,230,950,255,230,950,255,230,950,1
230,132,972,230,132,972,230,132,972,1
132,127,937,132,127,937,132,127,937,1
127,228,1007,127,228,1007,127,228,1007,1
228,121,928,228,121,928,228,121,928,1
121,243,1001,121,243,1001,121,243,1001,1
243,227,913,243,227,913,243,227,913,1
227,141,943,227,141,943,227,141,943,1
141,369,928,141,369,928,141,369,928,1
369,134,928,369,134,928,369,134,928,1
134,249,1002,134,249,1002,134,249,1002,1
249,130,938,249,130,938,249,130,938,1
130,241,1013,130,241,1013,130,241,1013,1
241,352,934,241,352,934,241,352,934,1
352,122,934,352,122,934,352,122,934,1
122,239,1011,122,239,1011,122,239,1011,1
239,125,920,239,125,920,239,125,920,1
125,240,988,125,240,988,125,240,988,1
240,316,908,240,316,908,240,316,908,1
316,200,954,316,200,954,316,200,954,1
200,239,989,200,239,989,200,239,989,1
239,369,925,239,369,925,239,369,925,1
369,125,940,369,125,940,369,125,940,1
125,230,1012,125,230,1012,125,230,1012,1
230,348,950,230,348,950,230,348,950,1
348,130,955,348,130,955,348,130,955,1
130,242,1016,130,242,1016,130,242,1016,1
242,136,945,242,136,945,242,136,945,1
136,241,1015,136,241,1015,136,241,1015,1
241,367,951,241,367,951,241,367,951,1
367,136,959,367,136,959,367,136,959,1
136,224,1013,136,224,1013,136,224,1013,1
224,124,935,224,124,935,224,124,935,1
124,231,1005,124,231,1005,124,231,1005,1
231,125,928,231,125,928,231,125,928,1
125,226,998,125,226,998,125,226,998,1
226,127,925,226,127,925,226,127,925,1
127,235,997,127,235,997,127,235,997,1
235,136,917,235,136,917,235,136,917,1
136,255,998,136,255,998,136,255,998,1
255,364,915,255,364,915,255,364,915,1
364,358,921,364,358,921,364,358,921,1
358,362,928,358,362,928,358,362,928,1
362,345,937,362,345,937,362,345,937,1
345,125,929,345,125,929,345,125,929,1
125,235,998,125,235,998,125,235,998,1
235,129,913,235,129,913,235,129,913,1
129,183,982,129,183,982,129,183,982,1
183,168,954,183,168,954,183,168,954,1
168,265,966,168,265,966,168,265,966,1
265,129,955,265,129,955,265,129,955,1
129,225,1014,129,225,1014,129,225,1014,1
225,121,937,225,121,937,225,121,937,1
121,232,1008,121,232,1008,121,232,1008,1
232,349,939,232,349,939,232,349,939,1
349,364,976,349,364,976,349,364,976,1
364,378,968,364,378,968,364,378,968,1
378,377,955,378,377,955,378,377,955,1
377,350,954,377,350,954,377,350,954,1
350,124,957,350,124,957,350,124,957,1
124,227,1022,124,227,1022,124,227,1022,1
227,128,931,227,128,931,227,128,931,1
128,229,997,128,229,997,128,229,997,1
229,357,903,229,357,903,229,357,903,1
357,293,920,357,293,920,357,293,920,1
293,207,966,293,207,966,293,207,966,1
207,229,1010,207,229,1010,207,229,1010,1
229,130,925,229,130,925,229,130,925,1
130,221,981,130,221,981,130,221,981,1
221,346,908,221,346,908,221,346,908,1
346,129,937,346,129,937,346,129,937,1
129,224,999,129,224,999,129,224,999,1
224,130,937,224,130,937,224,130,937,1
130,184,1013,130,184,1013,130,184,1013,1
184,178,977,184,178,977,184,178,977,1
178,265,998,178,265,998,178,265,998,1
265,134,985,265,134,985,265,134,985,1
134,228,1028,134,228,1028,134,228,1028,1
228,376,920,228,376,920,228,376,920,1
376,356,927,376,356,927,376,356,927,1
356,199,949,356,199,949,356,199,949,1
199,154,976,199,154,976,199,154,976,1
154,127,940,154,127,940,154,127,940,1
127,248,1009,127,248,1009,127,248,1009,1
248,131,956,248,131,956,248,131,956,1
131,228,1021,131,228,1021,131,228,1021,1
228,133,946,228,133,946,228,133,946,1
133,231,1014,133,231,1014,133,231,1014,1
231,123,926,231,123,926,231,123,926,1
123,212,1001,123,212,1001,123,212,1001,1
212,123,935,212,123,935,212,123,935,1
123,191,1003,123,191,1003,123,191,1003,1
191,127,914,191,127,914,191,127,914,1
127,204,989,127,204,989,127,204,989,1
204,331,916,204,331,916,204,331,916,1
331,131,945,331,131,945,331,131,945,1
131,225,1012,131,225,1012,131,225,1012,1
225,129,931,225,129,931,225,129,931,1
129,239,999,129,239,999,129,239,999,1
239,369,924,239,369,924,239,369,924,1
369,352,943,369,352,943,369,352,943,1
352,122,959,352,122,959,352,122,959,1
122,234,1014,122,234,1014,122,234,1014,1
234,124,933,234,124,933,234,124,933,1
124,247,998,124,247,998,124,247,998,1
247,137,924,247,137,924,247,137,924,1
137,252,995,137,252,995,137,252,995,1
252,378,945,252,378,945,252,378,945,1
378,127,935,378,127,935,378,127,935,1
127,244,1015,127,244,1015,127,244,1015,1
244,128,947,244,128,947,244,128,947,1
128,239,1012,128,239,1012,128,239,1012,1
239,361,954,239,361,954,239,361,954,1
361,131,1004,361,131,1004,361,131,1004,1
131,235,1055,131,235,1055,131,235,1055,1
235,132,964,235,132,964,235,132,964,1
132,244,1029,132,244,1029,132,244,1029,1
244,134,947,244,134,947,244,134,947,1
134,256,1003,134,256,1003,134,256,1003,1
256,361,935,256,361,935,256,361,935,1
361,121,929,361,121,929,361,121,929,1
121,237,1006,121,237,1006,121,237,1006,1
237,355,935,237,355,935,237,355,935,1
355,124,948,355,124,948,355,124,948,1
124,239,1016,124,239,1016,124,239,1016,1
239,137,899,239,137,899,239,137,899,1
137,208,962,137,208,962,137,208,962,1
208,133,903,208,133,903,208,133,903,1
133,252,945,133,252,945,133,252,945,1
252,127,943,252,127,943,252,127,943,1
127,215,1015,127,215,1015,127,215,1015,1
215,347,912,215,347,912,215,347,912,1
347,172,926,347,172,926,347,172,926,1
172,169,965,172,169,965,172,169,965,1
169,360,942,169,360,942,169,360,942,1
360,379,931,360,379,931,360,379,931,1
379,378,920,379,378,920,379,378,920,1
378,348,939,378,348,939,378,348,939,1
348,122,955,348,122,955,348,122,955,1
122,222,1028,122,222,1028,122,222,1028,1
222,217,952,222,217,952,222,217,952,1
217,131,989,217,131,989,217,131,989,1
131,347,973,131,347,973,131,347,973,1
347,134,939,347,134,939,347,134,939,1
134,233,1002,134,233,1002,134,233,1002,1
233,133,909,233,133,909,233,133,909,1
133,234,980,133,234,980,133,234,980,1
234,221,907,234,221,907,234,221,907,1
221,122,952,221,122,952,221,122,952,1
122,129,893,122,129,893,122,129,893,1
129,216,950,129,216,950,129,216,950,1
216,349,872,216,349,872,216,349,872,1
349,148,909,349,148,909,349,148,909,1
148,196,966,148,196,966,148,196,966,1
196,296,924,196,296,924,196,296,924,1
296,204,983,296,204,983,296,204,983,1
204,199,1045,204,199,1045,204,199,1045,1
199,135,960,199,135,960,199,135,960,1
135,184,1015,135,184,1015,135,184,1015,1
184,122,925,184,122,925,184,122,925,1
122,185,988,122,185,988,122,185,988,1
185,126,909,185,126,909,185,126,909,1
126,185,972,126,185,972,126,185,972,1
185,127,920,185,127,920,185,127,920,1
127,185,979,127,185,979,127,185,979,1
185,133,898,185,133,898,185,133,898,1
133,196,973,133,196,973,133,196,973,1
196,129,915,196,129,915,196,129,915,1
129,210,994,129,210,994,129,210,994,1
210,329,920,210,329,920,210,329,920,1
329,133,934,329,133,934,329,133,934,1
133,220,992,133,220,992,133,220,992,1
220,121,923,220,121,923,220,121,923,1
121,223,1006,121,223,1006,121,223,1006,1
223,350,933,223,350,933,223,350,933,1
350,358,939,350,358,939,350,358,939,1
358,132,950,358,132,950,358,132,950,1
132,249,1016,132,249,1016,132,249,1016,1
249,135,948,249,135,948,249,135,948,1
135,247,1011,135,247,1011,135,247,1011,1
247,130,923,247,130,923,247,130,923,1
130,231,993,130,231,993,130,231,993,1
231,347,928,231,347,928,231,347,928,1
347,130,920,347,130,920,347,130,920,1
130,230,993,130,230,993,130,230,993,1
230,370,920,230,370,920,230,370,920,1
370,134,924,370,134,924,370,134,924,1
134,248,997,134,248,997,134,248,997,1
248,364,925,248,364,925,248,364,925,1
364,131,928,364,131,928,364,131,928,1
131,234,995,131,234,995,131,234,995,1
234,126,920,234,126,920,234,126,920,1
126,226,997,126,226,997,126,226,997,1
226,348,933,226,348,933,226,348,933,1
348,365,949,348,365,949,348,365,949,1
365,133,938,365,133,938,365,133,938,1
133,245,1022,133,245,1022,133,245,1022,1
245,131,946,245,131,946,245,131,946,1
131,239,1026,131,239,1026,131,239,1026,1
239,351,954,239,351,954,239,351,954,1
351,342,980,351,342,980,351,342,980,1
342,123,974,342,123,974,342,123,974,1
123,237,1051,123,237,1051,123,237,1051,1
237,127,960,237,127,960,237,127,960,1
127,241,1023,127,241,1023,127,241,1023,1
241,127,931,241,127,931,241,127,931,1
127,238,1005,127,238,1005,127,238,1005,1
238,134,949,238,134,949,238,134,949,1
134,230,1024,134,230,1024,134,230,1024,1
230,125,937,230,125,937,230,125,937,1
125,221,1023,125,221,1023,125,221,1023,1
221,314,931,221,314,931,221,314,931,1
314,123,943,314,123,943,314,123,943,1
123,190,1026,123,190,1026,123,190,1026,1
190,317,943,190,317,943,190,317,943,1
317,130,937,317,130,937,317,130,937,1
130,223,1012,130,223,1012,130,223,1012,1
223,130,939,223,130,939,223,130,939,1
130,231,1009,130,231,1009,130,231,1009,1
231,352,934,231,352,934,231,352,934,1
352,350,958,352,350,958,352,350,958,1
350,123,932,350,123,932,350,123,932,1
123,232,988,123,232,988,123,232,988,1
232,122,914,232,122,914,232,122,914,1
122,244,983,122,244,983,122,244,983,1
244,134,914,244,134,914,244,134,914,1
134,248,984,134,248,984,134,248,984,1
248,369,939,248,369,939,248,369,939,1
369,134,942,369,134,942,369,134,942,1
134,241,1015,134,241,1015,134,241,1015,1
241,125,943,241,125,943,241,125,943,1
125,236,1015,125,236,1015,125,236,1015,1
236,124,943,236,124,943,236,124,943,1
124,248,1019,124,248,1019,124,248,1019,1
248,131,948,248,131,948,248,131,948,1
131,245,1020,131,245,1020,131,245,1020,1
245,138,943,245,138,943,245,138,943,1
138,240,1017,138,240,1017,138,240,1017,1
240,369,964,240,369,964,240,369,964,1
369,129,936,369,129,936,369,129,936,1
129,238,1004,129,238,1004,129,238,1004,1
238,363,925,238,363,925,238,363,925,1
363,124,931,363,124,931,363,124,931,1
124,231,1002,124,231,1002,124,231,1002,1
231,336,923,231,336,923,231,336,923,1
336,135,920,336,135,920,336,135,920,1
135,232,1007,135,232,1007,135,232,1007,1
232,348,925,232,348,925,232,348,925,1
348,130,951,348,130,951,348,130,951,1
130,198,1021,130,198,1021,130,198,1021,1
198,241,926,198,241,926,198,241,926,1
241,189,1018,241,189,1018,241,189,1018,1
189,184,1020,189,184,1020,189,184,1020,1
184,241,923,184,241,923,184,241,923,1
241,200,977,241,200,977,241,200,977,1
200,178,1016,200,178,1016,200,178,1016,1
178,327,964,178,327,964,178,327,964,1
327,132,934,327,132,934,327,132,934,1
132,192,974,132,192,974,132,192,974,1
192,325,890,192,325,890,192,325,890,1
325,124,901,325,124,901,325,124,901,1
124,192,975,124,192,975,124,192,975,1
192,314,931,192,314,931,192,314,931,1
314,328,936,314,328,936,314,328,936,1
328,127,941,328,127,941,328,127,941,1
127,221,1013,127,221,1013,127,221,1013,1
221,133,911,221,133,911,221,133,911,1
133,227,988,133,227,988,133,227,988,1
227,127,916,227,127,916,227,127,916,1
127,228,993,127,228,993,127,228,993,1
228,121,914,228,121,914,228,121,914,1
121,225,1002,121,225,1002,121,225,1002,1
225,127,919,225,127,919,225,127,919,1
127,237,1001,127,237,1001,127,237,1001,1
237,347,937,237,347,937,237,347,937,1
347,125,938,347,125,938,347,125,938,1
125,238,1016,125,238,1016,125,238,1016,1
238,134,939,238,134,939,238,134,939,1
134,216,1007,134,216,1007,134,216,1007,1
216,127,929,216,127,929,216,127,929,1
127,203,1003,127,203,1003,127,203,1003,1
203,127,946,203,127,946,203,127,946,1
127,200,1004,127,200,1004,127,200,1004,1
200,123,926,200,123,926,200,123,926,1
123,208,1003,123,208,1003,123,208,1003,1
208,121,942,208,121,942,208,121,942,1
121,230,1021,121,230,1021,121,230,1021,1
230,132,929,230,132,929,230,132,929,1
132,250,1003,132,250,1003,132,250,1003,1
250,129,922,250,129,922,250,129,922,1
129,253,1011,129,253,1011,129,253,1011,1
253,205,929,253,205,929,253,205,929,1
205,175,965,205,175,965,205,175,965,1
175,128,933,175,128,933,175,128,933,1
128,239,1005,128,239,1005,128,239,1005,1
239,127,925,239,127,925,239,127,925,1
127,245,1004,127,245,1004,127,245,1004,1
245,127,921,245,127,921,245,127,921,1
127,244,999,127,244,999,127,244,999,1
244,128,928,244,128,928,244,128,928,1
128,240,1009,128,240,1009,128,240,1009,1
240,133,927,240,133,927,240,133,927,1
133,245,1001,133,245,1001,133,245,1001,1
245,131,911,245,131,911,245,131,911,1
131,232,995,131,232,995,131,232,995,1
232,341,913,232,341,913,232,341,913,1
341,326,920,341,326,920,341,326,920,1
326,122,936,326,122,936,326,122,936,1
122,221,997,122,221,997,122,221,997,1
221,128,914,221,128,914,221,128,914,1
128,234,992,128,234,992,128,234,992,1
234,347,916,234,347,916,234,347,916,1
347,126,942,347,126,942,347,126,942,1
126,195,1035,126,195,1035,126,195,1035,1
195,125,928,195,125,928,195,125,928,1
125,204,1003,125,204,1003,125,204,1003,1
204,125,915,204,125,915,204,125,915,1
125,209,1005,125,209,1005,125,209,1005,1
209,123,913,209,123,913,209,123,913,1
123,207,1006,123,207,1006,123,207,1006,1
207,128,923,207,128,923,207,128,923,1
128,220,1006,128,220,1006,128,220,1006,1
220,132,916,220,132,916,220,132,916,1
132,228,1007,132,228,1007,132,228,1007,1
228,134,928,228,134,928,228,134,928,1
134,165,1005,134,165,1005,134,165,1005,1
165,195,967,165,195,967,165,195,967,1
195,209,1011,195,209,1011,195,209,1011,1
209,308,932,209,308,932,209,308,932,1
308,123,937,308,123,937,308,123,937,1
123,177,1028,123,177,1028,123,177,1028,-1
177,130,912,177,130,912,177,130,912,1
130,173,997,130,173,997,130,173,997,1
173,128,911,173,128,911,173,128,911,1
128,179,994,128,179,994,128,179,994,1
179,127,910,179,127,910,179,127,910,1
127,179,1004,127,179,1004,127,179,1004,1
179,128,903,179,128,903,179,128,903,1
128,196,993,128,196,993,128,196,993,1
196,126,930,196,126,930,196,126,930,1
126,196,992,126,196,992,126,196,992,1
196,123,915,196,123,915,196,123,915,1
123,217,1000,123,217,1000,123,217,1000,1
217,345,927,217,345,927,217,345,927,1
345,122,925,345,122,925,345,122,925,1
122,243,1001,122,243,1001,122,243,1001,1
243,135,932,243,135,932,243,135,932,1
135,248,993,135,248,993,135,248,993,1
248,209,922,248,209,922,248,209,922,1
209,156,957,209,156,957,209,156,957,1
156,125,932,156,125,932,156,125,932,1
125,226,1007,125,226,1007,125,226,1007,1
226,123,929,226,123,929,226,123,929,1
123,207,1005,123,207,1005,123,207,1005,1
207,127,924,207,127,924,207,127,924,1
127,202,1001,127,202,1001,127,202,1001,1
202,129,919,202,129,919,202,129,919,1
129,194,997,129,194,997,129,194,997,1
194,130,938,194,130,938,194,130,938,1
130,212,1007,130,212,1007,130,212,1007,1
212,130,938,212,130,938,212,130,938,1
130,226,1029,130,226,1029,130,226,1029,1
226,134,950,226,134,950,226,134,950,1
134,229,1021,134,229,1021,134,229,1021,1
229,125,934,229,125,934,229,125,934,1
125,229,1006,125,229,1006,125,229,1006,1
229,347,912,229,347,912,229,347,912,1
347,126,907,347,126,907,347,126,907,1
126,240,983,126,240,983,126,240,983,1
240,132,908,240,132,908,240,132,908,1
132,253,991,132,253,991,132,253,991,1
253,133,918,253,133,918,253,133,918,1
133,251,1007,133,251,1007,133,251,1007,1
251,131,926,251,131,926,251,131,926,1
131,238,1009,131,238,1009,131,238,1009,1
238,124,943,238,124,943,238,124,943,1
124,240,1028,124,240,1028,124,240,1028,1
240,126,943,240,126,943,240,126,943,1
126,232,1031,126,232,1031,126,232,1031,1
232,127,945,232,127,945,232,127,945,1
127,232,1027,127,232,1027,127,232,1027,1
232,128,943,232,128,943,232,128,943,1
128,252,1020,128,252,1020,128,252,1020,1
252,128,931,252,128,931,252,128,931,1
128,247,1017,128,247,1017,128,247,1017,1
247,130,934,247,130,934,247,130,934,1
130,236,1014,130,236,1014,130,236,1014,1
236,332,939,236,332,939,236,332,939,1
332,329,945,332,329,945,332,329,945,1
329,128,932,329,128,932,329,128,932,1
128,228,1018,128,228,1018,128,228,1018,1
228,128,959,228,128,959,228,128,959,1
128,212,1026,128,212,1026,128,212,1026,1
212,128,930,212,128,930,212,128,930,1
128,223,1012,128,223,1012,128,223,1012,1
223,336,922,223,336,922,223,336,922,1
336,121,924,336,121,924,336,121,924,1
121,184,1002,121,184,1002,121,184,1002,1
184,122,919,184,122,919,184,122,919,1
122,176,1019,122,176,1019,122,176,1019,1
176,124,915,176,124,915,176,124,915,1
124,171,1016,124,171,1016,124,171,1016,1
171,124,914,171,124,914,171,124,914,1
124,172,1005,124,172,1005,124,172,1005,1
172,131,905,172,131,905,172,131,905,1
131,130,988,131,130,988,131,130,988,1
130,201,946,130,201,946,130,201,946,1
201,219,989,201,219,989,201,219,989,1
219,128,912,219,128,912,219,128,912,1
128,207,998,128,207,998,128,207,998,1
207,316,932,207,316,932,207,316,932,1
316,313,928,316,313,928,316,313,928,1
313,330,939,313,330,939,313,330,939,1
330,131,915,330,131,915,330,131,915,1
131,232,998,131,232,998,131,232,998,1
232,129,934,232,129,934,232,129,934,1
129,248,1012,129,248,1012,129,248,1012,1
248,130,938,248,130,938,248,130,938,1
130,253,1002,130,253,1002,130,253,1002,1
253,378,937,253,378,937,253,378,937,1
378,125,949,378,125,949,378,125,949,1
125,243,1029,125,243,1029,125,243,1029,1
243,124,953,243,124,953,243,124,953,1
124,250,1030,124,250,1030,124,250,1030,1
250,133,946,250,133,946,250,133,946,1
133,123,1026,133,123,1026,133,123,1026,1
123,136,975,123,136,975,123,136,975,1
136,136,939,136,136,939,136,136,939,1
136,260,1012,136,260,1012,136,260,1012,1
260,126,931,260,126,931,260,126,931,1
126,247,1003,126,247,1003,126,247,1003,1
247,339,931,247,339,931,247,339,931,1
339,122,918,339,122,918,339,122,918,1
122,235,1005,122,235,1005,122,235,1005,1
235,124,917,235,124,917,235,124,917,1
124,233,1005,124,233,1005,124,233,1005,1
233,126,921,233,126,921,233,126,921,1
126,232,1006,126,232,1006,126,232,1006,1
232,130,929,232,130,929,232,130,929,1
130,235,1016,130,235,1016,130,235,1016,1
235,128,919,235,128,919,235,128,919,1
128,229,1004,128,229,1004,128,229,1004,1
229,127,914,229,127,914,229,127,914,1
127,226,997,127,226,997,127,226,997,1
226,122,918,226,122,918,226,122,918,1
122,223,1004,122,223,1004,122,223,1004,1
223,353,929,223,353,929,223,353,929,1
353,133,930,353,133,930,353,133,930,1
133,244,1010,133,244,1010,133,244,1010,1
244,361,946,244,361,946,244,361,946,1
361,125,939,361,125,939,361,125,939,1
125,230,1032,125,230,1032,125,230,1032,1
230,126,946,230,126,946,230,126,946,1
126,223,1026,126,223,1026,126,223,1026,1
223,124,948,223,124,948,223,124,948,1
124,233,1031,124,233,1031,124,233,1031,1
233,128,954,233,128,954,233,128,954,1
128,233,1035,128,233,1035,128,233,1035,1
233,132,946,233,132,946,233,132,946,1
132,239,1015,132,239,1015,132,239,1015,1
239,134,930,239,134,930,239,134,930,1
134,247,1012,134,247,1012,134,247,1012,1
247,136,934,247,136,934,247,136,934,1
136,225,1007,136,225,1007,136,225,1007,1
225,129,946,225,129,946,225,129,946,1
129,219,1019,129,219,1019,129,219,1019,1
219,124,942,219,124,942,219,124,942,1
124,228,1021,124,228,1021,124,228,1021,1
228,126,934,228,126,934,228,126,934,1
126,236,1015,126,236,1015,126,236,1015,1
236,369,933,236,369,933,236,369,933,1
369,131,931,369,131,931,369,131,931,1
131,230,998,131,230,998,131,230,998,1
230,127,917,230,127,917,230,127,917,1
127,233,1008,127,233,1008,127,233,1008,1
233,126,926,233,126,926,233,126,926,1
126,233,1013,126,233,1013,126,233,1013,1
233,340,931,233,340,931,233,340,931,1
340,124,935,340,124,935,340,124,935,1
124,224,1003,124,224,1003,124,224,1003,1
224,128,924,224,128,924,224,128,924,1
128,244,1001,128,244,1001,128,244,1001,1
244,130,927,244,130,927,244,130,927,1
130,245,1008,130,245,1008,130,245,1008,1
245,354,952,245,354,952,245,354,952,1
354,126,952,354,126,952,354,126,952,1
126,215,1013,126,215,1013,126,215,1013,1
215,341,922,215,341,922,215,341,922,1
341,128,920,341,128,920,341,128,920,1
128,168,1001,128,168,1001,128,168,1001,1
168,165,963,168,165,963,168,165,963,1
165,248,980,165,248,980,165,248,980,1
248,127,937,248,127,937,248,127,937,1
127,204,1009,127,204,1009,127,204,1009,1
204,127,912,204,127,912,204,127,912,1
127,218,1006,127,218,1006,127,218,1006,1
218,123,934,218,123,934,218,123,934,1
123,204,1010,123,204,1010,123,204,1010,1
204,126,935,204,126,935,204,126,935,1
126,203,1021,126,203,1021,126,203,1021,1
203,121,941,203,121,941,203,121,941,1
121,203,1012,121,203,1012,121,203,1012,1
203,122,934,203,122,934,203,122,934,1
122,225,1015,122,225,1015,122,225,1015,1
225,135,929,225,135,929,225,135,929,1
135,172,1005,135,172,1005,135,172,1005,1
172,199,962,172,199,962,172,199,962,1
199,223,1003,199,223,1003,199,223,1003,1
223,125,922,223,125,922,223,125,922,1
125,225,988,125,225,988,125,225,988,1
225,121,912,225,121,912,225,121,912,1
121,227,992,121,227,992,121,227,992,1
227,349,919,227,349,919,227,349,919,1
349,361,937,349,361,937,349,361,937,1
361,132,934,361,132,934,361,132,934,1
132,243,1016,132,243,1016,132,243,1016,1
243,130,935,243,130,935,243,130,935,1
130,247,1008,130,247,1008,130,247,1008,1
247,131,928,247,131,928,247,131,928,1
131,228,993,131,228,993,131,228,993,1
228,126,918,228,126,918,228,126,918,1
126,226,988,126,226,988,126,226,988,1
226,123,913,226,123,913,226,123,913,1
123,230,994,123,230,994,123,230,994,1
230,346,924,230,346,924,230,346,924,1
346,138,911,346,138,911,346,138,911,1
138,230,993,138,230,993,138,230,993,1
230,134,907,230,134,907,230,134,907,1
134,206,991,134,206,991,134,206,991,1
206,131,908,206,131,908,206,131,908,1
131,190,995,131,190,995,131,190,995,1
190,311,931,190,311,931,190,311,931,1
311,124,946,311,124,946,311,124,946,1
124,201,1008,124,201,1008,124,201,1008,1
201,124,939,201,124,939,201,124,939,1
124,213,1019,124,213,1019,124,213,1019,1
213,123,930,213,123,930,213,123,930,1
123,225,1019,123,225,1019,123,225,1019,1
225,135,924,225,135,924,225,135,924,1
135,147,994,135,147,994,135,147,994,1
147,200,941,147,200,941,147,200,941,1
200,224,988,200,224,988,200,224,988,1
224,128,916,224,128,916,224,128,916,1
128,224,1008,128,224,1008,128,224,1008,1
224,126,935,224,126,935,224,126,935,1
126,223,1020,126,223,1020,126,223,1020,1
223,215,942,223,215,942,223,215,942,1
215,136,965,215,136,965,215,136,965,1
136,135,928,136,135,928,136,135,928,1
135,244,999,135,244,999,135,244,999,1
244,135,930,244,135,930,244,135,930,1
135,239,1013,135,239,1013,135,239,1013,1
239,207,944,239,207,944,239,207,944,1
207,145,970,207,145,970,207,145,970,1
145,128,945,145,128,945,145,128,945,1
128,213,1018,128,213,1018,128,213,1018,1
213,123,934,213,123,934,213,123,934,1
123,230,1013,123,230,1013,123,230,1013,1
230,124,938,230,124,938,230,124,938,1
124,231,1016,124,231,1016,124,231,1016,1
231,129,944,231,129,944,231,129,944,1
129,233,1007,129,233,1007,129,233,1007,1
233,133,936,233,133,936,233,133,936,1
133,248,1010,133,248,1010,133,248,1010,1
248,136,939,248,136,939,248,136,939,1
136,221,1012,136,221,1012,136,221,1012,1
221,330,947,221,330,947,221,330,947,1
330,122,944,330,122,944,330,122,944,1
122,220,1026,122,220,1026,122,220,1026,1
220,121,939,220,121,939,220,121,939,1
121,229,1020,121,229,1020,121,229,1020,1
229,131,940,229,131,940,229,131,940,1
131,243,1013,131,243,1013,131,243,1013,1
243,372,933,243,372,933,243,372,933,1
372,129,939,372,129,939,372,129,939,1
129,242,1014,129,242,1014,129,242,1014,1
242,354,938,242,354,938,242,354,938,1
354,124,954,354,124,954,354,124,954,1
124,219,1009,124,219,1009,124,219,1009,1
219,122,940,219,122,940,219,122,940,1
122,228,1011,122,228,1011,122,228,1011,1
228,128,925,228,128,925,228,128,925,1
128,239,1002,128,239,1002,128,239,1002,1
239,133,934,239,133,934,239,133,934,1
133,231,1009,133,231,1009,133,231,1009,1
231,135,943,231,135,943,231,135,943,1
135,230,1003,135,230,1003,135,230,1003,1
230,125,933,230,125,933,230,125,933,1
125,229,1009,125,229,1009,125,229,1009,1
229,123,924,229,123,924,229,123,924,1
123,225,1000,123,225,1000,123,225,1000,1
225,338,938,225,338,938,225,338,938,1
338,128,916,338,128,916,338,128,916,1
128,222,994,128,222,994,128,222,994,1
222,131,920,222,131,920,222,131,920,1
131,216,998,131,216,998,131,216,998,1
216,342,929,216,342,929,216,342,929,1
342,338,935,342,338,935,342,338,935,1
338,126,933,338,126,933,338,126,933,1
126,223,1010,126,223,1010,126,223,1010,1
223,123,933,223,123,933,223,123,933,1
123,234,1016,123,234,1016,123,234,1016,1
234,363,936,234,363,936,234,363,936,1
363,137,946,363,137,946,363,137,946,1
137,248,1020,137,248,1020,137,248,1020,1
248,135,940,248,135,940,248,135,940,1
135,244,1015,135,244,1015,135,244,1015,1
244,128,936,244,128,936,244,128,936,1
128,241,1010,128,241,1010,128,241,1010,1
241,351,939,241,351,939,241,351,939,1
351,124,921,351,124,921,351,124,921,1
124,245,994,124,245,994,124,245,994,1
245,126,910,245,126,910,245,126,910,1
126,185,994,126,185,994,126,185,994,1
185,198,951,185,198,951,185,198,951,1
198,242,995,198,242,995,198,242,995,1
242,136,944,242,136,944,242,136,944,1
136,248,1002,136,248,1002,136,248,1002,1
248,124,924,248,124,924,248,124,924,1
124,241,1000,124,241,1000,124,241,1000,1
241,355,917,241,355,917,241,355,917,1
355,215,931,355,215,931,355,215,931,1
215,138,958,215,138,958,215,138,958,1
138,381,925,138,381,925,138,381,925,1
381,140,921,381,140,921,381,140,921,1
140,249,992,140,249,992,140,249,992,1
249,361,933,249,361,933,249,361,933,1
361,128,934,361,128,934,361,128,934,1
128,234,1001,128,234,1001,128,234,1001,1
234,356,922,234,356,922,234,356,922,1
356,130,941,356,130,941,356,130,941,1
130,218,1006,130,218,1006,130,218,1006,1
218,131,937,218,131,937,218,131,937,1
131,243,1013,131,243,1013,131,243,1013,1
243,135,931,243,135,931,243,135,931,1
135,246,1005,135,246,1005,135,246,1005,1
246,369,925,246,369,925,246,369,925,1
369,128,918,369,128,918,369,128,918,1
128,223,984,128,223,984,128,223,984,1
223,124,906,223,124,906,223,124,906,1
124,227,987,124,227,987,124,227,987,1
227,351,920,227,351,920,227,351,920,1
351,132,922,351,132,922,351,132,922,1
132,243,993,132,243,993,132,243,993,1
243,132,920,243,132,920,243,132,920,1
132,174,1001,132,174,1001,132,174,1001,1
174,168,955,174,168,955,174,168,955,1
168,259,968,168,259,968,168,259,968,1
259,123,936,259,123,936,259,123,936,1
123,230,1002,123,230,1002,123,230,1002,1
230,357,922,230,357,922,230,357,922,1
357,125,939,357,125,939,357,125,939,1
125,224,1003,125,224,1003,125,224,1003,1
224,126,937,224,126,937,224,126,937,1
126,238,1006,126,238,1006,126,238,1006,1
238,217,916,238,217,916,238,217,916,1
217,174,948,217,174,948,217,174,948,1
174,361,926,174,361,926,174,361,926,1
