279,279,850,279,279,850,279,279,850,-1
279,276,952,279,276,952,279,276,952,1
276,266,941,276,266,941,276,266,941,1
266,265,796,266,265,796,266,265,796,1
265,270,799,265,270,799,265,270,799,1
270,271,832,270,271,832,270,271,832,1
271,270,876,271,270,876,271,270,876,1
270,268,837,270,268,837,270,268,837,1
268,271,866,268,271,866,268,271,866,1
271,268,884,271,268,884,271,268,884,1
268,269,888,268,269,888,268,269,888,1
269,273,848,269,273,848,269,273,848,1
273,267,863,273,267,863,273,267,863,1
267,271,861,267,271,861,267,271,861,1
271,278,919,271,278,919,271,278,919,1
278,270,947,278,270,947,278,270,947,1
270,272,910,270,272,910,270,272,910,1
272,277,888,272,277,888,272,277,888,1
277,271,873,277,271,873,277,271,873,1
271,271,860,271,271,860,271,271,860,1
271,272,857,271,272,857,271,272,857,1
272,277,976,272,277,976,272,277,976,1
277,278,936,277,278,936,277,278,936,1
278,270,878,278,270,878,278,270,878,1
270,282,838,270,282,838,270,282,838,1
282,275,894,282,275,894,282,275,894,1
275,273,835,275,273,835,275,273,835,1
273,277,793,273,277,793,273,277,793,1
277,274,875,277,274,875,277,274,875,1
274,274,871,274,274,871,274,274,871,1
274,280,857,274,280,857,274,280,857,1
280,272,820,280,272,820,280,272,820,1
272,274,829,272,274,829,272,274,829,1
274,277,916,274,277,916,274,277,916,1
277,270,839,277,270,839,277,270,839,1
270,271,847,270,271,847,270,271,847,1
271,271,918,271,271,918,271,271,918,1
271,270,927,271,270,927,271,270,927,1
270,276,865,270,276,865,270,276,865,1
276,270,918,276,270,918,276,270,918,1
270,271,903,270,271,903,270,271,903,1
271,274,853,271,274,853,271,274,853,1
274,278,808,274,278,808,274,278,808,1
278,271,858,278,271,858,278,271,858,1
271,269,841,271,269,841,271,269,841,1
269,274,780,269,274,780,269,274,780,1
274,286,831,274,286,831,274,286,831,1
286,275,904,286,275,904,286,275,904,1
275,280,900,275,280,900,275,280,900,1
280,283,924,280,283,924,280,283,924,1
283,271,831,283,271,831,283,271,831,1
271,276,753,271,276,753,271,276,753,1
276,275,843,276,275,843,276,275,843,1
275,273,847,275,273,847,275,273,847,1
273,274,837,273,274,837,273,274,837,1
274,271,814,274,271,814,274,271,814,1
271,273,850,271,273,850,271,273,850,1
273,275,874,273,275,874,273,275,874,1
275,277,845,275,277,845,275,277,845,1
277,272,861,277,272,861,277,272,861,1
272,267,936,272,267,936,272,267,936,1
267,276,862,267,276,862,267,276,862,1
276,282,912,276,282,912,276,282,912,1
282,278,856,282,278,856,282,278,856,1
278,280,902,278,280,902,278,280,902,1
280,282,933,280,282,933,280,282,933,1
282,280,931,282,280,931,282,280,931,1
280,281,823,280,281,823,280,281,823,1
281,275,834,281,275,834,281,275,834,1
275,281,810,275,281,810,275,281,810,1
281,285,841,281,285,841,281,285,841,1
285,272,865,285,272,865,285,272,865,1
272,280,860,272,280,860,272,280,860,1
280,282,945,280,282,945,280,282,945,1
282,277,854,282,277,854,282,277,854,1
277,281,834,277,281,834,277,281,834,1
281,275,877,281,275,877,281,275,877,1
275,279,824,275,279,824,275,279,824,1
279,285,879,279,285,879,279,285,879,1
285,278,851,285,278,851,285,278,851,1
278,287,815,278,287,815,278,287,815,1
287,275,949,287,275,949,287,275,949,1
275,273,844,275,273,844,275,273,844,1
273,281,831,273,281,831,273,281,831,1
281,275,868,281,275,868,281,275,868,1
275,276,898,275,276,898,275,276,898,1
276,277,891,276,277,891,276,277,891,1
277,275,837,277,275,837,277,275,837,1
275,280,861,275,280,861,275,280,861,1
280,282,861,280,282,861,280,282,861,1
282,268,892,282,268,892,282,268,892,1
268,279,922,268,279,922,268,279,922,1
279,277,874,279,277,874,279,277,874,1
277,282,916,277,282,916,277,282,916,1
282,274,914,282,274,914,282,274,914,1
274,273,885,274,273,885,274,273,885,1
273,284,864,273,284,864,273,284,864,1
284,273,841,284,273,841,284,273,841,1
273,274,810,273,274,810,273,274,810,1
274,274,882,274,274,882,274,274,882,1
274,274,824,274,274,824,274,274,824,1
274,280,913,274,280,913,274,280,913,1
280,269,842,280,269,842,280,269,842,1
269,270,814,269,270,814,269,270,814,1
270,279,819,270,279,819,270,279,819,1
279,273,788,279,273,788,279,273,788,1
273,268,806,273,268,806,273,268,806,1
268,273,957,268,273,957,268,273,957,1
273,271,967,273,271,967,273,271,967,1
271,280,874,271,280,874,271,280,874,1
280,274,943,280,274,943,280,274,943,1
274,272,905,274,272,905,274,272,905,1
272,280,914,272,280,914,272,280,914,1
280,278,829,280,278,829,280,278,829,1
278,270,862,278,270,862,278,270,862,1
270,274,904,270,274,904,270,274,904,1
274,272,895,274,272,895,274,272,895,1
272,280,858,272,280,858,272,280,858,1
280,269,864,280,269,864,280,269,864,1
269,274,828,269,274,828,269,274,828,1
274,285,911,274,285,911,274,285,911,1
285,276,896,285,276,896,285,276,896,1
276,277,810,276,277,810,276,277,810,1
277,278,908,277,278,908,277,278,908,1
278,279,944,278,279,944,278,279,944,1
279,281,893,279,281,893,279,281,893,1
281,184,858,281,184,858,281,184,858,1
184,215,1541,184,215,1541,184,215,1541,1
215,160,773,215,160,773,215,160,773,-1
160,182,1010,160,182,1010,160,182,1010,1
182,277,809,182,277,809,182,277,809,1
277,155,1526,277,155,1526,277,155,1526,-1
155,212,781,155,212,781,155,212,781,1
212,274,872,212,274,872,212,274,872,1
274,272,815,274,272,815,274,272,815,1
272,279,876,272,279,876,272,279,876,1
279,273,811,279,273,811,279,273,811,1
273,279,911,273,279,911,273,279,911,1
279,274,924,279,274,924,279,274,924,1
274,271,837,274,271,837,274,271,837,1
271,275,811,271,275,811,271,275,811,1
275,273,826,275,273,826,275,273,826,1
273,276,868,273,276,868,273,276,868,1
276,280,821,276,280,821,276,280,821,1
280,276,911,280,276,911,280,276,911,1
276,281,895,276,281,895,276,281,895,1
281,276,925,281,276,925,281,276,925,1
276,280,873,276,280,873,276,280,873,1
280,276,866,280,276,866,280,276,866,1
276,274,810,276,274,810,276,274,810,1
274,280,864,274,280,864,274,280,864,1
280,281,871,280,281,871,280,281,871,1
281,275,813,281,275,813,281,275,813,1
275,278,834,275,278,834,275,278,834,1
278,276,910,278,276,910,278,276,910,1
276,272,859,276,272,859,276,272,859,1
272,274,874,272,274,874,272,274,874,1
274,274,875,274,274,875,274,274,875,1
274,277,877,274,277,877,274,277,877,1
277,284,925,277,284,925,277,284,925,1
284,275,882,284,275,882,284,275,882,1
275,281,834,275,281,834,275,281,834,1
281,279,880,281,279,880,281,279,880,1
279,273,852,279,273,852,279,273,852,1
273,277,857,273,277,857,273,277,857,1
277,273,843,277,273,843,277,273,843,1
273,278,875,273,278,875,273,278,875,1
278,280,855,278,280,855,278,280,855,1
280,275,830,280,275,830,280,275,830,1
275,285,869,275,285,869,275,285,869,1
285,279,893,285,279,893,285,279,893,1
279,276,829,279,276,829,279,276,829,1
276,279,828,276,279,828,276,279,828,1
279,277,852,279,277,852,279,277,852,1
277,280,864,277,280,864,277,280,864,1
280,282,866,280,282,866,280,282,866,1
282,275,879,282,275,879,282,275,879,1
275,276,890,275,276,890,275,276,890,1
276,277,863,276,277,863,276,277,863,1
277,272,872,277,272,872,277,272,872,1
272,272,863,272,272,863,272,272,863,1
272,275,830,272,275,830,272,275,830,1
275,273,935,275,273,935,275,273,935,1
273,272,918,273,272,918,273,272,918,1
272,271,870,272,271,870,272,271,870,1
271,283,816,271,283,816,271,283,816,1
283,271,888,283,271,888,283,271,888,1
271,266,904,271,266,904,271,266,904,1
266,281,818,266,281,818,266,281,818,1
281,268,900,281,268,900,281,268,900,1
268,280,855,268,280,855,268,280,855,1
280,279,866,280,279,866,280,279,866,1
279,271,833,279,271,833,279,271,833,1
271,283,837,271,283,837,271,283,837,1
283,277,912,283,277,912,283,277,912,1
277,179,895,277,179,895,277,179,895,-1
179,208,1506,179,208,1506,179,208,1506,1
208,153,766,208,153,766,208,153,766,1
153,275,874,153,275,874,153,275,874,1
275,270,843,275,270,843,275,270,843,1
270,272,844,270,272,844,270,272,844,1
272,271,825,272,271,825,272,271,825,1
271,276,874,271,276,874,271,276,874,1
276,271,862,276,271,862,276,271,862,1
271,267,854,271,267,854,271,267,854,-1
267,276,831,267,276,831,267,276,831,1
276,271,1538,276,271,1538,276,271,1538,1
271,278,872,271,278,872,271,278,872,-1
278,198,920,278,198,920,278,198,920,1
198,343,1533,198,343,1533,198,343,1533,1
343,278,909,343,278,909,343,278,909,1
278,271,878,278,271,878,278,271,878,1
271,263,852,271,263,852,271,263,852,1
263,267,841,263,267,841,263,267,841,1
267,268,809,267,268,809,267,268,809,1
268,268,838,268,268,838,268,268,838,1
268,265,800,268,265,800,268,265,800,1
265,270,763,265,270,763,265,270,763,1
270,276,864,270,276,864,270,276,864,1
276,265,912,276,265,912,276,265,912,1
265,266,804,265,266,804,265,266,804,1
266,275,836,266,275,836,266,275,836,1
275,266,867,275,266,867,275,266,867,1
266,277,864,266,277,864,266,277,864,1
277,275,864,277,275,864,277,275,864,1
275,265,895,275,265,895,275,265,895,1
265,279,840,265,279,840,265,279,840,1
279,268,936,279,268,936,279,268,936,1
268,264,852,268,264,852,268,264,852,1
264,271,856,264,271,856,264,271,856,1
271,269,854,271,269,854,271,269,854,1
269,267,856,269,267,856,269,267,856,1
267,270,880,267,270,880,267,270,880,1
270,271,849,270,271,849,270,271,849,1
271,276,846,271,276,846,271,276,846,1
276,270,852,276,270,852,276,270,852,1
270,266,890,270,266,890,270,266,890,1
266,275,849,266,275,849,266,275,849,1
275,269,905,275,269,905,275,269,905,1
269,277,903,269,277,903,269,277,903,1
277,272,907,277,272,907,277,272,907,1
272,269,840,272,269,840,272,269,840,1
269,280,825,269,280,825,269,280,825,1
280,270,846,280,270,846,280,270,846,1
270,268,836,270,268,836,270,268,836,1
268,271,857,268,271,857,268,271,857,1
271,269,850,271,269,850,271,269,850,1
269,273,843,269,273,843,269,273,843,1
273,272,947,273,272,947,273,272,947,1
272,271,853,272,271,853,272,271,853,1
271,277,921,271,277,921,271,277,921,1
277,271,847,277,271,847,277,271,847,1
271,264,994,271,264,994,271,264,994,1
264,277,832,264,277,832,264,277,832,1
277,269,882,277,269,882,277,269,882,1
269,276,933,269,276,933,269,276,933,1
276,272,930,276,272,930,276,272,930,1
272,269,825,272,269,825,272,269,825,1
269,279,828,269,279,828,269,279,828,1
279,272,887,279,272,887,279,272,887,1
272,269,909,272,269,909,272,269,909,1
269,271,897,269,271,897,269,271,897,1
271,267,917,271,267,917,271,267,917,1
267,271,863,267,271,863,267,271,863,1
271,273,896,271,273,896,271,273,896,1
273,268,849,273,268,849,273,268,849,1
268,270,872,268,270,872,268,270,872,1
270,270,928,270,270,928,270,270,928,1
270,269,857,270,269,857,270,269,857,1
269,270,831,269,270,831,269,270,831,1
270,263,870,270,263,870,270,263,870,1
263,274,853,263,274,853,263,274,853,1
274,274,886,274,274,886,274,274,886,1
274,264,886,274,264,886,274,264,886,-1
264,180,902,264,180,902,264,180,902,1
180,187,1588,180,187,1588,180,187,1588,1
187,176,784,187,176,784,187,176,784,1
176,272,920,176,272,920,176,272,920,1
272,264,862,272,264,862,272,264,862,1
264,269,862,264,269,862,264,269,862,1
269,264,869,269,264,869,269,264,869,1
264,273,927,264,273,927,264,273,927,1
273,266,937,273,266,937,273,266,937,1
266,263,867,266,263,867,266,263,867,1
263,276,882,263,276,882,263,276,882,1
276,267,864,276,267,864,276,267,864,1
267,264,860,267,264,860,267,264,860,1
264,266,927,264,266,927,264,266,927,1
266,270,870,266,270,870,266,270,870,1
270,271,867,270,271,867,270,271,867,1
271,266,946,271,266,946,271,266,946,1
266,267,834,266,267,834,266,267,834,1
267,274,893,267,274,893,267,274,893,1
274,267,884,274,267,884,274,267,884,1
267,261,860,267,261,860,267,261,860,1
261,273,790,261,273,790,261,273,790,1
273,264,844,273,264,844,273,264,844,1
264,266,823,264,266,823,264,266,823,1
266,271,840,266,271,840,266,271,840,1
271,265,999,271,265,999,271,265,999,1
265,270,936,265,270,936,265,270,936,1
270,269,979,270,269,979,270,269,979,1
269,266,859,269,266,859,269,266,859,1
266,267,880,266,267,880,266,267,880,1
267,269,837,267,269,837,267,269,837,1
269,268,862,269,268,862,269,268,862,1
268,269,929,268,269,929,268,269,929,1
269,266,825,269,266,825,269,266,825,1
266,272,886,266,272,886,266,272,886,1
272,269,900,272,269,900,272,269,900,1
269,266,867,269,266,867,269,266,867,1
266,268,856,266,268,856,266,268,856,1
268,261,843,268,261,843,268,261,843,1
261,267,894,261,267,894,261,267,894,1
267,275,820,267,275,820,267,275,820,1
275,265,861,275,265,861,275,265,861,1
265,268,842,265,268,842,265,268,842,1
268,273,870,268,273,870,268,273,870,1
273,270,830,273,270,830,273,270,830,1
270,266,804,270,266,804,270,266,804,1
266,271,837,266,271,837,266,271,837,1
271,269,853,271,269,853,271,269,853,1
269,277,824,269,277,824,269,277,824,1
277,267,882,277,267,882,277,267,882,1
267,274,857,267,274,857,267,274,857,1
274,275,882,274,275,882,274,275,882,1
275,272,840,275,272,840,275,272,840,1
272,271,808,272,271,808,272,271,808,1
271,266,816,271,266,816,271,266,816,1
266,273,885,266,273,885,266,273,885,1
273,277,834,273,277,834,273,277,834,1
277,271,827,277,271,827,277,271,827,1
271,274,822,271,274,822,271,274,822,1
274,277,917,274,277,917,274,277,917,1
277,274,853,277,274,853,277,274,853,1
274,275,837,274,275,837,274,275,837,1
275,273,942,275,273,942,275,273,942,1
273,275,870,273,275,870,273,275,870,1
275,278,900,275,278,900,275,278,900,1
278,272,921,278,272,921,278,272,921,1
272,276,888,272,276,888,272,276,888,1
276,274,879,276,274,879,276,274,879,1
274,267,880,274,267,880,274,267,880,1
267,273,859,267,273,859,267,273,859,1
273,263,828,273,263,828,273,263,828,1
263,267,801,263,267,801,263,267,801,1
267,276,786,267,276,786,267,276,786,1
276,264,778,276,264,778,276,264,778,-1
264,276,768,264,276,768,264,276,768,1
276,197,860,276,197,860,276,197,860,1
197,342,1548,197,342,1548,197,342,1548,-1
342,277,846,342,277,846,342,277,846,1
277,180,880,277,180,880,277,180,880,-1
180,358,1531,180,358,1531,180,358,1531,1
358,198,811,358,198,811,358,198,811,1
198,351,1529,198,351,1529,198,351,1529,1
351,269,858,351,269,858,351,269,858,1
269,271,912,269,271,912,269,271,912,1
271,263,828,271,263,828,271,263,828,1
263,271,795,263,271,795,263,271,795,1
271,260,877,271,260,877,271,260,877,1
260,267,897,260,267,897,260,267,897,1
267,275,806,267,275,806,267,275,806,1
275,265,857,275,265,857,275,265,857,1
265,269,891,265,269,891,265,269,891,1
269,272,898,269,272,898,269,272,898,1
272,272,816,272,272,816,272,272,816,1
272,277,846,272,277,846,272,277,846,1
277,273,888,277,273,888,277,273,888,1
273,279,802,273,279,802,273,279,802,1
279,283,946,279,283,946,279,283,946,1
283,280,830,283,280,830,283,280,830,1
280,278,864,280,278,864,280,278,864,1
278,284,885,278,284,885,278,284,885,1
284,279,906,284,279,906,284,279,906,1
279,276,839,279,276,839,279,276,839,1
276,273,816,276,273,816,276,273,816,1
273,278,826,273,278,826,273,278,826,1
278,282,880,278,282,880,278,282,880,1
282,273,877,282,273,877,282,273,877,1
273,280,880,273,280,880,273,280,880,1
280,278,903,280,278,903,280,278,903,1
278,277,849,278,277,849,278,277,849,-1
277,279,851,277,279,851,277,279,851,1
279,186,865,279,186,865,279,186,865,1
186,356,1538,186,356,1538,186,356,1538,1
356,276,888,356,276,888,356,276,888,-1
276,268,840,276,268,840,276,268,840,1
268,179,843,268,179,843,268,179,843,1
179,150,1563,179,150,1563,179,150,1563,1
150,207,789,150,207,789,150,207,789,1
207,266,909,207,266,909,207,266,909,1
266,261,804,266,261,804,266,261,804,1
261,262,885,261,262,885,261,262,885,1
262,259,836,262,259,836,262,259,836,1
259,272,861,259,272,861,259,272,861,1
272,263,899,272,263,899,272,263,899,1
263,268,931,263,268,931,263,268,931,1
268,280,913,268,280,913,268,280,913,1
280,279,851,280,279,851,280,279,851,1
279,278,878,279,278,878,279,278,878,1
278,281,857,278,281,857,278,281,857,1
281,281,854,281,281,854,281,281,854,1
281,289,926,281,289,926,281,289,926,1
289,276,912,289,276,912,289,276,912,1
276,277,829,276,277,829,276,277,829,1
277,287,841,277,287,841,277,287,841,1
287,278,857,287,278,857,287,278,857,1
278,269,827,278,269,827,278,269,827,1
269,277,872,269,277,872,269,277,872,1
277,273,938,277,273,938,277,273,938,1
273,281,863,273,281,863,273,281,863,1
281,275,862,281,275,862,281,275,862,1
275,274,915,275,274,915,275,274,915,1
274,281,897,274,281,897,274,281,897,1
281,279,850,281,279,850,281,279,850,1
279,273,878,279,273,878,279,273,878,1
273,272,877,273,272,877,273,272,877,1
272,273,871,272,273,871,272,273,871,1
273,278,888,273,278,888,273,278,888,1
278,268,825,278,268,825,278,268,825,1
268,270,827,268,270,827,268,270,827,1
270,274,827,270,274,827,270,274,827,1
274,272,806,274,272,806,274,272,806,1
272,264,849,272,264,849,272,264,849,1
264,272,890,264,272,890,264,272,890,1
272,277,901,272,277,901,272,277,901,1
277,278,887,277,278,887,277,278,887,1
278,273,956,278,273,956,278,273,956,1
273,275,849,273,275,849,273,275,849,1
275,278,940,275,278,940,275,278,940,1
278,271,919,278,271,919,278,271,919,1
271,275,809,271,275,809,271,275,809,1
275,268,872,275,268,872,275,268,872,1
268,266,844,268,266,844,268,266,844,1
266,277,827,266,277,827,266,277,827,1
277,264,885,277,264,885,277,264,885,1
264,263,917,264,263,917,264,263,917,1
263,201,877,263,201,877,263,201,877,1
201,169,770,201,169,770,201,169,770,1
169,170,930,169,170,930,169,170,930,1
170,263,810,170,263,810,170,263,810,1
263,266,877,263,266,877,263,266,877,1
266,264,912,266,264,912,266,264,912,1
264,273,856,264,273,856,264,273,856,1
273,267,856,273,267,856,273,267,856,1
267,265,844,267,265,844,267,265,844,1
265,271,856,265,271,856,265,271,856,1
271,272,847,271,272,847,271,272,847,1
272,268,860,272,268,860,272,268,860,1
268,267,862,268,267,862,268,267,862,1
267,268,898,267,268,898,267,268,898,1
268,276,882,268,276,882,268,276,882,1
276,265,889,276,265,889,276,265,889,1
265,266,891,265,266,891,265,266,891,1
266,273,937,266,273,937,266,273,937,1
273,268,846,273,268,846,273,268,846,1
268,262,895,268,262,895,268,262,895,1
262,266,989,262,266,989,262,266,989,1
266,268,837,266,268,837,266,268,837,1
268,272,876,268,272,876,268,272,876,1
272,266,909,272,266,909,272,266,909,-1
266,266,833,266,266,833,266,266,833,1
266,275,912,266,275,912,266,275,912,1
275,270,838,275,270,838,275,270,838,1
270,193,833,270,193,833,270,193,833,1
193,341,1564,193,341,1564,193,341,1564,1
341,268,886,341,268,886,341,268,886,1
268,273,856,268,273,856,268,273,856,1
273,263,911,273,263,911,273,263,911,1
263,263,838,263,263,838,263,263,838,1
263,274,809,263,274,809,263,274,809,1
274,267,858,274,267,858,274,267,858,1
267,263,914,267,263,914,267,263,914,1
263,273,880,263,273,880,263,273,880,1
273,271,889,273,271,889,273,271,889,1
271,272,919,271,272,919,271,272,919,1
272,274,859,272,274,859,272,274,859,1
274,270,854,274,270,854,274,270,854,1
270,276,877,270,276,877,270,276,877,1
276,272,842,276,272,842,276,272,842,1
272,270,881,272,270,881,272,270,881,1
270,272,894,270,272,894,270,272,894,1
272,268,823,272,268,823,272,268,823,1
268,276,811,268,276,811,268,276,811,-1
276,276,835,276,276,835,276,276,835,1
276,271,865,276,271,865,276,271,865,1
271,276,869,271,276,869,271,276,869,1
276,211,860,276,211,860,276,211,860,1
211,189,1579,211,189,1579,211,189,1579,1
189,136,779,189,136,779,189,136,779,1
136,274,884,136,274,884,136,274,884,1
274,269,848,274,269,848,274,269,848,1
269,271,875,269,271,875,269,271,875,1
271,271,862,271,271,862,271,271,862,-1
271,267,849,271,267,849,271,267,849,1
267,277,839,267,277,839,267,277,839,1
277,273,871,277,273,871,277,273,871,1
273,267,893,273,267,893,273,267,893,1
267,182,770,267,182,770,267,182,770,1
182,226,1532,182,226,1532,182,226,1532,1
226,130,761,226,130,761,226,130,761,1
130,274,882,130,274,882,130,274,882,1
274,272,897,274,272,897,274,272,897,1
272,268,810,272,268,810,272,268,810,1
268,272,857,268,272,857,268,272,857,1
272,271,928,272,271,928,272,271,928,1
271,268,844,271,268,844,271,268,844,1
268,274,833,268,274,833,268,274,833,1
274,265,893,274,265,893,274,265,893,1
265,267,896,265,267,896,265,267,896,1
267,278,859,267,278,859,267,278,859,1
278,264,878,278,264,878,278,264,878,1
264,267,884,264,267,884,264,267,884,1
267,275,917,267,275,917,267,275,917,1
275,272,881,275,272,881,275,272,881,1
272,259,857,272,259,857,272,259,857,1
259,267,834,259,267,834,259,267,834,-1
267,265,824,267,265,824,267,265,824,1
265,271,846,265,271,846,265,271,846,1
271,265,838,271,265,838,271,265,838,1
265,266,828,265,266,828,265,266,828,1
266,272,867,266,272,867,266,272,867,1
272,190,836,272,190,836,272,190,836,1
190,343,1552,190,343,1552,190,343,1552,1
343,270,914,343,270,914,343,270,914,1
270,269,852,270,269,852,270,269,852,1
269,275,927,269,275,927,269,275,927,1
275,268,916,275,268,916,275,268,916,1
268,268,848,268,268,848,268,268,848,1
268,282,865,268,282,865,268,282,865,1
282,273,874,282,273,874,282,273,874,1
273,267,821,273,267,821,273,267,821,1
267,273,907,267,273,907,267,273,907,1
273,271,834,273,271,834,273,271,834,1
271,275,890,271,275,890,271,275,890,1
275,270,899,275,270,899,275,270,899,1
270,267,831,270,267,831,270,267,831,1
267,277,823,267,277,823,267,277,823,1
277,264,889,277,264,889,277,264,889,1
264,262,853,264,262,853,264,262,853,1
262,267,871,262,267,871,262,267,871,1
267,263,884,267,263,884,267,263,884,1
263,269,872,263,269,872,263,269,872,1
269,266,935,269,266,935,269,266,935,1
266,263,871,266,263,871,266,263,871,1
263,272,867,263,272,867,263,272,867,1
272,268,916,272,268,916,272,268,916,-1
268,259,895,268,259,895,268,259,895,1
259,273,832,259,273,832,259,273,832,1
273,266,840,273,266,840,273,266,840,1
266,270,912,266,270,912,266,270,912,-1
270,277,891,270,277,891,270,277,891,1
277,199,897,277,199,897,277,199,897,1
199,205,1528,199,205,1528,199,205,1528,1
205,138,743,205,138,743,205,138,743,1
138,271,932,138,271,932,138,271,932,1
271,269,862,271,269,862,271,269,862,1
269,198,817,269,198,817,269,198,817,1
198,336,1493,198,336,1493,198,336,1493,1
336,272,930,336,272,930,336,272,930,1
272,271,909,272,271,909,272,271,909,-1
271,266,904,271,266,904,271,266,904,1
266,276,842,266,276,842,266,276,842,1
276,273,887,276,273,887,276,273,887,1
273,265,829,273,265,829,273,265,829,-1
265,273,831,265,273,831,265,273,831,1
273,265,819,273,265,819,273,265,819,1
265,189,801,265,189,801,265,189,801,1
189,153,1526,189,153,1526,189,153,1526,1
153,196,783,153,196,783,153,196,783,1
196,268,864,196,268,864,196,268,864,1
268,269,886,268,269,886,268,269,886,1
269,188,910,269,188,910,269,188,910,1
188,191,1532,188,191,1532,188,191,1532,1
191,143,754,191,143,754,191,143,754,-1
143,267,803,143,267,803,143,267,803,1
267,260,799,267,260,799,267,260,799,1
260,263,832,260,263,832,260,263,832,1
263,270,892,263,270,892,263,270,892,1
270,263,896,270,263,896,270,263,896,1
263,274,920,263,274,920,263,274,920,1
274,278,913,274,278,913,274,278,913,1
278,271,883,278,271,883,278,271,883,1
271,202,880,271,202,880,271,202,880,1
202,182,1545,202,182,1545,202,182,1545,1
182,159,786,182,159,786,182,159,786,1
159,265,871,159,265,871,159,265,871,1
265,204,791,265,204,791,265,204,791,1
204,172,762,204,172,762,204,172,762,1
172,165,899,172,165,899,172,165,899,1
165,262,903,165,262,903,165,262,903,1
262,266,883,262,266,883,262,266,883,1
266,266,877,266,266,877,266,266,877,1
266,261,862,266,261,862,266,261,862,1
261,260,874,261,260,874,261,260,874,1
260,264,836,260,264,836,260,264,836,1
264,269,845,264,269,845,264,269,845,1
269,257,805,269,257,805,269,257,805,1
257,266,842,257,266,842,257,266,842,1
266,272,928,266,272,928,266,272,928,1
272,264,870,272,264,870,272,264,870,1
264,260,839,264,260,839,264,260,839,1
260,265,892,260,265,892,260,265,892,1
265,261,874,265,261,874,265,261,874,1
261,264,923,261,264,923,261,264,923,1
264,265,949,264,265,949,264,265,949,1
265,258,885,265,258,885,265,258,885,-1
258,268,863,258,268,863,258,268,863,1
268,263,841,268,263,841,268,263,841,1
263,261,831,263,261,831,263,261,831,1
261,266,849,261,266,849,261,266,849,1
266,266,860,266,266,860,266,266,860,1
266,270,926,266,270,926,266,270,926,1
270,267,947,270,267,947,270,267,947,1
267,268,867,267,268,867,267,268,867,1
268,271,895,268,271,895,268,271,895,1
271,269,892,271,269,892,271,269,892,1
269,195,862,269,195,862,269,195,862,1
195,184,1585,195,184,1585,195,184,1585,-1
184,150,784,184,150,784,184,150,784,1
150,261,944,150,261,944,150,261,944,1
261,259,868,261,259,868,261,259,868,1
259,269,859,259,269,859,259,269,859,1
269,255,894,269,255,894,269,255,894,1
255,257,840,255,257,840,255,257,840,-1
257,267,902,257,267,902,257,267,902,1
267,263,854,267,263,854,267,263,854,1
263,255,901,263,255,901,263,255,901,1
255,265,881,255,265,881,255,265,881,1
265,260,898,265,260,898,265,260,898,1
260,193,841,260,193,841,260,193,841,1
193,178,1552,193,178,1552,193,178,1552,1
178,159,780,178,159,780,178,159,780,1
159,264,941,159,264,941,159,264,941,1
264,271,815,264,271,815,264,271,815,1
271,262,917,271,262,917,271,262,917,1
262,257,907,262,257,907,262,257,907,1
257,216,804,257,216,804,257,216,804,1
216,170,1561,216,170,1561,216,170,1561,-1
170,138,765,170,138,765,170,138,765,1
138,261,880,138,261,880,138,261,880,1
261,269,877,261,269,877,261,269,877,1
269,252,900,269,252,900,269,252,900,1
252,260,826,252,260,826,252,260,826,1
260,267,863,260,267,863,260,267,863,1
267,259,902,267,259,902,267,259,902,1
259,257,819,259,257,819,259,257,819,1
257,262,858,257,262,858,257,262,858,1
262,264,876,262,264,876,262,264,876,1
264,266,851,264,266,851,264,266,851,1
266,265,960,266,265,960,266,265,960,-1
265,264,893,265,264,893,265,264,893,1
264,198,886,264,198,886,264,198,886,1
198,341,1571,198,341,1571,198,341,1571,1
341,261,950,341,261,950,341,261,950,1
261,265,842,261,265,842,261,265,842,1
265,259,858,265,259,858,265,259,858,1
259,270,916,259,270,916,259,270,916,1
270,262,955,270,262,955,270,262,955,-1
262,261,841,262,261,841,262,261,841,1
261,268,931,261,268,931,261,268,931,1
268,265,916,268,265,916,268,265,916,1
265,260,820,265,260,820,265,260,820,1
260,268,832,260,268,832,260,268,832,1
268,187,871,268,187,871,268,187,871,1
187,189,1545,187,189,1545,187,189,1545,1
189,149,732,189,149,732,189,149,732,1
149,272,818,149,272,818,149,272,818,1
272,263,844,272,263,844,272,263,844,-1
263,270,841,263,270,841,263,270,841,1
270,265,967,270,265,967,270,265,967,1
265,266,842,265,266,842,265,266,842,1
266,265,824,266,265,824,266,265,824,1
265,204,789,265,204,789,265,204,789,1
204,151,1335,204,151,1335,204,151,1335,1
151,172,777,151,172,777,151,172,777,1
172,272,883,172,272,883,172,272,883,-1
272,259,885,272,259,885,272,259,885,1
259,261,876,259,261,876,259,261,876,1
261,271,870,261,271,870,261,271,870,1
271,259,924,271,259,924,271,259,924,-1
259,265,869,259,265,869,259,265,869,1
265,264,900,265,264,900,265,264,900,1
264,261,871,264,261,871,264,261,871,1
261,199,817,261,199,817,261,199,817,1
199,340,1540,199,340,1540,199,340,1540,1
340,267,888,340,267,888,340,267,888,1
267,271,898,267,271,898,267,271,898,1
271,272,812,271,272,812,271,272,812,1
272,265,875,272,265,875,272,265,875,1
265,268,883,265,268,883,265,268,883,1
268,274,814,268,274,814,268,274,814,1
274,192,935,274,192,935,274,192,935,1
192,357,1546,192,357,1546,192,357,1546,1
357,273,882,357,273,882,357,273,882,1
273,283,855,273,283,855,273,283,855,1
283,195,873,283,195,873,283,195,873,1
195,348,1541,195,348,1541,195,348,1541,1
348,272,933,348,272,933,348,272,933,1
272,270,867,272,270,867,272,270,867,1
270,276,820,270,276,820,270,276,820,1
276,271,877,276,271,877,276,271,877,1
271,272,840,271,272,840,271,272,840,-1
272,274,792,272,274,792,272,274,792,1
274,273,876,274,273,876,274,273,876,1
273,264,856,273,264,856,273,264,856,1
264,265,894,264,265,894,264,265,894,1
265,270,903,265,270,903,265,270,903,1
270,273,857,270,273,857,270,273,857,1
273,263,811,273,263,811,273,263,811,1
263,263,880,263,263,880,263,263,880,1
263,274,845,263,274,845,263,274,845,1
274,266,876,274,266,876,274,266,876,1
266,264,872,266,264,872,266,264,872,1
264,266,844,264,266,844,264,266,844,1
266,264,859,266,264,859,266,264,859,1
264,273,862,264,273,862,264,273,862,1
273,268,872,273,268,872,273,268,872,1
268,188,863,268,188,863,268,188,863,1
188,208,1549,188,208,1549,188,208,1549,1
208,142,768,208,142,768,208,142,768,1
142,270,869,142,270,869,142,270,869,1
270,258,882,270,258,882,270,258,882,-1
258,264,886,258,264,886,258,264,886,1
264,262,859,264,262,859,264,262,859,1
262,271,905,262,271,905,262,271,905,1
271,261,874,271,261,874,271,261,874,1
261,261,848,261,261,848,261,261,848,1
261,274,869,261,274,869,261,274,869,1
274,264,958,274,264,958,274,264,958,1
264,258,884,264,258,884,264,258,884,1
258,270,868,258,270,868,258,270,868,1
270,266,827,270,266,827,270,266,827,1
266,263,907,266,263,907,266,263,907,1
263,273,864,263,273,864,263,273,864,1
273,266,849,273,266,849,273,266,849,1
266,267,916,266,267,916,266,267,916,-1
267,271,896,267,271,896,267,271,896,1
271,267,860,271,267,860,271,267,860,1
267,201,914,267,201,914,267,201,914,1
201,326,1559,201,326,1559,201,326,1559,1
326,271,877,326,271,877,326,271,877,1
271,265,899,271,265,899,271,265,899,1
265,264,836,265,264,836,265,264,836,1
264,263,904,264,263,904,264,263,904,1
263,267,961,263,267,961,263,267,961,1
267,267,836,267,267,836,267,267,836,1
267,264,934,267,264,934,267,264,934,1
264,263,960,264,263,960,264,263,960,1
263,263,834,263,263,834,263,263,834,1
263,273,921,263,273,921,263,273,921,1
273,266,941,273,266,941,273,266,941,1
266,265,882,266,265,882,266,265,882,-1
265,194,871,265,194,871,265,194,871,1
194,346,1555,194,346,1555,194,346,1555,1
346,262,880,346,262,880,346,262,880,1
262,267,938,262,267,938,262,267,938,1
267,265,822,267,265,822,267,265,822,1
265,265,906,265,265,906,265,265,906,-1
265,263,953,265,263,953,265,263,953,1
263,263,823,263,263,823,263,263,823,1
263,270,892,263,270,892,263,270,892,-1
270,263,937,270,263,937,270,263,937,1
263,266,859,263,266,859,263,266,859,1
266,272,859,266,272,859,266,272,859,1
272,266,863,272,266,863,272,266,863,1
266,273,808,266,273,808,266,273,808,1
273,276,854,273,276,854,273,276,854,1
276,270,878,276,270,878,276,270,878,1
270,192,835,270,192,835,270,192,835,-1
192,191,1542,192,191,1542,192,191,1542,1
191,169,746,191,169,746,191,169,746,1
169,274,868,169,274,868,169,274,868,1
274,277,827,274,277,827,274,277,827,-1
277,272,837,277,272,837,277,272,837,1
272,273,849,272,273,849,272,273,849,1
273,192,847,273,192,847,273,192,847,1
192,218,1576,192,218,1576,192,218,1576,-1
218,140,767,218,140,767,218,140,767,1
140,284,847,140,284,847,140,284,847,1
284,222,898,284,222,898,284,222,898,1
222,141,1568,222,141,1568,222,141,1568,1
141,188,786,141,188,786,141,188,786,1
188,277,873,188,277,873,188,277,873,1
277,272,837,277,272,837,277,272,837,1
272,277,851,272,277,851,272,277,851,1
277,278,895,277,278,895,277,278,895,1
278,274,923,278,274,923,278,274,923,-1
274,285,894,274,285,894,274,285,894,1
285,184,930,285,184,930,285,184,930,1
184,217,1548,184,217,1548,184,217,1548,1
217,146,770,217,146,770,217,146,770,1
146,282,919,146,282,919,146,282,919,1
282,277,891,282,277,891,282,277,891,1
277,189,861,277,189,861,277,189,861,1
189,198,1547,189,198,1547,189,198,1547,-1
198,161,742,198,161,742,198,161,742,1
161,273,911,161,273,911,161,273,911,1
273,278,871,273,278,871,273,278,871,1
278,198,886,278,198,886,278,198,886,1
198,208,1561,198,208,1561,198,208,1561,1
208,133,786,208,133,786,208,133,786,1
133,270,982,133,270,982,133,270,982,1
270,268,876,270,268,876,270,268,876,-1
268,277,859,268,277,859,268,277,859,1
277,266,902,277,266,902,277,266,902,1
266,263,895,266,263,895,266,263,895,-1
263,278,1039,263,278,1039,263,278,1039,-1
278,260,872,278,260,872,278,260,872,1
260,259,770,260,259,770,260,259,770,1
259,191,698,259,191,698,259,191,698,1
191,163,1493,191,163,1493,191,163,1493,-1
163,174,663,163,174,663,163,174,663,1
174,266,762,174,266,762,174,266,762,1
266,264,873,266,264,873,266,264,873,1
264,259,885,264,259,885,264,259,885,-1
259,269,830,259,269,830,259,269,830,1
269,265,907,269,265,907,269,265,907,1
265,257,915,265,257,915,265,257,915,1
257,191,854,257,191,854,257,191,854,-1
191,205,1573,191,205,1573,191,205,1573,1
205,131,833,205,131,833,205,131,833,1
131,270,923,131,270,923,131,270,923,1
270,266,918,270,266,918,270,266,918,1
266,265,897,266,265,897,266,265,897,1
265,271,888,265,271,888,265,271,888,1
271,269,896,271,269,896,271,269,896,1
269,267,872,269,267,872,269,267,872,1
267,191,842,267,191,842,267,191,842,1
191,189,1528,191,189,1528,191,189,1528,1
189,172,779,189,172,779,189,172,779,1
172,283,848,172,283,848,172,283,848,1
283,215,891,283,215,891,283,215,891,1
215,140,1061,215,140,1061,215,140,1061,1
140,149,1532,140,149,1532,140,149,1532,1
149,234,767,149,234,767,149,234,767,1
234,289,905,234,289,905,234,289,905,1
289,282,880,289,282,880,289,282,880,1
282,194,884,282,194,884,282,194,884,1
194,167,1545,194,167,1545,194,167,1545,1
167,192,772,167,192,772,167,192,772,1
192,289,875,192,289,875,192,289,875,1
289,286,913,289,286,913,289,286,913,1
286,191,913,286,191,913,286,191,913,1
191,165,1549,191,165,1549,191,165,1549,1
165,208,777,165,208,777,165,208,777,-1
208,279,956,208,279,956,208,279,956,1
279,271,895,279,271,895,279,271,895,1
271,186,871,271,186,871,271,186,871,1
186,213,1524,186,213,1524,186,213,1524,1
213,149,808,213,149,808,213,149,808,1
149,275,900,149,275,900,149,275,900,1
275,275,866,275,275,866,275,275,866,1
275,274,903,275,274,903,275,274,903,1
274,284,836,274,284,836,274,284,836,1
284,281,826,284,281,826,284,281,826,1
281,278,901,281,278,901,281,278,901,1
278,290,866,278,290,866,278,290,866,-1
290,283,897,290,283,897,290,283,897,1
283,295,888,283,295,888,283,295,888,1
295,284,886,295,284,886,295,284,886,1
284,285,839,284,285,839,284,285,839,-1
285,292,856,285,292,856,285,292,856,1
292,280,891,292,280,891,292,280,891,1
280,277,848,280,277,848,280,277,848,1
277,280,891,277,280,891,277,280,891,1
280,268,866,280,268,866,280,268,866,1
268,279,807,268,279,807,268,279,807,1
279,267,861,279,267,861,279,267,861,1
267,263,822,267,263,822,267,263,822,1
263,278,820,263,278,820,263,278,820,1
278,269,916,278,269,916,278,269,916,1
269,262,851,269,262,851,269,262,851,1
262,271,845,262,271,845,262,271,845,1
271,271,865,271,271,865,271,271,865,1
271,201,851,271,201,851,271,201,851,1
201,346,1482,201,346,1482,201,346,1482,1
346,270,903,346,270,903,346,270,903,1
270,277,805,270,277,805,270,277,805,1
277,269,882,277,269,882,277,269,882,1
269,263,846,269,263,846,269,263,846,1
263,271,788,263,271,788,263,271,788,-1
271,265,803,271,265,803,271,265,803,1
265,279,840,265,279,840,265,279,840,1
279,275,869,279,275,869,279,275,869,1
275,270,855,275,270,855,275,270,855,1
270,288,798,270,288,798,270,288,798,1
288,187,866,288,187,866,288,187,866,1
187,199,1541,187,199,1541,187,199,1541,1
199,168,783,199,168,783,199,168,783,1
168,281,893,168,281,893,168,281,893,1
281,282,845,281,282,845,281,282,845,1
282,196,883,282,196,883,282,196,883,1
196,209,1550,196,209,1550,196,209,1550,1
209,156,769,209,156,769,209,156,769,-1
156,281,858,156,281,858,156,281,858,1
281,285,833,281,285,833,281,285,833,1
285,281,867,285,281,867,285,281,867,1
281,274,918,281,274,918,281,274,918,1
274,281,913,274,281,913,274,281,913,1
281,280,882,281,280,882,281,280,882,-1
280,292,877,280,292,877,280,292,877,1
292,279,815,292,279,815,292,279,815,1
279,286,866,279,286,866,279,286,866,1
286,292,903,286,292,903,286,292,903,1
292,283,803,292,283,803,292,283,803,1
283,280,830,283,280,830,283,280,830,1
280,280,860,280,280,860,280,280,860,1
280,276,847,280,276,847,280,276,847,1
276,284,807,276,284,807,276,284,807,1
284,279,815,284,279,815,284,279,815,1
279,275,922,279,275,922,279,275,922,1
275,277,836,275,277,836,275,277,836,1
277,191,897,277,191,897,277,191,897,1
191,199,1564,191,199,1564,191,199,1564,1
199,157,812,199,157,812,199,157,812,1
157,272,872,157,272,872,157,272,872,-1
272,277,864,272,277,864,272,277,864,1
277,274,943,277,274,943,277,274,943,1
274,270,802,274,270,802,274,270,802,1
270,283,898,270,283,898,270,283,898,1
283,271,897,283,271,897,283,271,897,1
271,273,816,271,273,816,271,273,816,1
273,278,868,273,278,868,273,278,868,1
278,275,935,278,275,935,278,275,935,1
275,280,843,275,280,843,275,280,843,1
280,279,898,280,279,898,280,279,898,-1
279,189,841,279,189,841,279,189,841,1
189,171,1519,189,171,1519,189,171,1519,1
171,193,791,171,193,791,171,193,791,1
193,275,887,193,275,887,193,275,887,1
275,270,847,275,270,847,275,270,847,1
270,275,932,270,275,932,270,275,932,1
275,267,896,275,267,896,275,267,896,1
267,190,837,267,190,837,267,190,837,1
190,163,1550,190,163,1550,190,163,1550,1
163,187,753,163,187,753,163,187,753,1
187,267,880,187,267,880,187,267,880,1
267,183,842,267,183,842,267,183,842,1
183,188,739,183,188,739,183,188,739,1
188,171,943,188,171,943,188,171,943,1
171,262,903,171,262,903,171,262,903,1
262,271,848,262,271,848,262,271,848,1
271,270,845,271,270,845,271,270,845,1
270,274,854,270,274,854,270,274,854,1
274,277,894,274,277,894,274,277,894,1
277,274,883,277,274,883,277,274,883,1
274,276,933,274,276,933,274,276,933,1
276,280,839,276,280,839,276,280,839,1
280,271,954,280,271,954,280,271,954,1
271,273,903,271,273,903,271,273,903,1
273,275,847,273,275,847,273,275,847,1
275,190,878,275,190,878,275,190,878,1
190,356,1580,190,356,1580,190,356,1580,1
356,274,877,356,274,877,356,274,877,1
274,283,895,274,283,895,274,283,895,-1
283,270,837,283,270,837,283,270,837,1
270,269,862,270,269,862,270,269,862,1
269,276,934,269,276,934,269,276,934,1
276,273,892,276,273,892,276,273,892,1
273,285,838,273,285,838,273,285,838,1
285,275,949,285,275,949,285,275,949,-1
275,186,957,275,186,957,275,186,957,1
186,172,1578,186,172,1578,186,172,1578,1
172,189,799,172,189,799,172,189,799,1
189,276,933,189,276,933,189,276,933,1
276,264,909,276,264,909,276,264,909,1
264,271,930,264,271,930,264,271,930,-1
271,269,910,271,269,910,271,269,910,1
269,274,850,269,274,850,269,274,850,1
274,272,901,274,272,901,274,272,901,1
272,271,907,272,271,907,272,271,907,-1
271,284,903,271,284,903,271,284,903,1
284,278,867,284,278,867,284,278,867,1
278,274,883,278,274,883,278,274,883,1
274,283,847,274,283,847,274,283,847,1
283,282,872,283,282,872,283,282,872,1
282,291,935,282,291,935,282,291,935,1
291,279,910,291,279,910,291,279,910,1
279,282,867,279,282,867,279,282,867,1
282,291,922,282,291,922,282,291,922,1
291,283,909,291,283,909,291,283,909,1
283,280,877,283,280,877,283,280,877,1
280,280,921,280,280,921,280,280,921,1
280,280,890,280,280,890,280,280,890,1
280,285,828,280,285,828,280,285,828,1
285,279,852,285,279,852,285,279,852,1
279,284,843,279,284,843,279,284,843,1
284,280,891,284,280,891,284,280,891,1
280,282,821,280,282,821,280,282,821,1
282,278,894,282,278,894,282,278,894,1
278,275,858,278,275,858,278,275,858,1
275,187,819,275,187,819,275,187,819,1
187,191,1544,187,191,1544,187,191,1544,1
191,184,770,191,184,770,191,184,770,1
184,275,896,184,275,896,184,275,896,1
275,277,874,275,277,874,275,277,874,1
277,282,924,277,282,924,277,282,924,1
282,273,898,282,273,898,282,273,898,1
273,188,810,273,188,810,273,188,810,1
188,361,1559,188,361,1559,188,361,1559,1
361,273,871,361,273,871,361,273,871,1
273,282,840,273,282,840,273,282,840,1
282,275,855,282,275,855,282,275,855,-1
275,277,942,275,277,942,275,277,942,1
277,188,862,277,188,862,277,188,862,1
188,364,1554,188,364,1554,188,364,1554,1
364,282,891,364,282,891,364,282,891,1
282,274,862,282,274,862,282,274,862,1
274,196,878,274,196,878,274,196,878,1
196,216,1557,196,216,1557,196,216,1557,1
216,148,766,216,148,766,216,148,766,1
148,276,904,148,276,904,148,276,904,1
276,285,842,276,285,842,276,285,842,1
285,277,904,285,277,904,285,277,904,1
277,274,860,277,274,860,277,274,860,1
274,284,845,274,284,845,274,284,845,1
284,283,918,284,283,918,284,283,918,1
283,286,854,283,286,854,283,286,854,1
286,292,911,286,292,911,286,292,911,1
292,291,896,292,291,896,292,291,896,1
291,293,907,291,293,907,291,293,907,1
293,291,838,293,291,838,293,291,838,1
291,293,867,291,293,867,291,293,867,1
293,283,974,293,283,974,293,283,974,1
283,290,873,283,290,873,283,290,873,1
290,293,936,290,293,936,290,293,936,1
293,279,877,293,279,877,293,279,877,1
279,285,820,279,285,820,279,285,820,1
285,288,909,285,288,909,285,288,909,1
288,276,903,288,276,903,288,276,903,1
276,283,809,276,283,809,276,283,809,1
283,281,819,283,281,819,283,281,819,1
281,283,842,281,283,842,281,283,842,1
283,283,876,283,283,876,283,283,876,1
283,282,861,283,282,861,283,282,861,-1
282,289,905,282,289,905,282,289,905,1
289,283,862,289,283,862,289,283,862,1
283,283,863,283,283,863,283,283,863,1
283,286,901,283,286,901,283,286,901,1
286,288,880,286,288,880,286,288,880,1
288,293,880,288,293,880,288,293,880,1
293,209,895,293,209,895,293,209,895,1
209,352,1087,209,352,1087,209,352,1087,1
352,292,875,352,292,875,352,292,875,1
292,280,877,292,280,877,292,280,877,1
280,276,857,280,276,857,280,276,857,1
276,277,870,276,277,870,276,277,870,1
277,280,878,277,280,878,277,280,878,1
280,284,890,280,284,890,280,284,890,1
284,282,870,284,282,870,284,282,870,1
282,287,935,282,287,935,282,287,935,1
287,282,936,287,282,936,287,282,936,1
282,280,877,282,280,877,282,280,877,-1
280,288,938,280,288,938,280,288,938,1
288,282,843,288,282,843,288,282,843,1
282,291,906,282,291,906,282,291,906,1
291,281,917,291,281,917,291,281,917,1
281,275,845,281,275,845,281,275,845,1
275,293,867,275,293,867,275,293,867,1
293,283,834,293,283,834,293,283,834,1
283,273,889,283,273,889,283,273,889,1
273,282,857,273,282,857,273,282,857,1
282,279,885,282,279,885,282,279,885,1
279,286,831,279,286,831,279,286,831,1
286,277,867,286,277,867,286,277,867,1
277,281,857,277,281,857,277,281,857,1
281,279,928,281,279,928,281,279,928,1
279,279,858,279,279,858,279,279,858,1
279,277,854,279,277,854,279,277,854,1
277,271,900,277,271,900,277,271,900,1
271,280,894,271,280,894,271,280,894,1
280,282,912,280,282,912,280,282,912,1
282,269,891,282,269,891,282,269,891,1
269,179,823,269,179,823,269,179,823,1
179,166,1498,179,166,1498,179,166,1498,1
166,207,782,166,207,782,166,207,782,1
207,269,897,207,269,897,207,269,897,1
269,275,873,269,275,873,269,275,873,1
275,270,849,275,270,849,275,270,849,1
270,267,859,270,267,859,270,267,859,1
267,275,856,267,275,856,267,275,856,1
275,274,843,275,274,843,275,274,843,1
274,270,860,274,270,860,274,270,860,1
270,274,870,270,274,870,270,274,870,1
274,274,862,274,274,862,274,274,862,1
274,276,798,274,276,798,274,276,798,1
276,272,841,276,272,841,276,272,841,1
272,281,859,272,281,859,272,281,859,1
281,281,816,281,281,816,281,281,816,1
281,274,842,281,274,842,281,274,842,1
274,285,807,274,285,807,274,285,807,1
285,278,902,285,278,902,285,278,902,1
278,185,871,278,185,871,278,185,871,1
185,227,1567,185,227,1567,185,227,1567,1
227,141,771,227,141,771,227,141,771,-1
141,274,852,141,274,852,141,274,852,1
274,274,838,274,274,838,274,274,838,1
274,281,876,274,281,876,274,281,876,-1
281,278,875,281,278,875,281,278,875,1
278,277,840,278,277,840,278,277,840,1
277,285,860,277,285,860,277,285,860,1
285,280,851,285,280,851,285,280,851,1
280,278,896,280,278,896,280,278,896,1
278,283,850,278,283,850,278,283,850,1
283,285,889,283,285,889,283,285,889,1
285,283,894,285,283,894,285,283,894,1
283,278,900,283,278,900,283,278,900,-1
278,290,856,278,290,856,278,290,856,1
290,281,938,290,281,938,290,281,938,1
281,276,872,281,276,872,281,276,872,1
276,284,798,276,284,798,276,284,798,1
284,278,832,284,278,832,284,278,832,1
278,281,886,278,281,886,278,281,886,1
281,282,852,281,282,852,281,282,852,1
282,281,827,282,281,827,282,281,827,1
281,289,875,281,289,875,281,289,875,1
289,284,864,289,284,864,289,284,864,1
284,278,962,284,278,962,284,278,962,1
278,286,923,278,286,923,278,286,923,1
286,284,899,286,284,899,286,284,899,1
284,289,867,284,289,867,284,289,867,1
289,279,898,289,279,898,289,279,898,1
279,280,855,279,280,855,279,280,855,1
280,288,872,280,288,872,280,288,872,1
288,282,903,288,282,903,288,282,903,1
282,275,867,282,275,867,282,275,867,1
275,275,864,275,275,864,275,275,864,1
275,277,872,275,277,872,275,277,872,1
277,285,829,277,285,829,277,285,829,1
285,275,870,285,275,870,285,275,870,1
275,280,834,275,280,834,275,280,834,1
280,281,926,280,281,926,280,281,926,1
281,281,851,281,281,851,281,281,851,1
281,281,878,281,281,878,281,281,878,1
281,281,899,281,281,899,281,281,899,1
281,179,857,281,179,857,281,179,857,1
179,341,860,179,341,860,179,341,860,1
341,287,949,341,287,949,341,287,949,1
287,195,843,287,195,843,287,195,843,1
195,369,1562,195,369,1562,195,369,1562,1
369,278,935,369,278,935,369,278,935,1
278,279,847,278,279,847,278,279,847,1
279,274,858,279,274,858,279,274,858,1
274,280,903,274,280,903,274,280,903,1
280,283,942,280,283,942,280,283,942,1
283,276,916,283,276,916,283,276,916,1
276,290,884,276,290,884,276,290,884,1
290,199,872,290,199,872,290,199,872,1
199,355,1553,199,355,1553,199,355,1553,1
355,288,858,355,288,858,355,288,858,1
288,279,901,288,279,901,288,279,901,1
279,284,845,279,284,845,279,284,845,1
284,278,882,284,278,882,284,278,882,1
278,279,884,278,279,884,278,279,884,1
279,285,887,279,285,887,279,285,887,1
285,282,866,285,282,866,285,282,866,1
282,278,847,282,278,847,282,278,847,1
278,276,853,278,276,853,278,276,853,1
276,282,850,276,282,850,276,282,850,1
282,286,890,282,286,890,282,286,890,1
286,278,851,286,278,851,286,278,851,1
278,287,830,278,287,830,278,287,830,1
287,288,888,287,288,888,287,288,888,1
288,278,872,288,278,872,288,278,872,1
278,289,860,278,289,860,278,289,860,1
289,287,870,289,287,870,289,287,870,1
287,284,884,287,284,884,287,284,884,1
284,283,891,284,283,891,284,283,891,1
283,283,831,283,283,831,283,283,831,1
283,285,852,283,285,852,283,285,852,1
285,284,824,285,284,824,285,284,824,1
284,274,881,284,274,881,284,274,881,1
274,276,874,274,276,874,274,276,874,1
276,277,826,276,277,826,276,277,826,1
277,284,869,277,284,869,277,284,869,1
284,274,828,284,274,828,284,274,828,1
274,272,822,274,272,822,274,272,822,1
272,285,882,272,285,882,272,285,882,1
285,273,885,285,273,885,285,273,885,1
273,272,849,273,272,849,273,272,849,1
272,277,885,272,277,885,272,277,885,1
277,272,878,277,272,878,277,272,878,1
272,280,829,272,280,829,272,280,829,1
280,271,867,280,271,867,280,271,867,1
271,272,849,271,272,849,271,272,849,1
272,275,861,272,275,861,272,275,861,1
275,274,869,275,274,869,275,274,869,1
274,270,918,274,270,918,274,270,918,1
270,265,926,270,265,926,270,265,926,1
265,271,854,265,271,854,265,271,854,1
271,277,884,271,277,884,271,277,884,1
277,269,865,277,269,865,277,269,865,1
269,265,860,269,265,860,269,265,860,1
265,280,879,265,280,879,265,280,879,1
280,274,857,280,274,857,280,274,857,1
274,268,817,274,268,817,274,268,817,1
268,279,839,268,279,839,268,279,839,1
279,278,897,279,278,897,279,278,897,1
278,281,907,278,281,907,278,281,907,1
281,277,821,281,277,821,281,277,821,1
277,276,918,277,276,918,277,276,918,1
276,282,880,276,282,880,276,282,880,1
282,279,853,282,279,853,282,279,853,1
279,278,861,279,278,861,279,278,861,1
278,273,869,278,273,869,278,273,869,1
273,278,871,273,278,871,273,278,871,1
278,287,833,278,287,833,278,287,833,1
287,276,906,287,276,906,287,276,906,1
276,279,894,276,279,894,276,279,894,1
279,285,865,279,285,865,279,285,865,1
285,281,840,285,281,840,285,281,840,1
281,278,886,281,278,886,281,278,886,1
278,281,856,278,281,856,278,281,856,1
281,279,885,281,279,885,281,279,885,1
279,285,916,279,285,916,279,285,916,1
285,279,854,285,279,854,285,279,854,1
279,280,871,279,280,871,279,280,871,1
280,284,899,280,284,899,280,284,899,1
284,277,848,284,277,848,284,277,848,1
277,277,829,277,277,829,277,277,829,1
277,274,815,277,274,815,277,274,815,1
274,278,870,274,278,870,274,278,870,1
278,278,881,278,278,881,278,278,881,1
278,271,835,278,271,835,278,271,835,1
271,278,870,271,278,870,271,278,870,1
278,275,900,278,275,900,278,275,900,1
275,274,919,275,274,919,275,274,919,1
274,278,881,274,278,881,274,278,881,1
278,272,854,278,272,854,278,272,854,1
272,278,848,272,278,848,272,278,848,1
278,278,877,278,278,877,278,278,877,1
278,272,874,278,272,874,278,272,874,1
272,279,886,272,279,886,272,279,886,1
279,278,880,279,278,880,279,278,880,1
278,271,898,278,271,898,278,271,898,1
271,271,872,271,271,872,271,271,872,1
271,274,820,271,274,820,271,274,820,1
274,277,901,274,277,901,274,277,901,1
277,278,839,277,278,839,277,278,839,1
278,274,907,278,274,907,278,274,907,1
274,284,859,274,284,859,274,284,859,1
284,277,888,284,277,888,284,277,888,1
277,273,878,277,273,878,277,273,878,1
273,284,874,273,284,874,273,284,874,1
284,275,878,284,275,878,284,275,878,1
275,281,887,275,281,887,275,281,887,1
281,280,876,281,280,876,281,280,876,1
280,271,877,280,271,877,280,271,877,1
271,290,821,271,290,821,271,290,821,-1
290,281,902,290,281,902,290,281,902,1
281,275,901,281,275,901,281,275,901,1
275,280,911,275,280,911,275,280,911,1
280,280,878,280,280,878,280,280,878,1
280,283,829,280,283,829,280,283,829,1
283,275,815,283,275,815,283,275,815,1
275,280,863,275,280,863,275,280,863,1
280,284,861,280,284,861,280,284,861,-1
284,280,885,284,280,885,284,280,885,1
280,283,851,280,283,851,280,283,851,1
283,273,874,283,273,874,283,273,874,1
273,280,854,273,280,854,273,280,854,1
280,278,896,280,278,896,280,278,896,1
278,272,828,278,272,828,278,272,828,1
272,277,827,272,277,827,272,277,827,1
277,277,882,277,277,882,277,277,882,1
277,270,868,277,270,868,277,270,868,1
270,274,855,270,274,855,270,274,855,1
274,275,893,274,275,893,274,275,893,1
275,276,870,275,276,870,275,276,870,1
276,277,951,276,277,951,276,277,951,1
277,276,893,277,276,893,277,276,893,1
276,287,862,276,287,862,276,287,862,1
287,283,878,287,283,878,287,283,878,1
283,275,886,283,275,886,283,275,886,1
275,290,906,275,290,906,275,290,906,1
290,280,881,290,280,881,290,280,881,1
280,286,890,280,286,890,280,286,890,1
286,280,948,286,280,948,286,280,948,1
280,276,876,280,276,876,280,276,876,1
276,285,917,276,285,917,276,285,917,1
285,281,854,285,281,854,285,281,854,1
281,272,858,281,272,858,281,272,858,1
272,274,857,272,274,857,272,274,857,1
274,279,866,274,279,866,274,279,866,1
279,280,902,279,280,902,279,280,902,1
280,274,863,280,274,863,280,274,863,1
274,280,916,274,280,916,274,280,916,1
280,276,972,280,276,972,280,276,972,1
276,276,882,276,276,882,276,276,882,-1
276,185,828,276,185,828,276,185,828,1
185,228,1560,185,228,1560,185,228,1560,1
228,130,807,228,130,807,228,130,807,1
130,276,922,130,276,922,130,276,922,1
276,278,859,276,278,859,276,278,859,1
278,268,842,278,268,842,278,268,842,1
268,269,883,268,269,883,268,269,883,1
269,275,879,269,275,879,269,275,879,1
275,267,830,275,267,830,275,267,830,1
267,187,839,267,187,839,267,187,839,1
187,217,1493,187,217,1493,187,217,1493,1
217,123,830,217,123,830,217,123,830,1
123,267,901,123,267,901,123,267,901,1
267,272,811,267,272,811,267,272,811,1
272,264,860,272,264,860,272,264,860,1
264,268,838,264,268,838,264,268,838,1
268,269,939,268,269,939,268,269,939,1
269,272,877,269,272,877,269,272,877,-1
272,270,916,272,270,916,272,270,916,1
270,268,938,270,268,938,270,268,938,1
268,271,851,268,271,851,268,271,851,1
271,280,873,271,280,873,271,280,873,1
280,273,896,280,273,896,280,273,896,1
273,269,940,273,269,940,273,269,940,1
269,283,885,269,283,885,269,283,885,1
283,270,840,283,270,840,283,270,840,1
270,266,843,270,266,843,270,266,843,1
266,274,869,266,274,869,266,274,869,-1
274,274,916,274,274,916,274,274,916,1
274,279,831,274,279,831,274,279,831,1
279,275,881,279,275,881,279,275,881,1
275,274,868,275,274,868,275,274,868,1
274,282,958,274,282,958,274,282,958,-1
282,278,1036,282,278,1036,282,278,1036,1
278,273,988,278,273,988,278,273,988,1
273,274,916,273,274,916,273,274,916,1
274,274,921,274,274,921,274,274,921,1
274,276,921,274,276,921,274,276,921,1
276,271,814,276,271,814,276,271,814,1
271,267,790,271,267,790,271,267,790,1
267,281,821,267,281,821,267,281,821,1
281,266,843,281,266,843,281,266,843,1
266,185,823,266,185,823,266,185,823,1
185,345,1568,185,345,1568,185,345,1568,1
345,268,818,345,268,818,345,268,818,1
268,271,883,268,271,883,268,271,883,1
271,265,840,271,265,840,271,265,840,1
265,266,842,265,266,842,265,266,842,1
266,276,828,266,276,828,266,276,828,1
276,271,856,276,271,856,276,271,856,1
271,268,857,271,268,857,271,268,857,1
268,269,824,268,269,824,268,269,824,1
269,270,868,269,270,868,269,270,868,1
270,272,879,270,272,879,270,272,879,1
272,269,914,272,269,914,272,269,914,1
269,264,859,269,264,859,269,264,859,1
264,277,852,264,277,852,264,277,852,1
277,268,854,277,268,854,277,268,854,1
268,261,888,268,261,888,268,261,888,1
261,274,778,261,274,778,261,274,778,1
274,188,764,274,188,764,274,188,764,1
188,349,1491,188,349,1491,188,349,1491,1
349,205,844,349,205,844,349,205,844,1
205,166,780,205,166,780,205,166,780,1
166,172,893,166,172,893,166,172,893,1
172,276,854,172,276,854,172,276,854,1
276,272,828,276,272,828,276,272,828,1
272,267,895,272,267,895,272,267,895,1
267,272,876,267,272,876,267,272,876,1
272,266,844,272,266,844,272,266,844,1
266,272,848,266,272,848,266,272,848,1
272,197,799,272,197,799,272,197,799,1
197,1072,833,197,1072,833,197,1072,833,1
1072,144,207,1072,144,207,1072,144,207,1
144,202,374,144,202,374,144,202,374,1
202,267,505,202,267,505,202,267,505,1
267,274,719,267,274,719,267,274,719,1
274,272,873,274,272,873,274,272,873,1
272,269,913,272,269,913,272,269,913,1
269,279,987,269,279,987,269,279,987,1
279,274,1042,279,274,1042,279,274,1042,1
274,266,988,274,266,988,274,266,988,-1
266,273,933,266,273,933,266,273,933,1
273,271,980,273,271,980,273,271,980,1
271,275,962,271,275,962,271,275,962,1
275,269,968,275,269,968,275,269,968,1
269,268,947,269,268,947,269,268,947,1
268,276,919,268,276,919,268,276,919,1
276,266,887,276,266,887,276,266,887,1
266,261,908,266,261,908,266,261,908,1
261,274,882,261,274,882,261,274,882,1
274,262,861,274,262,861,274,262,861,1
262,272,875,262,272,875,262,272,875,1
272,273,898,272,273,898,272,273,898,-1
273,268,872,273,268,872,273,268,872,1
268,280,866,268,280,866,268,280,866,1
280,270,886,280,270,886,280,270,886,1
270,269,831,270,269,831,270,269,831,1
269,273,916,269,273,916,269,273,916,1
273,272,889,273,272,889,273,272,889,1
272,274,899,272,274,899,272,274,899,1
274,265,933,274,265,933,274,265,933,1
265,269,843,265,269,843,265,269,843,1
269,279,861,269,279,861,269,279,861,1
279,270,886,279,270,886,279,270,886,1
270,259,860,270,259,860,270,259,860,1
259,274,828,259,274,828,259,274,828,1
274,269,839,274,269,839,274,269,839,-1
269,277,840,269,277,840,269,277,840,1
277,268,871,277,268,871,277,268,871,1
268,266,736,268,266,736,268,266,736,1
266,280,718,266,280,718,266,280,718,1
280,274,954,280,274,954,280,274,954,1
274,265,1096,274,265,1096,274,265,1096,1
265,275,1110,265,275,1110,265,275,1110,1
275,271,1030,275,271,1030,275,271,1030,1
271,274,1000,271,274,1000,271,274,1000,1
274,270,975,274,270,975,274,270,975,1
270,268,873,270,268,873,270,268,873,1
268,280,822,268,280,822,268,280,822,1
280,268,760,280,268,760,280,268,760,1
268,181,792,268,181,792,268,181,792,-1
181,357,1482,181,357,1482,181,357,1482,1
357,270,790,357,270,790,357,270,790,1
270,271,780,270,271,780,270,271,780,1
271,268,770,271,268,770,271,268,770,1
268,265,801,268,265,801,268,265,801,1
265,277,804,265,277,804,265,277,804,1
277,273,829,277,273,829,277,273,829,1
273,264,842,273,264,842,273,264,842,1
264,273,797,264,273,797,264,273,797,1
273,274,787,273,274,787,273,274,787,1
274,273,844,274,273,844,274,273,844,1
273,191,817,273,191,817,273,191,817,1
191,350,1509,191,350,1509,191,350,1509,1
350,279,880,350,279,880,350,279,880,-1
279,265,836,279,265,836,279,265,836,1
265,261,825,265,261,825,265,261,825,1
261,274,817,261,274,817,261,274,817,1
274,264,855,274,264,855,274,264,855,1
264,271,831,264,271,831,264,271,831,1
271,273,868,271,273,868,271,273,868,1
273,267,872,273,267,872,273,267,872,1
267,271,877,267,271,877,267,271,877,1
271,273,845,271,273,845,271,273,845,1
273,270,858,273,270,858,273,270,858,1
270,269,849,270,269,849,270,269,849,1
269,193,867,269,193,867,269,193,867,1
193,203,1548,193,203,1548,193,203,1548,1
203,143,787,203,143,787,203,143,787,-1
143,275,928,143,275,928,143,275,928,1
275,266,819,275,266,819,275,266,819,1
266,269,857,266,269,857,266,269,857,1
269,266,929,269,266,929,269,266,929,1
266,266,823,266,266,823,266,266,823,1
266,271,834,266,271,834,266,271,834,1
271,260,892,271,260,892,271,260,892,1
260,269,848,260,269,848,260,269,848,1
269,275,882,269,275,882,269,275,882,1
275,266,874,275,266,874,275,266,874,1
266,270,853,266,270,853,266,270,853,1
270,282,843,270,282,843,270,282,843,1
282,188,898,282,188,898,282,188,898,1
188,169,1537,188,169,1537,188,169,1537,1
169,187,777,169,187,777,169,187,777,1
187,275,948,187,275,948,187,275,948,1
275,270,917,275,270,917,275,270,917,1
270,276,877,270,276,877,270,276,877,1
276,268,869,276,268,869,276,268,869,1
268,268,840,268,268,840,268,268,840,1
268,274,794,268,274,794,268,274,794,1
274,265,794,274,265,794,274,265,794,-1
265,133,829,265,133,829,265,133,829,1
133,133,891,133,133,891,133,133,891,1
133,263,960,133,263,960,133,263,960,1
263,269,941,263,269,941,263,269,941,1
269,277,899,269,277,899,269,277,899,1
277,267,913,277,267,913,277,267,913,1
267,185,913,267,185,913,267,185,913,1
185,175,1529,185,175,1529,185,175,1529,1
175,185,800,175,185,800,175,185,800,1
185,274,888,185,274,888,185,274,888,1
274,265,872,274,265,872,274,265,872,1
265,270,855,265,270,855,265,270,855,1
270,267,832,270,267,832,270,267,832,1
267,268,867,267,268,867,267,268,867,1
268,268,815,268,268,815,268,268,815,1
268,265,846,268,265,846,268,265,846,1
265,274,858,265,274,858,265,274,858,1
274,269,836,274,269,836,274,269,836,1
269,267,834,269,267,834,269,267,834,1
267,270,856,267,270,856,267,270,856,1
270,270,864,270,270,864,270,270,864,1
270,193,881,270,193,881,270,193,881,1
193,351,1540,193,351,1540,193,351,1540,1
351,270,867,351,270,867,351,270,867,-1
270,276,837,270,276,837,270,276,837,1
276,274,831,276,274,831,276,274,831,1
274,265,897,274,265,897,274,265,897,1
265,268,887,265,268,887,265,268,887,1
268,271,895,268,271,895,268,271,895,1
271,276,898,271,276,898,271,276,898,1
276,269,882,276,269,882,276,269,882,1
269,272,836,269,272,836,269,272,836,-1
272,277,911,272,277,911,272,277,911,1
277,273,837,277,273,837,277,273,837,1
273,269,850,273,269,850,273,269,850,1
269,271,883,269,271,883,269,271,883,1
271,271,893,271,271,893,271,271,893,1
271,279,851,271,279,851,271,279,851,1
279,264,834,279,264,834,279,264,834,1
264,271,869,264,271,869,264,271,869,1
271,278,885,271,278,885,271,278,885,1
278,273,895,278,273,895,278,273,895,-1
273,271,881,273,271,881,273,271,881,1
271,189,879,271,189,879,271,189,879,1
189,345,1498,189,345,1498,189,345,1498,1
345,279,753,345,279,753,345,279,753,1
279,268,824,279,268,824,279,268,824,1
268,268,845,268,268,845,268,268,845,1
268,267,910,268,267,910,268,267,910,1
267,266,811,267,266,811,267,266,811,-1
266,267,814,266,267,814,266,267,814,1
267,261,879,267,261,879,267,261,879,1
261,266,843,261,266,843,261,266,843,1
266,270,823,266,270,823,266,270,823,1
270,261,900,270,261,900,270,261,900,1
261,266,921,261,266,921,261,266,921,1
266,271,907,266,271,907,266,271,907,1
271,269,852,271,269,852,271,269,852,1
269,264,846,269,264,846,269,264,846,1
264,267,921,264,267,921,264,267,921,1
267,265,855,267,265,855,267,265,855,1
265,277,874,265,277,874,265,277,874,1
277,270,901,277,270,901,277,270,901,1
270,272,859,270,272,859,270,272,859,1
272,276,867,272,276,867,272,276,867,1
276,275,839,276,275,839,276,275,839,1
275,273,852,275,273,852,275,273,852,1
273,182,890,273,182,890,273,182,890,1
182,232,1518,182,232,1518,182,232,1518,1
232,131,788,232,131,788,232,131,788,1
131,281,840,131,281,840,131,281,840,1
281,267,823,281,267,823,281,267,823,1
267,274,791,267,274,791,267,274,791,1
274,278,955,274,278,955,274,278,955,1
278,277,838,278,277,838,278,277,838,1
277,272,830,277,272,830,277,272,830,1
272,186,895,272,186,895,272,186,895,1
186,159,1519,186,159,1519,186,159,1519,-1
159,191,736,159,191,736,159,191,736,1
191,281,857,191,281,857,191,281,857,1
281,271,856,281,271,856,281,271,856,1
271,265,849,271,265,849,271,265,849,1
265,275,839,265,275,839,265,275,839,1
275,271,826,275,271,826,275,271,826,1
271,262,864,271,262,864,271,262,864,1
262,265,844,262,265,844,262,265,844,1
265,271,854,265,271,854,265,271,854,1
271,189,834,271,189,834,271,189,834,1
189,161,1547,189,161,1547,189,161,1547,1
161,189,788,161,189,788,161,189,788,1
189,268,891,189,268,891,189,268,891,1
268,276,832,268,276,832,268,276,832,1
276,270,834,276,270,834,276,270,834,1
270,268,879,270,268,879,270,268,879,1
268,274,903,268,274,903,268,274,903,1
274,268,833,274,268,833,274,268,833,1
268,189,897,268,189,897,268,189,897,1
189,159,1527,189,159,1527,189,159,1527,-1
159,196,768,159,196,768,159,196,768,1
196,267,862,196,267,862,196,267,862,1
267,277,813,267,277,813,267,277,813,1
277,269,879,277,269,879,277,269,879,1
269,265,812,269,265,812,269,265,812,1
265,268,836,265,268,836,265,268,836,1
268,266,853,268,266,853,268,266,853,1
266,270,839,266,270,839,266,270,839,1
270,269,885,270,269,885,270,269,885,1
269,269,848,269,269,848,269,269,848,1
269,277,816,269,277,816,269,277,816,1
277,270,876,277,270,876,277,270,876,1
270,267,839,270,267,839,270,267,839,1
267,277,871,267,277,871,267,277,871,1
277,269,855,277,269,855,277,269,855,1
269,277,827,269,277,827,269,277,827,1
277,276,910,277,276,910,277,276,910,1
276,269,849,276,269,849,276,269,849,-1
269,281,862,269,281,862,269,281,862,1
281,271,881,281,271,881,281,271,881,1
271,265,887,271,265,887,271,265,887,1
265,272,832,265,272,832,265,272,832,1
272,270,814,272,270,814,272,270,814,1
270,272,844,270,272,844,270,272,844,1
272,272,841,272,272,841,272,272,841,1
272,271,886,272,271,886,272,271,886,1
271,275,858,271,275,858,271,275,858,1
275,188,843,275,188,843,275,188,843,1
188,215,1561,188,215,1561,188,215,1561,1
215,131,791,215,131,791,215,131,791,1
131,274,897,131,274,897,131,274,897,1
274,266,842,274,266,842,274,266,842,-1
266,275,838,266,275,838,266,275,838,1
275,272,937,275,272,937,275,272,937,1
272,262,911,272,262,911,272,262,911,1
262,273,832,262,273,832,262,273,832,1
273,268,866,273,268,866,273,268,866,1
268,258,902,268,258,902,268,258,902,1
258,269,812,258,269,812,258,269,812,1
269,267,836,269,267,836,269,267,836,1
267,269,851,267,269,851,267,269,851,1
269,266,874,269,266,874,269,266,874,1
266,266,821,266,266,821,266,266,821,1
266,276,817,266,276,817,266,276,817,-1
276,269,835,276,269,835,276,269,835,1
269,265,907,269,265,907,269,265,907,1
265,273,917,265,273,917,265,273,917,1
273,267,874,273,267,874,273,267,874,1
267,189,885,267,189,885,267,189,885,1
189,352,1568,189,352,1568,189,352,1568,1
352,265,896,352,265,896,352,265,896,1
265,271,867,265,271,867,265,271,867,1
271,265,888,271,265,888,271,265,888,1
265,259,908,265,259,908,265,259,908,1
259,268,846,259,268,846,259,268,846,1
268,268,884,268,268,884,268,268,884,1
268,270,927,268,270,927,268,270,927,1
270,271,900,270,271,900,270,271,900,1
271,270,890,271,270,890,271,270,890,1
270,280,867,270,280,867,270,280,867,1
280,273,845,280,273,845,280,273,845,1
273,270,871,273,270,871,273,270,871,1
270,279,916,270,279,916,270,279,916,1
279,271,848,279,271,848,279,271,848,1
271,284,932,271,284,932,271,284,932,1
284,277,960,284,277,960,284,277,960,1
277,181,893,277,181,893,277,181,893,1
181,225,1572,181,225,1572,181,225,1572,1
225,141,806,225,141,806,225,141,806,1
141,276,934,141,276,934,141,276,934,1
276,267,906,276,267,906,276,267,906,1
267,273,946,267,273,946,267,273,946,1
273,269,867,273,269,867,273,269,867,1
269,275,881,269,275,881,269,275,881,1
275,267,854,275,267,854,275,267,854,1
267,268,868,267,268,868,267,268,868,1
268,276,888,268,276,888,268,276,888,1
276,273,852,276,273,852,276,273,852,1
273,268,898,273,268,898,273,268,898,1
268,272,922,268,272,922,268,272,922,1
272,270,882,272,270,882,272,270,882,1
270,188,925,270,188,925,270,188,925,1
188,218,1567,188,218,1567,188,218,1567,1
218,139,771,218,139,771,218,139,771,1
139,268,841,139,268,841,139,268,841,1
268,278,894,268,278,894,268,278,894,1
278,270,901,278,270,901,278,270,901,1
270,260,874,270,260,874,270,260,874,1
260,268,861,260,268,861,260,268,861,1
268,266,828,268,266,828,268,266,828,1
266,272,806,266,272,806,266,272,806,1
272,265,866,272,265,866,272,265,866,1
265,269,844,265,269,844,265,269,844,1
269,276,845,269,276,845,269,276,845,1
276,189,853,276,189,853,276,189,853,1
189,181,1553,189,181,1553,189,181,1553,1
181,165,791,181,165,791,181,165,791,1
165,271,894,165,271,894,165,271,894,1
271,265,870,271,265,870,271,265,870,1
265,273,902,265,273,902,265,273,902,1
273,269,863,273,269,863,273,269,863,1
269,262,897,269,262,897,269,262,897,1
262,277,858,262,277,858,262,277,858,1
277,267,881,277,267,881,277,267,881,1
267,263,925,267,263,925,267,263,925,1
263,272,867,263,272,867,263,272,867,1
272,268,868,272,268,868,272,268,868,1
268,268,862,268,268,862,268,268,862,-1
268,271,923,268,271,923,268,271,923,1
271,266,850,271,266,850,271,266,850,1
266,270,839,266,270,839,266,270,839,1
270,270,858,270,270,858,270,270,858,1
270,267,873,270,267,873,270,267,873,1
267,269,871,267,269,871,267,269,871,1
269,260,889,269,260,889,269,260,889,1
260,267,926,260,267,926,260,267,926,1
267,273,850,267,273,850,267,273,850,1
273,262,841,273,262,841,273,262,841,1
262,264,853,262,264,853,262,264,853,1
264,269,880,264,269,880,264,269,880,1
269,266,845,269,266,845,269,266,845,1
266,262,890,266,262,890,266,262,890,-1
262,267,887,262,267,887,262,267,887,1
267,261,868,267,261,868,267,261,868,1
261,271,859,261,271,859,261,271,859,1
271,263,887,271,263,887,271,263,887,1
263,266,873,263,266,873,263,266,873,1
266,274,897,266,274,897,266,274,897,1
274,272,848,274,272,848,274,272,848,1
272,263,925,272,263,925,272,263,925,1
263,262,928,263,262,928,263,262,928,1
262,266,892,262,266,892,262,266,892,1
266,269,848,266,269,848,266,269,848,1
269,263,897,269,263,897,269,263,897,-1
263,260,842,263,260,842,263,260,842,1
260,273,852,260,273,852,260,273,852,1
273,262,878,273,262,878,273,262,878,1
262,257,864,262,257,864,262,257,864,1
257,269,838,257,269,838,257,269,838,1
269,261,848,269,261,848,269,261,848,1
261,268,864,261,268,864,261,268,864,1
268,266,947,268,266,947,268,266,947,-1
266,266,869,266,266,869,266,266,869,1
266,271,863,266,271,863,266,271,863,1
271,268,895,271,268,895,271,268,895,1
268,261,948,268,261,948,268,261,948,1
261,265,880,261,265,880,261,265,880,1
265,263,885,265,263,885,265,263,885,1
263,264,862,263,264,862,263,264,862,1
264,265,867,264,265,867,264,265,867,1
265,259,848,265,259,848,265,259,848,1
259,268,869,259,268,869,259,268,869,-1
268,259,917,268,259,917,268,259,917,1
259,261,857,259,261,857,259,261,857,1
261,265,860,261,265,860,261,265,860,1
265,258,849,265,258,849,265,258,849,1
258,261,856,258,261,856,258,261,856,1
261,270,866,261,270,866,261,270,866,1
270,263,890,270,263,890,270,263,890,1
263,182,860,263,182,860,263,182,860,1
182,201,1528,182,201,1528,182,201,1528,1
201,149,780,201,149,780,201,149,780,1
149,268,902,149,268,902,149,268,902,1
268,262,839,268,262,839,268,262,839,1
262,261,842,262,261,842,262,261,842,1
261,263,884,261,263,884,261,263,884,1
263,267,816,263,267,816,263,267,816,1
267,258,886,267,258,886,267,258,886,1
258,261,874,258,261,874,258,261,874,1
261,265,818,261,265,818,261,265,818,1
265,262,814,265,262,814,265,262,814,1
262,258,872,262,258,872,262,258,872,1
258,264,862,258,264,862,258,264,862,1
264,260,863,264,260,863,264,260,863,1
260,187,852,260,187,852,260,187,852,1
187,177,1544,187,177,1544,187,177,1544,1
177,166,794,177,166,794,177,166,794,1
166,263,902,166,263,902,166,263,902,-1
263,270,849,263,270,849,263,270,849,1
270,174,824,270,174,824,270,174,824,1
174,352,826,174,352,826,174,352,826,1
352,263,823,352,263,823,352,263,823,1
263,262,842,263,262,842,263,262,842,1
262,268,870,262,268,870,262,268,870,1
268,262,868,268,262,868,268,262,868,1
262,259,870,262,259,870,262,259,870,1
259,274,856,259,274,856,259,274,856,1
274,186,877,274,186,877,274,186,877,1
186,160,1557,186,160,1557,186,160,1557,1
160,175,780,160,175,780,160,175,780,1
175,271,925,175,271,925,175,271,925,1
271,264,810,271,264,810,271,264,810,1
264,266,858,264,266,858,264,266,858,1
266,265,830,266,265,830,266,265,830,1
265,264,893,265,264,893,265,264,893,1
264,273,894,264,273,894,264,273,894,1
273,186,903,273,186,903,273,186,903,1
186,336,1525,186,336,1525,186,336,1525,1
336,268,824,336,268,824,336,268,824,1
268,262,878,268,262,878,268,262,878,-1
262,264,884,262,264,884,262,264,884,1
264,263,863,264,263,863,264,263,863,1
263,259,850,263,259,850,263,259,850,1
259,268,827,259,268,827,259,268,827,1
268,260,850,268,260,850,268,260,850,1
260,261,926,260,261,926,260,261,926,1
261,183,846,261,183,846,261,183,846,1
183,167,1525,183,167,1525,183,167,1525,1
167,175,772,167,175,772,167,175,772,1
175,265,861,175,265,861,175,265,861,1
265,267,845,265,267,845,265,267,845,1
267,263,887,267,263,887,267,263,887,1
263,263,852,263,263,852,263,263,852,1
263,270,904,263,270,904,263,270,904,-1
270,268,893,270,268,893,270,268,893,1
268,260,854,268,260,854,268,260,854,1
260,261,822,260,261,822,260,261,822,1
261,264,858,261,264,858,261,264,858,1
264,269,856,264,269,856,264,269,856,1
269,259,908,269,259,908,269,259,908,1
259,259,897,259,259,897,259,259,897,1
259,268,855,259,268,855,259,268,855,1
268,261,866,268,261,866,268,261,866,1
261,259,894,261,259,894,261,259,894,1
259,268,903,259,268,903,259,268,903,1
268,262,890,268,262,890,268,262,890,1
262,269,870,262,269,870,262,269,870,1
269,269,855,269,269,855,269,269,855,-1
269,264,848,269,264,848,269,264,848,1
264,272,856,264,272,856,264,272,856,1
272,268,856,272,268,856,272,268,856,1
268,261,891,268,261,891,268,261,891,1
261,264,823,261,264,823,261,264,823,1
264,182,848,264,182,848,264,182,848,-1
182,344,1491,182,344,1491,182,344,1491,1
344,272,915,344,272,915,344,272,915,1
272,260,844,272,260,844,272,260,844,1
260,266,819,260,266,819,260,266,819,1
266,265,836,266,265,836,266,265,836,-1
265,266,850,265,266,850,265,266,850,1
266,270,831,266,270,831,266,270,831,1
270,262,844,270,262,844,270,262,844,1
262,268,874,262,268,874,262,268,874,1
268,271,852,268,271,852,268,271,852,1
271,266,830,271,266,830,271,266,830,1
266,265,864,266,265,864,266,265,864,1
265,275,862,265,275,862,265,275,862,1
275,269,801,275,269,801,275,269,801,1
269,261,777,269,261,777,269,261,777,1
261,268,758,261,268,758,261,268,758,-1
268,270,754,268,270,754,268,270,754,1
270,271,770,270,271,770,270,271,770,1
271,267,744,271,267,744,271,267,744,1
267,267,808,267,267,808,267,267,808,1
267,271,815,267,271,815,267,271,815,1
271,185,767,271,185,767,271,185,767,1
185,200,1472,185,200,1472,185,200,1472,1
200,148,770,200,148,770,200,148,770,1
148,267,904,148,267,904,148,267,904,1
267,266,855,267,266,855,267,266,855,1
266,271,932,266,271,932,266,271,932,1
271,264,880,271,264,880,271,264,880,-1
264,265,781,264,265,781,264,265,781,1
265,279,818,265,279,818,265,279,818,1
279,268,868,279,268,868,279,268,868,1
268,261,850,268,261,850,268,261,850,1
261,269,923,261,269,923,261,269,923,1
269,270,893,269,270,893,269,270,893,1
270,273,914,270,273,914,270,273,914,1
273,267,929,273,267,929,273,267,929,1
267,190,955,267,190,955,267,190,955,1
190,175,1617,190,175,1617,190,175,1617,1
175,169,822,175,169,822,175,169,822,1
169,271,858,169,271,858,169,271,858,-1
271,262,930,271,262,930,271,262,930,1
262,268,917,262,268,917,262,268,917,1
268,267,897,268,267,897,268,267,897,1
267,274,919,267,274,919,267,274,919,1
274,269,902,274,269,902,274,269,902,1
269,263,903,269,263,903,269,263,903,1
263,279,873,263,279,873,263,279,873,1
279,267,851,279,267,851,279,267,851,1
267,261,871,267,261,871,267,261,871,1
261,271,876,261,271,876,261,271,876,1
271,273,826,271,273,826,271,273,826,-1
273,190,870,273,190,870,273,190,870,1
190,347,1514,190,347,1514,190,347,1514,1
347,267,873,347,267,873,347,267,873,1
267,271,845,267,271,845,267,271,845,1
271,268,853,271,268,853,271,268,853,1
268,262,862,268,262,862,268,262,862,1
262,266,858,262,266,858,262,266,858,1
266,218,1070,266,218,1070,266,218,1070,1
218,241,1681,218,241,1681,218,241,1681,1
241,132,1516,241,132,1516,241,132,1516,1
132,155,1429,132,155,1429,132,155,1429,1
155,157,1341,155,157,1341,155,157,1341,1
157,121,1252,157,121,1252,157,121,1252,-1
121,202,1205,121,202,1205,121,202,1205,1
202,191,1136,202,191,1136,202,191,1136,1
191,213,1085,191,213,1085,191,213,1085,1
213,178,1055,213,178,1055,213,178,1055,1
178,145,1034,178,145,1034,178,145,1034,1
145,182,1028,145,182,1028,145,182,1028,1
182,196,1027,182,196,1027,182,196,1027,-1
196,167,1033,196,167,1033,196,167,1033,1
167,178,1009,167,178,1009,167,178,1009,1
178,256,978,178,256,978,178,256,978,1
256,262,887,256,262,887,256,262,887,-1
262,270,820,262,270,820,262,270,820,1
270,264,753,270,264,753,270,264,753,1
264,259,711,264,259,711,264,259,711,1
259,270,661,259,270,661,259,270,661,1
270,259,602,270,259,602,270,259,602,1
259,268,605,259,268,605,259,268,605,1
268,267,633,268,267,633,268,267,633,1
267,263,615,267,263,615,267,263,615,1
263,278,608,263,278,608,263,278,608,1
278,267,644,278,267,644,278,267,644,1
267,261,636,267,261,636,267,261,636,1
261,272,626,261,272,626,261,272,626,1
272,267,628,272,267,628,272,267,628,1
267,187,641,267,187,641,267,187,641,1
187,212,1121,187,212,1121,187,212,1121,1
212,135,582,212,135,582,212,135,582,1
135,268,654,135,268,654,135,268,654,1
268,271,764,268,271,764,268,271,764,1
271,261,814,271,261,814,271,261,814,1
261,260,804,261,260,804,261,260,804,1
260,271,764,260,271,764,260,271,764,-1
271,259,731,271,259,731,271,259,731,1
259,270,721,259,270,721,259,270,721,1
270,271,773,270,271,773,270,271,773,1
271,264,734,271,264,734,271,264,734,1
264,270,748,264,270,748,264,270,748,1
270,188,768,270,188,768,270,188,768,1
188,345,1341,188,345,1341,188,345,1341,1
345,268,736,345,268,736,345,268,736,1
268,266,724,268,266,724,268,266,724,1
266,261,629,266,261,629,266,261,629,1
261,272,525,261,272,525,261,272,525,1
272,260,512,272,260,512,272,260,512,1
260,262,538,260,262,538,260,262,538,1
262,264,593,262,264,593,262,264,593,1
264,263,593,264,263,593,264,263,593,1
263,264,600,263,264,600,263,264,600,1
264,261,708,264,261,708,264,261,708,1
261,437,705,261,437,705,261,437,705,1
437,252,111,437,252,111,437,252,111,1
252,264,321,252,264,321,252,264,321,-1
264,215,484,264,215,484,264,215,484,1
215,134,592,215,134,592,215,134,592,1
134,216,655,134,216,655,134,216,655,1
216,155,745,216,155,745,216,155,745,1
155,199,795,155,199,795,155,199,795,1
199,271,853,199,271,853,199,271,853,1
271,265,903,271,265,903,271,265,903,1
265,143,938,265,143,938,265,143,938,1
143,126,936,143,126,936,143,126,936,1
126,270,957,126,270,957,126,270,957,1
270,269,1003,270,269,1003,270,269,1003,1
269,270,1078,269,270,1078,269,270,1078,1
270,271,1116,270,271,1116,270,271,1116,1
271,266,1196,271,266,1196,271,266,1196,1
266,269,1200,266,269,1200,266,269,1200,1
269,269,1155,269,269,1155,269,269,1155,1
269,273,1214,269,273,1214,269,273,1214,1
273,455,1376,273,455,1376,273,455,1376,1
455,431,1715,455,431,1715,455,431,1715,1
431,194,289,431,194,289,431,194,289,-1
194,262,443,194,262,443,194,262,443,1
262,271,644,262,271,644,262,271,644,1
271,265,840,271,265,840,271,265,840,1
265,265,958,265,265,958,265,265,958,1
265,267,1014,265,267,1014,265,267,1014,1
267,263,1055,267,263,1055,267,263,1055,1
263,263,1062,263,263,1062,263,263,1062,1
263,265,1091,263,265,1091,263,265,1091,1
265,260,1069,265,260,1069,265,260,1069,1
260,262,1044,260,262,1044,260,262,1044,1
262,258,1079,262,258,1079,262,258,1079,1
258,264,1054,258,264,1054,258,264,1054,1
264,269,1116,264,269,1116,264,269,1116,1
269,265,1066,269,265,1066,269,265,1066,1
265,274,990,265,274,990,265,274,990,1
274,275,994,274,275,994,274,275,994,1
275,275,982,275,275,982,275,275,982,1
275,275,994,275,275,994,275,275,994,1
275,184,1033,275,184,1033,275,184,1033,1
184,216,1749,184,216,1749,184,216,1749,1
216,140,1085,216,140,1085,216,140,1085,1
140,278,1200,140,278,1200,140,278,1200,-1
278,263,1154,278,263,1154,278,263,1154,1
263,264,1112,263,264,1112,263,264,1112,1
264,272,1123,264,272,1123,264,272,1123,1
272,266,1112,272,266,1112,272,266,1112,1
266,267,988,266,267,988,266,267,988,1
267,262,940,267,262,940,267,262,940,1
262,270,945,262,270,945,262,270,945,1
270,272,862,270,272,862,270,272,862,1
272,265,854,272,265,854,272,265,854,1
265,270,863,265,270,863,265,270,863,1
270,270,880,270,270,880,270,270,880,1
270,268,767,270,268,767,270,268,767,1
268,269,707,268,269,707,268,269,707,1
269,266,757,269,266,757,269,266,757,1
266,268,698,266,268,698,266,268,698,1
268,274,715,268,274,715,268,274,715,1
274,265,555,274,265,555,274,265,555,1
265,179,544,265,179,544,265,179,544,1
179,172,1407,179,172,1407,179,172,1407,1
172,183,747,172,183,747,172,183,747,1
183,272,930,183,272,930,183,272,930,1
272,269,953,272,269,953,272,269,953,1
269,264,961,269,264,961,269,264,961,1
264,269,900,264,269,900,264,269,900,1
269,272,930,269,272,930,269,272,930,1
272,267,803,272,267,803,272,267,803,1
267,275,832,267,275,832,267,275,832,1
275,272,812,275,272,812,275,272,812,1
272,266,743,272,266,743,272,266,743,1
266,269,761,266,269,761,266,269,761,1
269,263,820,269,263,820,269,263,820,1
263,262,834,263,262,834,263,262,834,1
262,264,852,262,264,852,262,264,852,1
264,256,670,264,256,670,264,256,670,1
256,255,696,256,255,696,256,255,696,1
255,263,739,255,263,739,255,263,739,1
263,263,831,263,263,831,263,263,831,1
263,258,785,263,258,785,263,258,785,1
258,184,809,258,184,809,258,184,809,1
184,335,1516,184,335,1516,184,335,1516,1
335,269,830,335,269,830,335,269,830,1
269,259,874,269,259,874,269,259,874,1
259,260,838,259,260,838,259,260,838,1
260,270,924,260,270,924,260,270,924,1
270,257,847,270,257,847,270,257,847,1
257,250,872,257,250,872,257,250,872,1
250,258,878,250,258,878,250,258,878,1
258,254,852,258,254,852,258,254,852,1
254,258,875,254,258,875,254,258,875,1
258,256,896,258,256,896,258,256,896,1
256,257,835,256,257,835,256,257,835,1
257,260,884,257,260,884,257,260,884,1
260,257,892,260,257,892,260,257,892,1
257,257,883,257,257,883,257,257,883,-1
257,263,854,257,263,854,257,263,854,1
263,255,842,263,255,842,263,255,842,1
255,265,875,255,265,875,255,265,875,1
265,265,875,265,265,875,265,265,875,1
265,261,823,265,261,823,265,261,823,1
261,267,807,261,267,807,261,267,807,1
267,201,842,267,201,842,267,201,842,1
201,325,1540,201,325,1540,201,325,1540,1
325,261,805,325,261,805,325,261,805,1
261,258,853,261,258,853,261,258,853,1
258,257,870,258,257,870,258,257,870,1
257,263,865,257,263,865,257,263,865,1
263,255,836,263,255,836,263,255,836,1
255,256,823,255,256,823,255,256,823,1
256,264,835,256,264,835,256,264,835,1
264,261,812,264,261,812,264,261,812,1
261,255,824,261,255,824,261,255,824,1
255,261,821,255,261,821,255,261,821,1
261,261,793,261,261,793,261,261,793,1
261,265,818,261,265,818,261,265,818,1
265,262,805,265,262,805,265,262,805,1
262,264,834,262,264,834,262,264,834,1
264,268,859,264,268,859,264,268,859,1
268,262,884,268,262,884,268,262,884,1
262,265,852,262,265,852,262,265,852,1
265,265,822,265,265,822,265,265,822,1
265,258,841,265,258,841,265,258,841,1
258,260,825,258,260,825,258,260,825,1
260,270,836,260,270,836,260,270,836,1
270,258,830,270,258,830,270,258,830,1
258,256,787,258,256,787,258,256,787,1
256,267,809,256,267,809,256,267,809,-1
267,263,818,267,263,818,267,263,818,1
263,258,824,263,258,824,263,258,824,1
258,258,797,258,258,797,258,258,797,1
258,262,799,258,262,799,258,262,799,1
262,264,821,262,264,821,262,264,821,1
264,258,821,264,258,821,264,258,821,1
258,260,835,258,260,835,258,260,835,1
260,269,836,260,269,836,260,269,836,-1
269,259,869,269,259,869,269,259,869,1
259,256,860,259,256,860,259,256,860,1
256,266,855,256,266,855,256,266,855,1
266,259,864,266,259,864,266,259,864,1
259,264,865,259,264,865,259,264,865,1
264,259,858,264,259,858,264,259,858,1
259,256,823,259,256,823,259,256,823,1
256,260,850,256,260,850,256,260,850,1
260,259,848,260,259,848,260,259,848,1
259,257,832,259,257,832,259,257,832,1
257,260,841,257,260,841,257,260,841,1
260,258,840,260,258,840,260,258,840,1
258,265,843,258,265,843,258,265,843,1
265,269,836,265,269,836,265,269,836,1
269,265,822,269,265,822,269,265,822,1
265,274,831,265,274,831,265,274,831,1
274,274,844,274,274,844,274,274,844,1
274,274,849,274,274,849,274,274,849,1
274,269,826,274,269,826,274,269,826,1
269,266,816,269,266,816,269,266,816,1
266,202,850,266,202,850,266,202,850,1
202,211,1433,202,211,1433,202,211,1433,-1
211,126,829,211,126,829,211,126,829,-1
126,258,829,126,258,829,126,258,829,1
258,256,786,258,256,786,258,256,786,1
256,269,810,256,269,810,256,269,810,1
269,264,830,269,264,830,269,264,830,1
264,259,842,264,259,842,264,259,842,1
259,260,860,259,260,860,259,260,860,1
260,263,833,260,263,833,260,263,833,1
263,142,839,263,142,839,263,142,839,1
142,126,858,142,126,858,142,126,858,1
126,132,878,126,132,878,126,132,878,1
132,131,884,132,131,884,132,131,884,1
131,263,886,131,263,886,131,263,886,1
263,267,846,263,267,846,263,267,846,1
267,134,817,267,134,817,267,134,817,1
134,132,839,134,132,839,134,132,839,1
132,166,844,132,166,844,132,166,844,1
166,358,854,166,358,854,166,358,854,1
358,265,840,358,265,840,358,265,840,1
265,270,858,265,270,858,265,270,858,1
270,261,829,270,261,829,270,261,829,-1
261,260,802,261,260,802,261,260,802,1
260,273,836,260,273,836,260,273,836,1
273,265,837,273,265,837,273,265,837,1
265,256,843,265,256,843,265,256,843,1
256,262,785,256,262,785,256,262,785,1
262,264,795,262,264,795,262,264,795,1
264,265,769,264,265,769,264,265,769,1
265,267,788,265,267,788,265,267,788,1
267,262,794,267,262,794,267,262,794,1
262,274,772,262,274,772,262,274,772,-1
274,266,805,274,266,805,274,266,805,1
266,258,833,266,258,833,266,258,833,1
258,267,807,258,267,807,258,267,807,1
267,194,829,267,194,829,267,194,829,1
194,159,1452,194,159,1452,194,159,1452,1
159,177,794,159,177,794,159,177,794,1
177,267,824,177,267,824,177,267,824,1
267,258,836,267,258,836,267,258,836,1
258,272,815,258,272,815,258,272,815,1
272,270,827,272,270,827,272,270,827,1
270,258,815,270,258,815,270,258,815,1
258,271,793,258,271,793,258,271,793,1
271,182,817,271,182,817,271,182,817,1
182,195,1452,182,195,1452,182,195,1452,1
195,173,807,195,173,807,195,173,807,1
173,273,837,173,273,837,173,273,837,1
273,271,826,273,271,826,273,271,826,1
271,280,831,271,280,831,271,280,831,1
280,269,831,280,269,831,280,269,831,1
269,266,906,269,266,906,269,266,906,1
266,273,927,266,273,927,266,273,927,1
273,135,800,273,135,800,273,135,800,1
135,133,810,135,133,810,135,133,810,1
133,272,766,133,272,766,133,272,766,1
272,262,767,272,262,767,272,262,767,1
262,261,754,262,261,754,262,261,754,1
261,268,797,261,268,797,261,268,797,1
268,264,819,268,264,819,268,264,819,1
264,254,845,264,254,845,264,254,845,1
254,264,820,254,264,820,254,264,820,-1
264,261,798,264,261,798,264,261,798,1
261,264,778,261,264,778,261,264,778,1
264,262,799,264,262,799,264,262,799,1
262,261,824,262,261,824,262,261,824,1
261,264,818,261,264,818,261,264,818,1
264,258,808,264,258,808,264,258,808,1
258,196,795,258,196,795,258,196,795,1
196,143,1392,196,143,1392,196,143,1392,1
143,156,1218,143,156,1218,143,156,1218,1
156,207,794,156,207,794,156,207,794,1
207,262,803,207,262,803,207,262,803,1
262,268,812,262,268,812,262,268,812,1
268,256,843,268,256,843,268,256,843,1
256,255,827,256,255,827,256,255,827,1
255,266,834,255,266,834,255,266,834,1
266,260,809,266,260,809,266,260,809,1
260,255,841,260,255,841,260,255,841,1
255,264,840,255,264,840,255,264,840,1
264,262,843,264,262,843,264,262,843,1
262,265,796,262,265,796,262,265,796,1
265,269,828,265,269,828,265,269,828,1
269,268,819,269,268,819,269,268,819,1
268,272,835,268,272,835,268,272,835,1
272,263,838,272,263,838,272,263,838,1
263,267,772,263,267,772,263,267,772,1
267,265,803,267,265,803,267,265,803,1
265,259,832,265,259,832,265,259,832,1
259,264,795,259,264,795,259,264,795,1
264,194,818,264,194,818,264,194,818,1
194,332,1383,194,332,1383,194,332,1383,1
332,263,818,332,263,818,332,263,818,1
263,269,847,263,269,847,263,269,847,1
269,263,833,269,263,833,269,263,833,1
263,132,830,263,132,830,263,132,830,1
132,129,829,132,129,829,132,129,829,-1
129,262,814,129,262,814,129,262,814,1
262,261,831,262,261,831,262,261,831,1
261,262,816,261,262,816,261,262,816,1
262,262,802,262,262,802,262,262,802,1
262,205,810,262,205,810,262,205,810,1
205,190,1371,205,190,1371,205,190,1371,1
190,128,746,190,128,746,190,128,746,1
128,263,811,128,263,811,128,263,811,1
263,251,827,263,251,827,263,251,827,1
251,262,810,251,262,810,251,262,810,1
262,258,821,262,258,821,262,258,821,1
258,266,819,258,266,819,258,266,819,1
266,261,826,266,261,826,266,261,826,1
261,261,821,261,261,821,261,261,821,1
261,268,822,261,268,822,261,268,822,1
268,270,813,268,270,813,268,270,813,1
270,262,832,270,262,832,270,262,832,1
262,269,789,262,269,789,262,269,789,1
269,270,824,269,270,824,269,270,824,1
270,266,866,270,266,866,270,266,866,1
266,273,838,266,273,838,266,273,838,1
273,269,831,273,269,831,273,269,831,1
269,269,822,269,269,822,269,269,822,1
269,267,835,269,267,835,269,267,835,1
267,263,815,267,263,815,267,263,815,1
263,264,787,263,264,787,263,264,787,1
264,261,804,264,261,804,264,261,804,1
261,266,824,261,266,824,261,266,824,1
266,265,814,266,265,814,266,265,814,1
265,259,816,265,259,816,265,259,816,1
259,264,816,259,264,816,259,264,816,1
264,266,825,264,266,825,264,266,825,1
266,260,813,266,260,813,266,260,813,1
260,263,793,260,263,793,260,263,793,1
263,262,825,263,262,825,263,262,825,1
262,185,818,262,185,818,262,185,818,1
185,345,1414,185,345,1414,185,345,1414,1
345,262,831,345,262,831,345,262,831,1
262,260,813,262,260,813,262,260,813,1
260,266,809,260,266,809,260,266,809,1
266,263,812,266,263,812,266,263,812,1
263,257,784,263,257,784,263,257,784,1
257,257,802,257,257,802,257,257,802,1
257,259,769,257,259,769,257,259,769,1
259,266,780,259,266,780,259,266,780,1
266,254,798,266,254,798,266,254,798,1
254,257,775,254,257,775,254,257,775,1
257,269,862,257,269,862,257,269,862,1
269,261,857,269,261,857,269,261,857,1
261,256,854,261,256,854,261,256,854,1
256,265,889,256,265,889,256,265,889,1
265,264,884,265,264,884,265,264,884,1
264,263,842,264,263,842,264,263,842,1
263,266,853,263,266,853,263,266,853,1
266,124,859,266,124,859,266,124,859,1
124,141,851,124,141,851,124,141,851,1
141,274,851,141,274,851,141,274,851,1
274,268,852,274,268,852,274,268,852,1
268,261,868,268,261,868,268,261,868,1
261,266,839,261,266,839,261,266,839,1
266,261,834,266,261,834,266,261,834,1
261,272,819,261,272,819,261,272,819,1
272,256,790,272,256,790,272,256,790,1
256,254,761,256,254,761,256,254,761,1
254,268,744,254,268,744,254,268,744,1
268,260,798,268,260,798,268,260,798,1
260,253,813,260,253,813,260,253,813,1
253,266,803,253,266,803,253,266,803,1
266,262,803,266,262,803,266,262,803,1
262,137,815,262,137,815,262,137,815,1
137,125,842,137,125,842,137,125,842,1
125,139,831,125,139,831,125,139,831,1
139,127,852,139,127,852,139,127,852,1
127,184,840,127,184,840,127,184,840,1
184,176,1412,184,176,1412,184,176,1412,1
176,168,818,176,168,818,176,168,818,1
168,262,883,168,262,883,168,262,883,1
262,252,822,262,252,822,262,252,822,1
252,257,773,252,257,773,252,257,773,1
257,123,810,257,123,810,257,123,810,1
123,130,819,123,130,819,123,130,819,1
130,258,817,130,258,817,130,258,817,1
258,263,831,258,263,831,258,263,831,1
263,251,830,263,251,830,263,251,830,1
251,256,823,251,256,823,251,256,823,1
256,264,858,256,264,858,256,264,858,1
264,258,842,264,258,842,264,258,842,1
258,252,807,258,252,807,258,252,807,1
252,259,828,252,259,828,252,259,828,1
259,261,827,259,261,827,259,261,827,1
261,155,855,261,155,855,261,155,855,1
155,173,887,155,173,887,155,173,887,1
173,195,933,173,195,933,173,195,933,1
195,259,1129,195,259,1129,195,259,1129,1
259,129,1256,259,129,1256,259,129,1256,1
129,136,1112,129,136,1112,129,136,1112,1
136,186,915,136,186,915,136,186,915,1
186,184,848,186,184,848,186,184,848,1
184,143,812,184,143,812,184,143,812,1
143,256,776,143,256,776,143,256,776,1
256,152,664,256,152,664,256,152,664,1
152,256,610,152,256,610,152,256,610,1
256,210,620,256,210,620,256,210,620,1
210,159,779,210,159,779,210,159,779,1
159,252,694,159,252,694,159,252,694,1
252,255,712,252,255,712,252,255,712,1
255,258,747,255,258,747,255,258,747,1
258,252,749,258,252,749,258,252,749,1
252,252,739,252,252,739,252,252,739,1
252,251,794,252,251,794,252,251,794,1
251,249,764,251,249,764,251,249,764,1
249,255,755,249,255,755,249,255,755,1
255,256,828,255,256,828,255,256,828,1
256,247,857,256,247,857,256,247,857,1
247,258,824,247,258,824,247,258,824,1
258,252,881,258,252,881,258,252,881,1
252,251,882,252,251,882,252,251,882,1
251,252,866,251,252,866,251,252,866,1
252,251,849,252,251,849,252,251,849,1
251,256,869,251,256,869,251,256,869,1
256,259,880,256,259,880,256,259,880,1
259,249,810,259,249,810,259,249,810,1
249,253,795,249,253,795,249,253,795,1
253,262,820,253,262,820,253,262,820,1
262,254,802,262,254,802,262,254,802,1
254,255,831,254,255,831,254,255,831,1
255,257,838,255,257,838,255,257,838,1
257,256,830,257,256,830,257,256,830,1
256,259,861,256,259,861,256,259,861,1
259,261,828,259,261,828,259,261,828,1
261,258,821,261,258,821,261,258,821,1
258,262,834,258,262,834,258,262,834,1
262,261,802,262,261,802,262,261,802,1
261,258,839,261,258,839,261,258,839,1
258,260,850,258,260,850,258,260,850,1
260,257,861,260,257,861,260,257,861,1
257,262,841,257,262,841,257,262,841,1
262,263,826,262,263,826,262,263,826,1
263,134,819,263,134,819,263,134,819,1
134,252,783,134,252,783,134,252,783,1
252,121,684,252,121,684,252,121,684,1
121,266,691,121,266,691,121,266,691,1
266,255,734,266,255,734,266,255,734,1
255,253,800,255,253,800,255,253,800,1
253,255,854,253,255,854,253,255,854,1
255,254,869,255,254,869,255,254,869,1
254,262,900,254,262,900,254,262,900,1
262,257,941,262,257,941,262,257,941,1
257,255,902,257,255,902,257,255,902,1
255,264,914,255,264,914,255,264,914,1
264,255,875,264,255,875,264,255,875,1
255,251,828,255,251,828,255,251,828,1
251,256,862,251,256,862,251,256,862,1
256,252,894,256,252,894,256,252,894,1
252,256,876,252,256,876,252,256,876,1
256,255,902,256,255,902,256,255,902,1
255,251,882,255,251,882,255,251,882,1
251,255,862,251,255,862,251,255,862,1
255,259,854,255,259,854,255,259,854,1
259,255,820,259,255,820,259,255,820,-1
255,253,786,255,253,786,255,253,786,1
253,257,870,253,257,870,253,257,870,1
257,256,853,257,256,853,257,256,853,1
256,269,833,256,269,833,256,269,833,1
269,261,846,269,261,846,269,261,846,1
261,256,823,261,256,823,261,256,823,1
256,265,767,256,265,767,256,265,767,1
265,263,752,265,263,752,265,263,752,1
263,254,774,263,254,774,263,254,774,1
254,148,829,254,148,829,254,148,829,1
148,215,853,148,215,853,148,215,853,1
215,157,836,215,157,836,215,157,836,1
157,261,781,157,261,781,157,261,781,1
261,253,775,261,253,775,261,253,775,1
253,253,781,253,253,781,253,253,781,1
253,267,774,253,267,774,253,267,774,1
267,253,838,267,253,838,267,253,838,1
253,249,782,253,249,782,253,249,782,1
249,260,764,249,260,764,249,260,764,1
260,256,794,260,256,794,260,256,794,1
256,253,806,256,253,806,256,253,806,1
253,262,789,253,262,789,253,262,789,1
262,258,799,262,258,799,262,258,799,1
258,263,814,258,263,814,258,263,814,1
263,264,844,263,264,844,263,264,844,1
264,259,800,264,259,800,264,259,800,1
259,260,790,259,260,790,259,260,790,1
260,257,839,260,257,839,260,257,839,1
257,265,829,257,265,829,257,265,829,1
265,266,835,265,266,835,265,266,835,1
266,256,799,266,256,799,266,256,799,1
256,259,806,256,259,806,256,259,806,1
259,265,812,259,265,812,259,265,812,1
265,260,815,265,260,815,265,260,815,1
260,259,807,260,259,807,260,259,807,1
259,258,815,259,258,815,259,258,815,1
258,259,798,258,259,798,258,259,798,1
259,263,786,259,263,786,259,263,786,1
263,258,794,263,258,794,263,258,794,1
258,257,791,258,257,791,258,257,791,1
257,264,804,257,264,804,257,264,804,1
264,262,828,264,262,828,264,262,828,1
262,252,839,262,252,839,262,252,839,1
252,257,843,252,257,843,252,257,843,1
257,257,825,257,257,825,257,257,825,1
257,260,799,257,260,799,257,260,799,1
260,255,814,260,255,814,260,255,814,1
255,256,836,255,256,836,255,256,836,1
256,262,849,256,262,849,256,262,849,1
262,258,881,262,258,881,262,258,881,1
258,254,882,258,254,882,258,254,882,1
254,261,849,254,261,849,254,261,849,1
261,256,838,261,256,838,261,256,838,1
256,250,820,256,250,820,256,250,820,1
250,262,794,250,262,794,250,262,794,1
262,255,820,262,255,820,262,255,820,1
255,254,853,255,254,853,255,254,853,1
254,259,836,254,259,836,254,259,836,1
259,260,823,259,260,823,259,260,823,1
260,247,816,260,247,816,260,247,816,1
247,255,808,247,255,808,247,255,808,1
255,257,813,255,257,813,255,257,813,1
257,265,834,257,265,834,257,265,834,1
265,255,811,265,255,811,265,255,811,1
255,255,823,255,255,823,255,255,823,1
255,261,807,255,261,807,255,261,807,1
261,257,783,261,257,783,261,257,783,1
257,252,786,257,252,786,257,252,786,1
252,258,785,252,258,785,252,258,785,1
258,252,819,258,252,819,258,252,819,1
252,257,837,252,257,837,252,257,837,1
257,262,803,257,262,803,257,262,803,1
262,258,818,262,258,818,262,258,818,1
258,257,850,258,257,850,258,257,850,1
257,266,813,257,266,813,257,266,813,1
266,267,833,266,267,833,266,267,833,1
267,256,858,267,256,858,267,256,858,1
256,264,830,256,264,830,256,264,830,1
264,263,850,264,263,850,264,263,850,1
263,266,831,263,266,831,263,266,831,1
266,261,797,266,261,797,266,261,797,1
261,183,847,261,183,847,261,183,847,1
183,210,1474,183,210,1474,183,210,1474,1
210,132,789,210,132,789,210,132,789,1
132,259,830,132,259,830,132,259,830,1
259,255,832,259,255,832,259,255,832,1
255,262,784,255,262,784,255,262,784,1
262,256,815,262,256,815,262,256,815,1
256,258,810,256,258,810,256,258,810,1
258,265,795,258,265,795,258,265,795,1
265,258,831,265,258,831,265,258,831,1
258,265,790,258,265,790,258,265,790,1
265,264,817,265,264,817,265,264,817,1
264,259,820,264,259,820,264,259,820,1
259,261,769,259,261,769,259,261,769,1
261,259,806,261,259,806,261,259,806,1
