297,297,1019,297,297,1019,297,297,1019,-1
297,203,1124,297,203,1124,297,203,1124,-1
203,212,981,203,212,981,203,212,981,-1
212,218,1063,212,218,1063,212,218,1063,-1
218,205,1040,218,205,1040,218,205,1040,-1
205,180,962,205,180,962,205,180,962,-1
180,227,995,180,227,995,180,227,995,-1
227,204,1093,227,204,1093,227,204,1093,-1
204,195,992,204,195,992,204,195,992,-1
195,205,1050,195,205,1050,195,205,1050,-1
205,193,1016,205,193,1016,205,193,1016,-1
193,209,977,193,209,977,193,209,977,-1
209,222,1062,209,222,1062,209,222,1062,-1
222,311,1194,222,311,1194,222,311,1194,-1
311,306,1032,311,306,1032,311,306,1032,-1
306,302,1138,306,302,1138,306,302,1138,-1
302,308,1033,302,308,1033,302,308,1033,-1
308,298,1023,308,298,1023,308,298,1023,-1
298,194,956,298,194,956,298,194,956,-1
194,206,955,194,206,955,194,206,955,-1
206,210,1028,206,210,1028,206,210,1028,-1
210,214,1057,210,214,1057,210,214,1057,-1
214,207,973,214,207,973,214,207,973,-1
207,202,1039,207,202,1039,207,202,1039,-1
202,320,1029,202,320,1029,202,320,1029,-1
320,297,1045,320,297,1045,320,297,1045,-1
297,198,1021,297,198,1021,297,198,1021,-1
198,191,982,198,191,982,198,191,982,-1
191,203,1053,191,203,1053,191,203,1053,-1
203,239,1044,203,239,1044,203,239,1044,-1
239,193,981,239,193,981,239,193,981,-1
193,218,1036,193,218,1036,193,218,1036,-1
218,299,1141,218,299,1141,218,299,1141,-1
299,311,990,299,311,990,299,311,990,-1
311,305,1006,311,305,1006,311,305,1006,-1
305,202,1069,305,202,1069,305,202,1069,-1
202,196,968,202,196,968,202,196,968,-1
196,212,1033,196,212,1033,196,212,1033,-1
212,209,1165,212,209,1165,212,209,1165,-1
209,208,976,209,208,976,209,208,976,-1
208,212,1043,208,212,1043,208,212,1043,-1
212,210,1169,212,210,1169,212,210,1169,-1
210,201,991,210,201,991,210,201,991,-1
201,213,1058,201,213,1058,201,213,1058,-1
213,307,1098,213,307,1098,213,307,1098,-1
307,301,1047,307,301,1047,307,301,1047,-1
301,192,1088,301,192,1088,301,192,1088,-1
192,219,992,192,219,992,192,219,992,-1
219,121,1060,219,121,1060,219,121,1060,-1
121,208,994,121,208,994,121,208,994,-1
208,138,1062,208,138,1062,208,138,1062,-1
138,197,988,138,197,988,138,197,988,-1
197,208,1048,197,208,1048,197,208,1048,-1
208,216,1072,208,216,1072,208,216,1072,-1
216,202,995,216,202,995,216,202,995,-1
202,216,1059,202,216,1059,202,216,1059,-1
216,309,1021,216,309,1021,216,309,1021,-1
309,209,1058,309,209,1058,309,209,1058,-1
209,214,989,209,214,989,209,214,989,-1
214,225,1057,214,225,1057,214,225,1057,-1
225,215,1027,225,215,1027,225,215,1027,-1
215,213,986,215,213,986,215,213,986,-1
213,207,1061,213,207,1061,213,207,1061,-1
207,318,1019,207,318,1019,207,318,1019,-1
318,305,985,318,305,985,318,305,985,-1
305,300,1034,305,300,1034,305,300,1034,-1
300,223,1034,300,223,1034,300,223,1034,-1
223,197,976,223,197,976,223,197,976,-1
197,217,1026,197,217,1026,197,217,1026,-1
217,211,1212,217,211,1212,217,211,1212,-1
211,212,995,211,212,995,211,212,995,-1
212,206,1045,212,206,1045,212,206,1045,-1
206,306,1168,206,306,1168,206,306,1168,-1
306,304,1081,306,304,1081,306,304,1081,-1
304,288,1145,304,288,1145,304,288,1145,-1
288,203,1043,288,203,1043,288,203,1043,-1
203,218,973,203,218,973,203,218,973,-1
218,211,1041,218,211,1041,218,211,1041,-1
211,232,1033,211,232,1033,211,232,1033,-1
232,187,994,232,187,994,232,187,994,-1
187,203,1057,187,203,1057,187,203,1057,-1
203,322,984,203,322,984,203,322,984,-1
322,205,968,322,205,968,322,205,968,-1
205,201,1007,205,201,1007,205,201,1007,-1
201,201,1094,201,201,1094,201,201,1094,-1
201,236,1117,201,236,1117,201,236,1117,-1
236,192,1055,236,192,1055,236,192,1055,-1
192,127,1094,192,127,1094,192,127,1094,-1
127,197,1017,127,197,1017,127,197,1017,-1
197,218,1028,197,218,1028,197,218,1028,-1
218,227,927,218,227,927,218,227,927,-1
227,191,948,227,191,948,227,191,948,-1
191,209,971,191,209,971,191,209,971,-1
209,204,934,209,204,934,209,204,934,-1
204,179,930,204,179,930,204,179,930,-1
179,125,955,179,125,955,179,125,955,-1
125,186,953,125,186,953,125,186,953,-1
186,250,980,186,250,980,186,250,980,-1
250,325,1184,250,325,1184,250,325,1184,-1
325,224,1071,325,224,1071,325,224,1071,-1
224,195,998,224,195,998,224,195,998,-1
195,218,1069,195,218,1069,195,218,1069,-1
218,314,987,218,314,987,218,314,987,-1
314,204,1044,314,204,1044,314,204,1044,-1
204,202,1004,204,202,1004,204,202,1004,-1
202,209,1084,202,209,1084,202,209,1084,-1
209,321,1038,209,321,1038,209,321,1038,-1
321,326,1071,321,326,1071,321,326,1071,-1
326,208,969,326,208,969,326,208,969,-1
208,201,968,208,201,968,208,201,968,-1
201,132,1065,201,132,1065,201,132,1065,-1
132,186,1010,132,186,1010,132,186,1010,-1
186,210,1069,186,210,1069,186,210,1069,-1
210,196,992,210,196,992,210,196,992,-1
196,200,975,196,200,975,196,200,975,-1
200,208,1046,200,208,1046,200,208,1046,-1
208,241,1028,208,241,1028,208,241,1028,-1
241,192,991,241,192,991,241,192,991,-1
192,228,1046,192,228,1046,192,228,1046,-1
228,324,1020,228,324,1020,228,324,1020,-1
324,202,992,324,202,992,324,202,992,-1
202,218,1002,202,218,1002,202,218,1002,-1
218,208,1095,218,208,1095,218,208,1095,-1
208,216,1063,208,216,1063,208,216,1063,-1
216,196,1022,216,196,1022,216,196,1022,-1
196,121,1105,196,121,1105,196,121,1105,-1
121,208,1022,121,208,1022,121,208,1022,-1
208,145,1102,208,145,1102,208,145,1102,-1
145,187,1029,145,187,1029,145,187,1029,-1
187,226,1092,187,226,1092,187,226,1092,-1
226,196,1000,226,196,1000,226,196,1000,-1
196,213,1000,196,213,1000,196,213,1000,-1
213,212,1087,213,212,1087,213,212,1087,-1
212,311,1079,212,311,1079,212,311,1079,-1
311,309,1070,311,309,1070,311,309,1070,-1
309,202,946,309,202,946,309,202,946,-1
202,215,949,202,215,949,202,215,949,-1
215,225,1036,215,225,1036,215,225,1036,-1
225,241,1164,225,241,1164,225,241,1164,-1
241,192,975,241,192,975,241,192,975,-1
192,127,1035,192,127,1035,192,127,1035,-1
127,192,946,127,192,946,127,192,946,-1
192,212,1050,192,212,1050,192,212,1050,-1
212,210,930,212,210,930,212,210,930,-1
210,201,956,210,201,956,210,201,956,-1
201,202,1073,201,202,1073,201,202,1073,-1
202,330,1048,202,330,1048,202,330,1048,-1
330,332,1089,330,332,1089,330,332,1089,-1
332,322,1012,332,322,1012,332,322,1012,-1
322,198,920,322,198,920,322,198,920,-1
198,207,893,198,207,893,198,207,893,-1
207,212,976,207,212,976,207,212,976,-1
212,220,1176,212,220,1176,212,220,1176,-1
220,186,917,220,186,917,220,186,917,-1
186,210,980,186,210,980,186,210,980,-1
210,229,1188,210,229,1188,210,229,1188,-1
229,196,945,229,196,945,229,196,945,-1
196,220,996,196,220,996,196,220,996,-1
220,205,952,220,205,952,220,205,952,-1
205,213,954,205,213,954,205,213,954,-1
213,221,1035,213,221,1035,213,221,1035,-1
221,214,1057,221,214,1057,221,214,1057,-1
214,201,995,214,201,995,214,201,995,-1
201,210,1078,201,210,1078,201,210,1078,-1
210,201,1007,210,201,1007,210,201,1007,-1
201,174,1021,201,174,1021,201,174,1021,-1
174,149,1096,174,149,1096,174,149,1096,-1
149,213,1139,149,213,1139,149,213,1139,-1
213,139,1181,213,139,1181,213,139,1181,-1
139,186,1107,139,186,1107,139,186,1107,-1
186,206,1119,186,206,1119,186,206,1119,-1
206,199,989,206,199,989,206,199,989,-1
199,201,950,199,201,950,199,201,950,-1
201,205,1003,201,205,1003,201,205,1003,-1
205,301,1110,205,301,1110,205,301,1110,-1
301,302,1041,301,302,1041,301,302,1041,-1
302,215,1093,302,215,1093,302,215,1093,-1
215,212,919,215,212,919,215,212,919,-1
212,222,1006,212,222,1006,212,222,1006,-1
222,311,1166,222,311,1166,222,311,1166,-1
311,209,1137,311,209,1137,311,209,1137,-1
209,206,955,209,206,955,209,206,955,-1
206,213,1049,206,213,1049,206,213,1049,-1
213,211,1074,213,211,1074,213,211,1074,-1
211,194,995,211,194,995,211,194,995,-1
194,214,1066,194,214,1066,194,214,1066,-1
214,331,1037,214,331,1037,214,331,1037,-1
331,329,1205,331,329,1205,331,329,1205,-1
329,221,1203,329,221,1203,329,221,1203,-1
221,196,1012,221,196,1012,221,196,1012,-1
196,214,1080,196,214,1080,196,214,1080,-1
214,301,1005,214,301,1005,214,301,1005,-1
301,301,1026,301,301,1026,301,301,1026,-1
301,317,1067,301,317,1067,301,317,1067,-1
317,221,1058,317,221,1058,317,221,1058,-1
221,212,965,221,212,965,221,212,965,-1
212,217,1038,212,217,1038,212,217,1038,-1
217,200,1024,217,200,1024,217,200,1024,-1
200,208,1013,200,208,1013,200,208,1013,-1
208,214,1101,208,214,1101,208,214,1101,-1
214,311,1128,214,311,1128,214,311,1128,-1
311,204,1107,311,204,1107,311,204,1107,-1
204,201,997,204,201,997,204,201,997,-1
201,226,1080,201,226,1080,201,226,1080,-1
226,221,1196,226,221,1196,226,221,1196,-1
221,211,987,221,211,987,221,211,987,-1
211,224,1093,211,224,1093,211,224,1093,-1
224,320,1043,224,320,1043,224,320,1043,-1
320,306,1164,320,306,1164,320,306,1164,-1
306,306,943,306,306,943,306,306,943,-1
306,304,1028,306,304,1028,306,304,1028,-1
304,177,1107,304,177,1107,304,177,1107,-1
177,144,935,177,144,935,177,144,935,-1
144,227,1001,144,227,1001,144,227,1001,-1
227,209,949,227,209,949,227,209,949,-1
209,223,1039,209,223,1039,209,223,1039,-1
223,200,963,223,200,963,223,200,963,-1
200,206,997,200,206,997,200,206,997,-1
206,203,1074,206,203,1074,206,203,1074,-1
203,307,1089,203,307,1089,203,307,1089,-1
307,304,1044,307,304,1044,307,304,1044,-1
304,236,1041,304,236,1041,304,236,1041,-1
236,191,997,236,191,997,236,191,997,-1
191,210,1063,191,210,1063,191,210,1063,-1
210,318,1190,210,318,1190,210,318,1190,-1
318,300,1216,318,300,1216,318,300,1216,-1
300,209,1080,300,209,1080,300,209,1080,-1
209,205,976,209,205,976,209,205,976,-1
205,121,1055,205,121,1055,205,121,1055,-1
121,183,954,121,183,954,121,183,954,-1
183,203,1019,183,203,1019,183,203,1019,-1
203,319,1164,203,319,1164,203,319,1164,-1
319,174,1175,319,174,1175,319,174,1175,-1
174,151,970,174,151,970,174,151,970,-1
151,222,970,151,222,970,151,222,970,-1
222,199,953,222,199,953,222,199,953,-1
199,212,1054,199,212,1054,199,212,1054,-1
212,201,902,212,201,902,212,201,902,-1
201,199,960,201,199,960,201,199,960,-1
199,190,1054,199,190,1054,199,190,1054,-1
190,216,1180,190,216,1180,190,216,1180,-1
216,211,972,216,211,972,216,211,972,-1
211,229,1055,211,229,1055,211,229,1055,-1
229,320,1189,229,320,1189,229,320,1189,-1
320,306,1145,320,306,1145,320,306,1145,-1
306,206,1053,306,206,1053,306,206,1053,-1
206,208,990,206,208,990,206,208,990,-1
208,208,1076,208,208,1076,208,208,1076,-1
208,303,1020,208,303,1020,208,303,1020,-1
303,187,975,303,187,975,303,187,975,-1
187,208,963,187,208,963,187,208,963,-1
208,216,1038,208,216,1038,208,216,1038,-1
216,174,1176,216,174,1176,216,174,1176,-1
174,137,939,174,137,939,174,137,939,-1
137,313,1030,137,313,1030,137,313,1030,-1
313,212,1060,313,212,1060,313,212,1060,-1
212,202,985,212,202,985,212,202,985,-1
202,205,1069,202,205,1069,202,205,1069,-1
205,200,1078,205,200,1078,205,200,1078,-1
200,195,998,200,195,998,200,195,998,-1
195,207,1079,195,207,1079,195,207,1079,-1
207,217,1040,207,217,1040,207,217,1040,-1
217,212,961,217,212,961,217,212,961,-1
212,214,1073,212,214,1073,212,214,1073,-1
214,307,1006,214,307,1006,214,307,1006,-1
307,203,975,307,203,975,307,203,975,-1
203,212,995,203,212,995,203,212,995,-1
212,199,1073,212,199,1073,212,199,1073,-1
199,223,1007,199,223,1007,199,223,1007,-1
223,179,1020,223,179,1020,223,179,1020,-1
179,200,1027,179,200,1027,179,200,1027,-1
200,315,1010,200,315,1010,200,315,1010,-1
315,213,1083,315,213,1083,315,213,1083,-1
213,208,1003,213,208,1003,213,208,1003,-1
208,200,1069,208,200,1069,208,200,1069,-1
200,216,981,200,216,981,200,216,981,-1
216,196,994,216,196,994,216,196,994,-1
196,202,1075,196,202,1075,196,202,1075,-1
202,292,974,202,292,974,202,292,974,-1
292,298,1038,292,298,1038,292,298,1038,-1
298,212,1186,298,212,1186,298,212,1186,-1
212,202,963,212,202,963,212,202,963,-1
202,130,1061,202,130,1061,202,130,1061,-1
130,188,994,130,188,994,130,188,994,-1
188,204,1081,188,204,1081,188,204,1081,-1
204,304,1028,204,304,1028,204,304,1028,-1
304,291,962,304,291,962,304,291,962,-1
291,206,1059,291,206,1059,291,206,1059,-1
206,202,1006,206,202,1006,206,202,1006,-1
202,198,1071,202,198,1071,202,198,1071,-1
198,212,925,198,212,925,198,212,925,-1
212,207,982,212,207,982,212,207,982,-1
207,208,1059,207,208,1059,207,208,1059,-1
208,300,938,208,300,938,208,300,938,-1
300,202,1016,300,202,1016,300,202,1016,-1
202,209,980,202,209,980,202,209,980,-1
209,198,1053,209,198,1053,209,198,1053,-1
198,285,965,198,285,965,198,285,965,-1
285,281,1022,285,281,1022,285,281,1022,-1
281,301,1001,281,301,1001,281,301,1001,-1
301,221,1001,301,221,1001,301,221,1001,-1
221,201,951,221,201,951,221,201,951,-1
201,204,1041,201,204,1041,201,204,1041,-1
204,183,1172,204,183,1172,204,183,1172,-1
183,201,989,183,201,989,183,201,989,-1
201,183,1064,201,183,1064,201,183,1064,-1
183,282,1080,183,282,1080,183,282,1080,-1
282,187,979,282,187,979,282,187,979,-1
187,182,947,187,182,947,187,182,947,-1
182,210,1079,182,210,1079,182,210,1079,-1
210,202,1202,210,202,1202,210,202,1202,-1
202,211,1002,202,211,1002,202,211,1002,-1
211,204,1061,211,204,1061,211,204,1061,-1
204,295,1212,204,295,1212,204,295,1212,-1
295,296,1218,295,296,1218,295,296,1218,-1
296,211,1040,296,211,1040,296,211,1040,-1
211,183,935,211,183,935,211,183,935,-1
183,197,1021,183,197,1021,183,197,1021,-1
197,185,1117,197,185,1117,197,185,1117,-1
185,201,974,185,201,974,185,201,974,-1
201,212,1027,201,212,1027,201,212,1027,-1
212,310,1161,212,310,1161,212,310,1161,-1
310,202,1135,310,202,1135,310,202,1135,-1
202,200,933,202,200,933,202,200,933,-1
200,201,1001,200,201,1001,200,201,1001,-1
201,205,1021,201,205,1021,201,205,1021,-1
205,194,952,205,194,952,205,194,952,-1
194,196,1042,194,196,1042,194,196,1042,-1
196,190,950,196,190,950,196,190,950,-1
190,181,1000,190,181,1000,190,181,1000,-1
181,238,1078,181,238,1078,181,238,1078,-1
238,308,1219,238,308,1219,238,308,1219,-1
308,299,1222,308,299,1222,308,299,1222,-1
299,289,1053,299,289,1053,299,289,1053,-1
289,300,1010,289,300,1010,289,300,1010,-1
300,288,973,300,288,973,300,288,973,-1
288,293,933,288,293,933,288,293,933,-1
293,219,1135,293,219,1135,293,219,1135,-1
219,190,954,219,190,954,219,190,954,-1
190,212,1033,190,212,1033,190,212,1033,-1
212,307,1046,212,307,1046,212,307,1046,-1
307,162,1018,307,162,1018,307,162,1018,-1
162,137,974,162,137,974,162,137,974,-1
137,299,968,137,299,968,137,299,968,-1
299,192,971,299,192,971,299,192,971,-1
192,191,935,192,191,935,192,191,935,-1
191,189,1077,191,189,1077,191,189,1077,-1
189,313,1135,189,313,1135,189,313,1135,-1
313,202,1259,313,202,1259,313,202,1259,-1
202,207,1019,202,207,1019,202,207,1019,-1
207,206,1058,207,206,1058,207,206,1058,-1
206,199,1039,206,199,1039,206,199,1039,-1
199,205,999,199,205,999,199,205,999,-1
205,211,1065,205,211,1065,205,211,1065,-1
211,291,1199,211,291,1199,211,291,1199,-1
291,214,1043,291,214,1043,291,214,1043,-1
214,186,1005,214,186,1005,214,186,1005,-1
186,218,1078,186,218,1078,186,218,1078,-1
218,316,990,218,316,990,218,316,990,-1
316,314,1018,316,314,1018,316,314,1018,-1
314,305,1042,314,305,1042,314,305,1042,-1
305,212,1043,305,212,1043,305,212,1043,-1
212,196,973,212,196,973,212,196,973,-1
196,204,1082,196,204,1082,196,204,1082,-1
204,302,1003,204,302,1003,204,302,1003,-1
302,216,960,302,216,960,302,216,960,-1
216,195,970,216,195,970,216,195,970,-1
195,218,1028,195,218,1028,195,218,1028,-1
218,217,1018,218,217,1018,218,217,1018,-1
217,213,976,217,213,976,217,213,976,-1
213,213,1055,213,213,1055,213,213,1055,-1
213,211,982,213,211,982,213,211,982,-1
211,201,964,211,201,964,211,201,964,-1
201,211,1072,201,211,1072,201,211,1072,-1
211,303,977,211,303,977,211,303,977,-1
303,241,962,303,241,962,303,241,962,-1
241,197,954,241,197,954,241,197,954,-1
197,220,1014,197,220,1014,197,220,1014,-1
220,216,911,220,216,911,220,216,911,-1
216,201,958,216,201,958,216,201,958,-1
201,212,1050,201,212,1050,201,212,1050,-1
212,183,1046,212,183,1046,212,183,1046,-1
183,127,933,183,127,933,183,127,933,-1
127,310,993,127,310,993,127,310,993,-1
310,302,1128,310,302,1128,310,302,1128,-1
302,321,1038,302,321,1038,302,321,1038,-1
321,129,979,321,129,979,321,129,979,-1
129,192,1028,129,192,1028,129,192,1028,-1
192,325,931,192,325,931,192,325,931,-1
325,304,960,325,304,960,325,304,960,-1
304,311,1009,304,311,1009,304,311,1009,-1
311,301,1020,311,301,1020,311,301,1020,-1
301,214,979,301,214,979,301,214,979,-1
214,189,1006,214,189,1006,214,189,1006,-1
189,212,1044,189,212,1044,189,212,1044,-1
212,221,947,212,221,947,212,221,947,-1
221,209,981,221,209,981,221,209,981,-1
209,212,1046,209,212,1046,209,212,1046,-1
212,302,979,212,302,979,212,302,979,-1
302,304,960,302,304,960,302,304,960,-1
304,210,952,304,210,952,304,210,952,-1
210,189,975,210,189,975,210,189,975,-1
189,198,1039,189,198,1039,189,198,1039,-1
198,319,932,198,319,932,198,319,932,-1
319,318,927,319,318,927,319,318,927,-1
318,312,983,318,312,983,318,312,983,-1
312,213,939,312,213,939,312,213,939,-1
213,190,995,213,190,995,213,190,995,-1
190,214,1042,190,214,1042,190,214,1042,-1
214,300,956,214,300,956,214,300,956,-1
300,192,1027,300,192,1027,300,192,1027,-1
192,205,947,192,205,947,192,205,947,-1
205,214,1069,205,214,1069,205,214,1069,-1
214,229,1060,214,229,1060,214,229,1060,-1
229,194,999,229,194,999,229,194,999,-1
194,206,1026,194,206,1026,194,206,1026,-1
206,309,949,206,309,949,206,309,949,-1
309,303,1041,309,303,1041,309,303,1041,-1
303,292,1040,303,292,1040,303,292,1040,-1
292,296,952,292,296,952,292,296,952,-1
296,314,1138,296,314,1138,296,314,1138,-1
314,225,1025,314,225,1025,314,225,1025,-1
225,197,971,225,197,971,225,197,971,-1
197,208,1031,197,208,1031,197,208,1031,-1
208,304,1008,208,304,1008,208,304,1008,-1
304,199,955,304,199,955,304,199,955,-1
199,200,975,199,200,975,199,200,975,-1
200,201,1050,200,201,1050,200,201,1050,-1
201,205,1060,201,205,1060,201,205,1060,-1
205,195,988,205,195,988,205,195,988,-1
195,132,1075,195,132,1075,195,132,1075,-1
132,187,1012,132,187,1012,132,187,1012,-1
187,216,1067,187,216,1067,187,216,1067,-1
216,217,995,216,217,995,216,217,995,-1
217,197,942,217,197,942,217,197,942,-1
197,214,1043,197,214,1043,197,214,1043,-1
214,306,1020,214,306,1020,214,306,1020,-1
306,296,973,306,296,973,306,296,973,-1
296,195,974,296,195,974,296,195,974,-1
195,195,979,195,195,979,195,195,979,-1
195,218,1071,195,218,1071,195,218,1071,-1
218,216,1189,218,216,1189,218,216,1189,-1
216,214,977,216,214,977,216,214,977,-1
214,215,1048,214,215,1048,214,215,1048,-1
215,171,975,215,171,975,215,171,975,-1
171,132,925,171,132,925,171,132,925,-1
132,303,992,132,303,992,132,303,992,-1
303,181,1031,303,181,1031,303,181,1031,-1
181,128,913,181,128,913,181,128,913,-1
128,175,969,128,175,969,128,175,969,-1
175,126,996,175,126,996,175,126,996,-1
126,322,1023,126,322,1023,126,322,1023,-1
322,218,1039,322,218,1039,322,218,1039,-1
218,206,955,218,206,955,218,206,955,-1
206,217,1031,206,217,1031,206,217,1031,-1
217,196,891,217,196,891,217,196,891,-1
196,206,898,196,206,898,196,206,898,-1
206,216,1010,206,216,1010,206,216,1010,-1
216,196,1192,216,196,1192,216,196,1192,-1
196,199,964,196,199,964,196,199,964,-1
199,191,1043,199,191,1043,199,191,1043,-1
191,318,1055,191,318,1055,191,318,1055,-1
318,219,998,318,219,998,318,219,998,-1
219,210,965,219,210,965,219,210,965,-1
210,204,1035,210,204,1035,210,204,1035,-1
204,200,996,204,200,996,204,200,996,-1
200,202,997,200,202,997,200,202,997,-1
202,200,1055,202,200,1055,202,200,1055,-1
200,204,1009,200,204,1009,200,204,1009,-1
204,192,890,204,192,890,204,192,890,-1
192,199,1056,192,199,1056,192,199,1056,-1
199,321,1068,199,321,1068,199,321,1068,-1
321,233,1010,321,233,1010,321,233,1010,-1
233,188,1026,233,188,1026,233,188,1026,-1
188,215,1086,188,215,1086,188,215,1086,-1
215,207,1029,215,207,1029,215,207,1029,-1
207,207,1014,207,207,1014,207,207,1014,-1
207,217,1093,207,217,1093,207,217,1093,-1
217,307,1025,217,307,1025,217,307,1025,-1
307,296,1013,307,296,1013,307,296,1013,-1
296,325,923,296,325,923,296,325,923,-1
325,230,1134,325,230,1134,325,230,1134,-1
230,191,969,230,191,969,230,191,969,-1
191,211,1025,191,211,1025,191,211,1025,-1
211,207,1093,211,207,1093,211,207,1093,-1
207,199,1005,207,199,1005,207,199,1005,-1
199,203,1078,199,203,1078,199,203,1078,-1
203,295,1004,203,295,1004,203,295,1004,-1
295,293,920,295,293,920,295,293,920,-1
293,222,883,293,222,883,293,222,883,-1
222,207,924,222,207,924,222,207,924,-1
207,218,1006,207,218,1006,207,218,1006,-1
218,216,960,218,216,960,218,216,960,-1
216,190,938,216,190,938,216,190,938,-1
190,211,1012,190,211,1012,190,211,1012,-1
211,206,932,211,206,932,211,206,932,-1
206,200,968,206,200,968,206,200,968,-1
200,206,1069,200,206,1069,200,206,1069,-1
206,310,1027,206,310,1027,206,310,1027,-1
310,202,969,310,202,969,310,202,969,-1
202,218,952,202,218,952,202,218,952,-1
218,218,1077,218,218,1077,218,218,1077,-1
218,218,1212,218,218,1212,218,218,1212,-1
218,202,1000,218,202,1000,218,202,1000,-1
202,217,1121,202,217,1121,202,217,1121,-1
217,312,1153,217,312,1153,217,312,1153,-1
312,296,1042,312,296,1042,312,296,1042,-1
296,309,1035,296,309,1035,296,309,1035,-1
309,234,1135,309,234,1135,309,234,1135,-1
234,192,938,234,192,938,234,192,938,-1
192,220,983,192,220,983,192,220,983,-1
220,216,952,220,216,952,220,216,952,-1
216,194,902,216,194,902,216,194,902,-1
194,210,1035,194,210,1035,194,210,1035,-1
210,207,1024,210,207,1024,210,207,1024,-1
207,194,979,207,194,979,207,194,979,-1
194,210,1071,194,210,1071,194,210,1071,-1
210,190,984,210,190,984,210,190,984,-1
190,207,964,190,207,964,190,207,964,-1
207,121,1096,207,121,1096,207,121,1096,-1
121,194,1013,121,194,1013,121,194,1013,-1
194,217,1083,194,217,1083,194,217,1083,-1
217,177,1058,217,177,1058,217,177,1058,-1
177,130,1006,177,130,1006,177,130,1006,-1
130,319,1056,130,319,1056,130,319,1056,-1
319,301,1193,319,301,1193,319,301,1193,-1
301,298,1019,301,298,1019,301,298,1019,-1
298,201,976,298,201,976,298,201,976,-1
201,202,1044,201,202,1044,201,202,1044,-1
202,217,1116,202,217,1116,202,217,1116,-1
217,323,1134,217,323,1134,217,323,1134,-1
323,219,1051,323,219,1051,323,219,1051,-1
219,192,971,219,192,971,219,192,971,-1
192,208,1064,192,208,1064,192,208,1064,-1
208,304,1028,208,304,1028,208,304,1028,-1
304,196,1004,304,196,1004,304,196,1004,-1
196,191,994,196,191,994,196,191,994,-1
191,207,1113,191,207,1113,191,207,1113,-1
207,215,1239,207,215,1239,207,215,1239,-1
215,211,1019,215,211,1019,215,211,1019,-1
211,211,1091,211,211,1091,211,211,1091,-1
211,214,996,211,214,996,211,214,996,-1
214,190,999,214,190,999,214,190,999,-1
190,209,1091,190,209,1091,190,209,1091,-1
209,309,1072,209,309,1072,209,309,1072,-1
309,305,1042,309,305,1042,309,305,1042,-1
305,292,980,305,292,980,305,292,980,-1
292,213,999,292,213,999,292,213,999,-1
213,203,1006,213,203,1006,213,203,1006,-1
203,219,1092,203,219,1092,203,219,1092,-1
219,304,1102,219,304,1102,219,304,1102,-1
304,312,1077,304,312,1077,304,312,1077,-1
312,302,1040,312,302,1040,312,302,1040,-1
302,191,977,302,191,977,302,191,977,-1
191,195,972,191,195,972,191,195,972,-1
195,197,1091,195,197,1091,195,197,1091,-1
197,327,1115,197,327,1115,197,327,1115,-1
327,217,1114,327,217,1114,327,217,1114,-1
217,208,1043,217,208,1043,217,208,1043,-1
208,208,1110,208,208,1110,208,208,1110,-1
208,197,1045,208,197,1045,208,197,1045,-1
197,201,1019,197,201,1019,197,201,1019,-1
201,211,1116,201,211,1116,201,211,1116,-1
211,304,1106,211,304,1106,211,304,1106,-1
304,301,1101,304,301,1101,304,301,1101,-1
301,324,1098,301,324,1098,301,324,1098,-1
324,319,1067,324,319,1067,324,319,1067,-1
319,217,997,319,217,997,319,217,997,-1
217,195,996,217,195,996,217,195,996,-1
195,218,1088,195,218,1088,195,218,1088,-1
218,306,1062,218,306,1062,218,306,1062,-1
306,299,1058,306,299,1058,306,299,1058,-1
299,297,1102,299,297,1102,299,297,1102,-1
297,326,1047,297,326,1047,297,326,1047,-1
326,215,977,326,215,977,326,215,977,-1
215,212,985,215,212,985,215,212,985,-1
212,210,1069,212,210,1069,212,210,1069,-1
210,313,1077,210,313,1077,210,313,1077,-1
313,307,1025,313,307,1025,313,307,1025,-1
307,309,1093,307,309,1093,307,309,1093,-1
309,208,1068,309,208,1068,309,208,1068,-1
208,208,1005,208,208,1005,208,208,1005,-1
208,223,1060,208,223,1060,208,223,1060,-1
223,321,996,223,321,996,223,321,996,-1
321,309,1081,321,309,1081,321,309,1081,-1
309,212,1031,309,212,1031,309,212,1031,-1
212,199,985,212,199,985,212,199,985,-1
199,204,1064,199,204,1064,199,204,1064,-1
204,208,1043,204,208,1043,204,208,1043,-1
208,190,1005,208,190,1005,208,190,1005,-1
190,212,1077,190,212,1077,190,212,1077,-1
212,318,1014,212,318,1014,212,318,1014,-1
318,238,1004,318,238,1004,318,238,1004,-1
238,192,988,238,192,988,238,192,988,-1
192,203,1019,192,203,1019,192,203,1019,-1
203,309,1027,203,309,1027,203,309,1027,-1
309,297,970,309,297,970,309,297,970,-1
297,202,1013,297,202,1013,297,202,1013,-1
202,191,1012,202,191,1012,202,191,1012,-1
191,130,1090,191,130,1090,191,130,1090,-1
130,192,1000,130,192,1000,130,192,1000,-1
192,222,1057,192,222,1057,192,222,1057,-1
222,224,1043,222,224,1043,222,224,1043,-1
224,209,978,224,209,978,224,209,978,-1
209,207,1072,209,207,1072,209,207,1072,-1
207,314,1002,207,314,1002,207,314,1002,-1
314,308,989,314,308,989,314,308,989,-1
308,201,989,308,201,989,308,201,989,-1
201,193,1011,201,193,1011,201,193,1011,-1
193,212,1093,193,212,1093,193,212,1093,-1
212,227,1222,212,227,1222,212,227,1222,-1
227,187,1010,227,187,1010,227,187,1010,-1
187,222,1077,187,222,1077,187,222,1077,-1
222,195,1056,222,195,1056,222,195,1056,-1
195,212,982,195,212,982,195,212,982,-1
212,206,1051,212,206,1051,212,206,1051,-1
206,299,1006,206,299,1006,206,299,1006,-1
299,207,1007,299,207,1007,299,207,1007,-1
207,183,976,207,183,976,207,183,976,-1
183,211,1047,183,211,1047,183,211,1047,-1
211,239,992,211,239,992,211,239,992,-1
239,191,999,239,191,999,239,191,999,-1
191,212,1047,191,212,1047,191,212,1047,-1
212,295,1141,212,295,1141,212,295,1141,-1
295,307,1056,295,307,1056,295,307,1056,-1
307,210,1025,307,210,1025,307,210,1025,-1
210,190,963,210,190,963,210,190,963,-1
190,206,1038,190,206,1038,190,206,1038,-1
206,198,975,206,198,975,206,198,975,-1
198,213,960,198,213,960,198,213,960,-1
213,220,1054,213,220,1054,213,220,1054,-1
220,215,1117,220,215,1117,220,215,1117,-1
215,209,993,215,209,993,215,209,993,-1
209,208,1069,209,208,1069,209,208,1069,-1
208,213,1033,208,213,1033,208,213,1033,-1
213,207,960,213,207,960,213,207,960,-1
207,209,1085,207,209,1085,207,209,1085,-1
209,297,1256,209,297,1256,209,297,1256,-1
297,315,1086,297,315,1086,297,315,1086,-1
315,233,1085,315,233,1085,315,233,1085,-1
233,200,997,233,200,997,233,200,997,-1
200,223,1042,200,223,1042,200,223,1042,-1
223,314,988,223,314,988,223,314,988,-1
314,205,999,314,205,999,314,205,999,-1
205,196,1039,205,196,1039,205,196,1039,-1
196,200,1130,196,200,1130,196,200,1130,-1
200,300,1098,200,300,1098,200,300,1098,-1
300,321,990,300,321,990,300,321,990,-1
321,221,921,321,221,921,321,221,921,-1
221,207,924,221,207,924,221,207,924,-1
207,216,1073,207,216,1073,207,216,1073,-1
216,204,1017,216,204,1017,216,204,1017,-1
204,203,996,204,203,996,204,203,996,-1
203,210,1141,203,210,1141,203,210,1141,-1
210,203,1060,210,203,1060,210,203,1060,-1
203,199,1021,203,199,1021,203,199,1021,-1
199,199,1052,199,199,1052,199,199,1052,-1
199,322,1236,199,322,1236,199,322,1236,-1
322,321,1225,322,321,1225,322,321,1225,-1
321,218,1176,321,218,1176,321,218,1176,-1
218,210,908,218,210,908,218,210,908,-1
210,209,994,210,209,994,210,209,994,-1
209,305,944,209,305,944,209,305,944,-1
305,211,964,305,211,964,305,211,964,-1
211,196,981,211,196,981,211,196,981,-1
196,206,1067,196,206,1067,196,206,1067,-1
206,217,1075,206,217,1075,206,217,1075,-1
217,212,970,217,212,970,217,212,970,-1
212,227,1074,212,227,1074,212,227,1074,-1
227,220,1130,227,220,1130,227,220,1130,-1
220,195,1020,220,195,1020,220,195,1020,-1
195,219,1101,195,219,1101,195,219,1101,-1
219,205,1269,219,205,1269,219,205,1269,-1
205,202,1020,205,202,1020,205,202,1020,-1
202,211,1093,202,211,1093,202,211,1093,-1
211,304,1090,211,304,1090,211,304,1090,-1
304,213,1078,304,213,1078,304,213,1078,-1
213,212,998,213,212,998,213,212,998,-1
212,220,1062,212,220,1062,212,220,1062,-1
220,221,1228,220,221,1228,220,221,1228,-1
221,190,987,221,190,987,221,190,987,-1
190,221,1070,190,221,1070,190,221,1070,-1
221,306,1030,221,306,1030,221,306,1030,-1
306,302,1076,306,302,1076,306,302,1076,-1
302,200,1034,302,200,1034,302,200,1034,-1
200,207,960,200,207,960,200,207,960,-1
207,223,1022,207,223,1022,207,223,1022,-1
223,212,1166,223,212,1166,223,212,1166,-1
212,209,985,212,209,985,212,209,985,-1
209,209,1069,209,209,1069,209,209,1069,-1
209,307,1069,209,307,1069,209,307,1069,-1
307,302,1080,307,302,1080,307,302,1080,-1
302,305,1080,302,305,1080,302,305,1080,-1
305,308,1057,305,308,1057,305,308,1057,-1
308,222,1042,308,222,1042,308,222,1042,-1
222,185,984,222,185,984,222,185,984,-1
185,138,1031,185,138,1031,185,138,1031,-1
138,213,1066,138,213,1066,138,213,1066,-1
213,210,1113,213,210,1113,213,210,1113,-1
210,326,1090,210,326,1090,210,326,1090,-1
326,313,1032,326,313,1032,326,313,1032,-1
313,304,1020,313,304,1020,313,304,1020,-1
304,312,1037,304,312,1037,304,312,1037,-1
312,218,1181,312,218,1181,312,218,1181,-1
218,208,947,218,208,947,218,208,947,-1
208,222,1041,208,222,1041,208,222,1041,-1
222,213,1070,222,213,1070,222,213,1070,-1
213,205,993,213,205,993,213,205,993,-1
205,204,1077,205,204,1077,205,204,1077,-1
204,295,1055,204,295,1055,204,295,1055,-1
295,298,1029,295,298,1029,295,298,1029,-1
298,198,1038,298,198,1038,298,198,1038,-1
198,213,1011,198,213,1011,198,213,1011,-1
213,215,1087,213,215,1087,213,215,1087,-1
215,324,1114,215,324,1114,215,324,1114,-1
324,218,1058,324,218,1058,324,218,1058,-1
218,191,969,218,191,969,218,191,969,-1
191,214,1042,191,214,1042,191,214,1042,-1
214,305,1039,214,305,1039,214,305,1039,-1
305,210,1004,305,210,1004,305,210,1004,-1
210,194,998,210,194,998,210,194,998,-1
194,211,1085,194,211,1085,194,211,1085,-1
211,325,1064,211,325,1064,211,325,1064,-1
325,325,994,325,325,994,325,325,994,-1
325,194,1177,325,194,1177,325,194,1177,-1
194,192,979,194,192,979,194,192,979,-1
192,228,1040,192,228,1040,192,228,1040,-1
228,303,1152,228,303,1152,228,303,1152,-1
303,206,1084,303,206,1084,303,206,1084,-1
206,191,1000,206,191,1000,206,191,1000,-1
191,220,1084,191,220,1084,191,220,1084,-1
220,214,1050,220,214,1050,220,214,1050,-1
214,213,965,214,213,965,214,213,965,-1
213,138,1085,213,138,1085,213,138,1085,-1
138,192,1012,138,192,1012,138,192,1012,-1
192,210,1063,192,210,1063,192,210,1063,-1
210,207,1183,210,207,1183,210,207,1183,-1
207,196,930,207,196,930,207,196,930,-1
196,203,1026,196,203,1026,196,203,1026,-1
203,213,1055,203,213,1055,203,213,1055,-1
213,195,947,213,195,947,213,195,947,-1
195,217,1022,195,217,1022,195,217,1022,-1
217,217,1017,217,217,1017,217,217,1017,-1
217,198,930,217,198,930,217,198,930,-1
198,222,1050,198,222,1050,198,222,1050,-1
222,200,1236,222,200,1236,222,200,1236,-1
200,185,957,200,185,957,200,185,957,-1
185,230,985,185,230,985,185,230,985,-1
230,203,1087,230,203,1087,230,203,1087,-1
203,202,947,203,202,947,203,202,947,-1
202,196,1038,202,196,1038,202,196,1038,-1
196,221,1018,196,221,1018,196,221,1018,-1
221,199,929,221,199,929,221,199,929,-1
199,217,1021,199,217,1021,199,217,1021,-1
217,327,1185,217,327,1185,217,327,1185,-1
327,192,1196,327,192,1196,327,192,1196,-1
192,207,948,192,207,948,192,207,948,-1
207,200,1053,207,200,1053,207,200,1053,-1
200,199,1133,200,199,1133,200,199,1133,-1
199,197,998,199,197,998,199,197,998,-1
197,192,1062,197,192,1062,197,192,1062,-1
192,319,1017,192,319,1017,192,319,1017,-1
319,215,1204,319,215,1204,319,215,1204,-1
215,207,949,215,207,949,215,207,949,-1
207,127,1025,207,127,1025,207,127,1025,-1
127,188,979,127,188,979,127,188,979,-1
188,201,1048,188,201,1048,188,201,1048,-1
201,309,1058,201,309,1058,201,309,1058,-1
309,306,994,309,306,994,309,306,994,-1
306,297,1078,306,297,1078,306,297,1078,-1
297,202,1014,297,202,1014,297,202,1014,-1
202,213,992,202,213,992,202,213,992,-1
213,218,1073,213,218,1073,213,218,1073,-1
218,212,1248,218,212,1248,218,212,1248,-1
212,206,984,212,206,984,212,206,984,-1
206,206,1055,206,206,1055,206,206,1055,-1
206,316,1067,206,316,1067,206,316,1067,-1
316,196,1029,316,196,1029,316,196,1029,-1
196,200,911,196,200,911,196,200,911,-1
200,185,1003,200,185,1003,200,185,1003,-1
185,219,1011,185,219,1011,185,219,1011,-1
219,209,948,219,209,948,219,209,948,-1
209,214,1034,209,214,1034,209,214,1034,-1
214,209,995,214,209,995,214,209,995,-1
209,179,967,209,179,967,209,179,967,-1
179,217,999,179,217,999,179,217,999,-1
217,212,1110,217,212,1110,217,212,1110,-1
212,192,1024,212,192,1024,212,192,1024,-1
192,194,1077,192,194,1077,192,194,1077,-1
194,296,1100,194,296,1100,194,296,1100,-1
296,198,1059,296,198,1059,296,198,1059,-1
198,212,1002,198,212,1002,198,212,1002,-1
212,215,1092,212,215,1092,212,215,1092,-1
215,223,1294,215,223,1294,215,223,1294,-1
223,192,1019,223,192,1019,223,192,1019,-1
192,206,1075,192,206,1075,192,206,1075,-1
206,313,1066,206,313,1066,206,313,1066,-1
313,298,1020,313,298,1020,313,298,1020,-1
298,201,1034,298,201,1034,298,201,1034,-1
201,189,996,201,189,996,201,189,996,-1
189,223,1078,189,223,1078,189,223,1078,-1
223,207,1253,223,207,1253,223,207,1253,-1
207,218,987,207,218,987,207,218,987,-1
218,220,1066,218,220,1066,218,220,1066,-1
220,311,1063,220,311,1063,220,311,1063,-1
311,310,1020,311,310,1020,311,310,1020,-1
310,171,1052,310,171,1052,310,171,1052,-1
171,132,908,171,132,908,171,132,908,-1
132,204,1220,132,204,1220,132,204,1220,-1
204,200,968,204,200,968,204,200,968,-1
200,217,1058,200,217,1058,200,217,1058,-1
217,218,988,217,218,988,217,218,988,-1
218,207,961,218,207,961,218,207,961,-1
207,125,1044,207,125,1044,207,125,1044,-1
125,193,1000,125,193,1000,125,193,1000,-1
193,203,1108,193,203,1108,193,203,1108,-1
203,309,1055,203,309,1055,203,309,1055,-1
309,307,1043,309,307,1043,309,307,1043,-1
307,199,1011,307,199,1011,307,199,1011,-1
199,195,896,199,195,896,199,195,896,-1
195,142,1030,195,142,1030,195,142,1030,-1
142,281,985,142,281,985,142,281,985,-1
281,208,909,281,208,909,281,208,909,-1
208,215,1028,208,215,1028,208,215,1028,-1
215,214,998,215,214,998,215,214,998,-1
214,187,1011,214,187,1011,214,187,1011,-1
187,181,1111,187,181,1111,187,181,1111,-1
181,201,1137,181,201,1137,181,201,1137,-1
201,195,1112,201,195,1112,201,195,1112,-1
195,187,1171,195,187,1171,195,187,1171,-1
187,301,1115,187,301,1115,187,301,1115,-1
301,316,1244,301,316,1244,301,316,1244,-1
316,306,1227,316,306,1227,316,306,1227,-1
306,287,1219,306,287,1219,306,287,1219,-1
287,305,1057,287,305,1057,287,305,1057,-1
305,301,999,305,301,999,305,301,999,-1
301,299,1084,301,299,1084,301,299,1084,-1
299,186,1030,299,186,1030,299,186,1030,-1
186,186,991,186,186,991,186,186,991,-1
186,138,1035,186,138,1035,186,138,1035,-1
138,219,1011,138,219,1011,138,219,1011,-1
219,215,1086,219,215,1086,219,215,1086,-1
215,310,1012,215,310,1012,215,310,1012,-1
310,215,1034,310,215,1034,310,215,1034,-1
215,175,969,215,175,969,215,175,969,-1
175,138,1007,175,138,1007,175,138,1007,-1
138,201,1000,138,201,1000,138,201,1000,-1
201,204,1070,201,204,1070,201,204,1070,-1
204,312,981,204,312,981,204,312,981,-1
312,334,986,312,334,986,312,334,986,-1
334,328,1043,334,328,1043,334,328,1043,-1
328,304,987,328,304,987,328,304,987,-1
304,309,962,304,309,962,304,309,962,-1
309,204,985,309,204,985,309,204,985,-1
204,201,976,204,201,976,204,201,976,-1
201,204,1058,201,204,1058,201,204,1058,-1
204,319,957,204,319,957,204,319,957,-1
319,213,947,319,213,947,319,213,947,-1
213,212,941,213,212,941,213,212,941,-1
212,228,1036,212,228,1036,212,228,1036,-1
228,317,948,228,317,948,228,317,948,-1
317,231,947,317,231,947,317,231,947,-1
231,186,951,231,186,951,231,186,951,-1
186,207,1006,186,207,1006,186,207,1006,-1
207,302,1032,207,302,1032,207,302,1032,-1
302,317,1196,302,317,1196,302,317,1196,-1
317,240,1000,317,240,1000,317,240,1000,-1
240,188,982,240,188,982,240,188,982,-1
188,124,1082,188,124,1082,188,124,1082,-1
124,189,986,124,189,986,124,189,986,-1
189,194,1098,189,194,1098,189,194,1098,-1
194,312,1026,194,312,1026,194,312,1026,-1
312,294,939,312,294,939,312,294,939,-1
294,291,894,294,291,894,294,291,894,-1
291,318,948,291,318,948,291,318,948,-1
318,310,1155,318,310,1155,318,310,1155,-1
310,299,1145,310,299,1145,310,299,1145,-1
299,304,971,299,304,971,299,304,971,-1
304,297,1222,304,297,1222,304,297,1222,-1
297,293,1037,297,293,1037,297,293,1037,-1
293,194,970,293,194,970,293,194,970,-1
194,193,920,194,193,920,194,193,920,-1
193,207,989,193,207,989,193,207,989,-1
207,310,963,207,310,963,207,310,963,-1
310,202,1005,310,202,1005,310,202,1005,-1
202,212,935,202,212,935,202,212,935,-1
212,191,1002,212,191,1002,212,191,1002,-1
191,202,896,191,202,896,191,202,896,-1
202,173,900,202,173,900,202,173,900,-1
173,212,973,173,212,973,173,212,973,-1
212,211,1088,212,211,1088,212,211,1088,-1
211,176,1054,211,176,1054,211,176,1054,-1
176,200,1144,176,200,1144,176,200,1144,-1
200,216,1112,200,216,1112,200,216,1112,-1
216,202,1020,216,202,1020,216,202,1020,-1
202,208,1110,202,208,1110,202,208,1110,-1
208,189,1080,208,189,1080,208,189,1080,-1
189,208,1036,189,208,1036,189,208,1036,-1
208,203,1097,208,203,1097,208,203,1097,-1
203,297,1095,203,297,1095,203,297,1095,-1
297,198,1038,297,198,1038,297,198,1038,-1
198,190,1025,198,190,1025,198,190,1025,-1
190,201,1089,190,201,1089,190,201,1089,-1
201,207,1179,201,207,1179,201,207,1179,-1
207,171,1021,207,171,1021,207,171,1021,-1
171,131,1055,171,131,1055,171,131,1055,-1
131,209,1059,131,209,1059,131,209,1059,-1
209,199,1122,209,199,1122,209,199,1122,-1
199,306,1134,199,306,1134,199,306,1134,-1
306,219,1073,306,219,1073,306,219,1073,-1
219,184,1027,219,184,1027,219,184,1027,-1
184,201,1095,184,201,1095,184,201,1095,-1
201,289,1043,201,289,1043,201,289,1043,-1
289,201,1009,289,201,1009,289,201,1009,-1
201,218,1004,201,218,1004,201,218,1004,-1
218,212,1059,218,212,1059,218,212,1059,-1
212,212,1209,212,212,1209,212,212,1209,-1
212,183,1048,212,183,1048,212,183,1048,-1
183,209,1082,183,209,1082,183,209,1082,-1
209,294,1198,209,294,1198,209,294,1198,-1
294,296,1082,294,296,1082,294,296,1082,-1
296,295,1031,296,295,1031,296,295,1031,-1
295,205,875,295,205,875,295,205,875,-1
205,212,877,205,212,877,205,212,877,-1
212,209,1000,212,209,1000,212,209,1000,-1
209,306,1139,209,306,1139,209,306,1139,-1
306,192,1004,306,192,1004,306,192,1004,-1
192,207,1033,192,207,1033,192,207,1033,-1
207,206,1104,207,206,1104,207,206,1104,-1
206,294,1239,206,294,1239,206,294,1239,-1
294,193,1206,294,193,1206,294,193,1206,-1
193,190,993,193,190,993,193,190,993,-1
190,212,1075,190,212,1075,190,212,1075,-1
212,317,1048,212,317,1048,212,317,1048,-1
317,204,985,317,204,985,317,204,985,-1
204,203,955,204,203,955,204,203,955,-1
203,208,1103,203,208,1103,203,208,1103,-1
208,300,1225,208,300,1225,208,300,1225,-1
300,287,1175,300,287,1175,300,287,1175,-1
287,287,947,287,287,947,287,287,947,-1
287,316,1022,287,316,1022,287,316,1022,-1
316,206,1141,316,206,1141,316,206,1141,-1
206,213,928,206,213,928,206,213,928,-1
213,205,997,213,205,997,213,205,997,-1
205,189,942,205,189,942,205,189,942,-1
189,206,965,189,206,965,189,206,965,-1
206,206,1029,206,206,1029,206,206,1029,-1
206,294,1167,206,294,1167,206,294,1167,-1
294,200,987,294,200,987,294,200,987,-1
200,190,901,200,190,901,200,190,901,-1
190,207,1001,190,207,1001,190,207,1001,-1
207,309,1115,207,309,1115,207,309,1115,-1
309,201,1171,309,201,1171,309,201,1171,-1
201,211,944,201,211,944,201,211,944,-1
211,204,1017,211,204,1017,211,204,1017,-1
204,196,1166,204,196,1166,204,196,1166,-1
196,199,958,196,199,958,196,199,958,-1
199,189,1028,199,189,1028,199,189,1028,-1
189,289,957,189,289,957,189,289,957,-1
289,290,932,289,290,932,289,290,932,-1
290,204,1034,290,204,1034,290,204,1034,-1
204,207,968,204,207,968,204,207,968,-1
207,210,1041,207,210,1041,207,210,1041,-1
210,206,1034,210,206,1034,210,206,1034,-1
206,190,963,206,190,963,206,190,963,-1
190,200,1039,190,200,1039,190,200,1039,-1
200,290,1008,200,290,1008,200,290,1008,-1
290,185,966,290,185,966,290,185,966,-1
185,201,968,185,201,968,185,201,968,-1
201,183,1065,201,183,1065,201,183,1065,-1
183,307,1041,183,307,1041,183,307,1041,-1
307,308,1101,307,308,1101,307,308,1101,-1
308,303,1000,308,303,1000,308,303,1000,-1
303,296,1090,303,296,1090,303,296,1090,-1
296,297,1136,296,297,1136,296,297,1136,-1
297,294,999,297,294,999,297,294,999,-1
294,287,985,294,287,985,294,287,985,-1
287,312,988,287,312,988,287,312,988,-1
312,312,1128,312,312,1128,312,312,1128,-1
312,308,980,312,308,980,312,308,980,-1
308,194,993,308,194,993,308,194,993,-1
194,199,993,194,199,993,194,199,993,-1
199,195,1076,199,195,1076,199,195,1076,-1
195,297,1063,195,297,1063,195,297,1063,-1
297,289,1003,297,289,1003,297,289,1003,-1
289,308,999,289,308,999,289,308,999,-1
308,216,1020,308,216,1020,308,216,1020,-1
216,203,966,216,203,966,216,203,966,-1
203,215,1052,203,215,1052,203,215,1052,-1
215,298,972,215,298,972,215,298,972,-1
298,209,941,298,209,941,298,209,941,-1
209,206,977,209,206,977,209,206,977,-1
206,201,1057,206,201,1057,206,201,1057,-1
201,301,1029,201,301,1029,201,301,1029,-1
301,231,1013,301,231,1013,301,231,1013,-1
231,187,977,231,187,977,231,187,977,-1
187,219,1040,187,219,1040,187,219,1040,-1
219,222,1039,219,222,1039,219,222,1039,-1
222,199,920,222,199,920,222,199,920,-1
199,210,1099,199,210,1099,199,210,1099,-1
210,212,1225,210,212,1225,210,212,1225,-1
212,199,1012,212,199,1012,212,199,1012,-1
199,203,1099,199,203,1099,199,203,1099,-1
203,206,984,203,206,984,203,206,984,-1
206,195,979,206,195,979,206,195,979,-1
195,224,1093,195,224,1093,195,224,1093,-1
224,331,1063,224,331,1063,224,331,1063,-1
331,226,1000,331,226,1000,331,226,1000,-1
226,191,1044,226,191,1044,226,191,1044,-1
191,207,1087,191,207,1087,191,207,1087,-1
207,307,1195,207,307,1195,207,307,1195,-1
307,308,1070,307,308,1070,307,308,1070,-1
308,298,1014,308,298,1014,308,298,1014,-1
298,319,945,298,319,945,298,319,945,-1
319,320,1067,319,320,1067,319,320,1067,-1
320,322,1032,320,322,1032,320,322,1032,-1
322,302,946,322,302,946,322,302,946,-1
302,171,1078,302,171,1078,302,171,1078,-1
171,136,1013,171,136,1013,171,136,1013,-1
136,185,1039,136,185,1039,136,185,1039,-1
185,209,955,185,209,955,185,209,955,-1
209,202,1115,209,202,1115,209,202,1115,-1
202,210,1216,202,210,1216,202,210,1216,-1
210,213,988,210,213,988,210,213,988,-1
213,223,1085,213,223,1085,213,223,1085,-1
223,240,1036,223,240,1036,223,240,1036,-1
240,175,1004,240,175,1004,240,175,1004,-1
175,217,1080,175,217,1080,175,217,1080,-1
217,216,918,217,216,918,217,216,918,-1
216,271,1023,216,271,1023,216,271,1023,-1
271,202,955,271,202,955,271,202,955,-1
202,202,1057,202,202,1057,202,202,1057,-1
202,221,956,202,221,956,202,221,956,-1
221,212,968,221,212,968,221,212,968,-1
212,218,1076,212,218,1076,212,218,1076,-1
218,318,977,218,318,977,218,318,977,-1
318,220,935,318,220,935,318,220,935,-1
220,186,996,220,186,996,220,186,996,-1
186,212,1071,186,212,1071,186,212,1071,-1
212,300,1019,212,300,1019,212,300,1019,-1
300,298,1003,300,298,1003,300,298,1003,-1
298,324,991,298,324,991,298,324,991,-1
324,241,978,324,241,978,324,241,978,-1
241,191,1015,241,191,1015,241,191,1015,-1
191,219,1078,191,219,1078,191,219,1078,-1
219,311,1025,219,311,1025,219,311,1025,-1
311,206,1005,311,206,1005,311,206,1005,-1
206,201,977,206,201,977,206,201,977,-1
201,203,1085,201,203,1085,201,203,1085,-1
203,301,1085,203,301,1085,203,301,1085,-1
301,240,1027,301,240,1027,301,240,1027,-1
240,196,986,240,196,986,240,196,986,-1
196,133,1058,196,133,1058,196,133,1058,-1
133,188,990,133,188,990,133,188,990,-1
188,212,1057,188,212,1057,188,212,1057,-1
212,314,969,212,314,969,212,314,969,-1
314,313,963,314,313,963,314,313,963,-1
313,299,954,313,299,954,313,299,954,-1
299,293,1018,299,293,1018,299,293,1018,-1
293,209,969,293,209,969,293,209,969,-1
209,214,983,209,214,983,209,214,983,-1
214,215,1053,214,215,1053,214,215,1053,-1
215,314,1195,215,314,1195,215,314,1195,-1
314,315,1050,314,315,1050,314,315,1050,-1
315,179,949,315,179,949,315,179,949,-1
179,128,993,179,128,993,179,128,993,-1
128,196,1169,128,196,1169,128,196,1169,-1
196,200,966,196,200,966,196,200,966,-1
200,210,1035,200,210,1035,200,210,1035,-1
210,241,1147,210,241,1147,210,241,1147,-1
241,186,947,241,186,947,241,186,947,-1
186,216,994,186,216,994,186,216,994,-1
216,308,918,216,308,918,216,308,918,-1
308,217,997,308,217,997,308,217,997,-1
217,202,962,217,202,962,217,202,962,-1
202,207,1049,202,207,1049,202,207,1049,-1
207,203,991,207,203,991,207,203,991,-1
203,200,970,203,200,970,203,200,970,-1
200,208,1041,200,208,1041,200,208,1041,-1
208,210,1037,208,210,1037,208,210,1037,-1
210,213,966,210,213,966,210,213,966,-1
213,221,1021,213,221,1021,213,221,1021,-1
221,203,1152,221,203,1152,221,203,1152,-1
203,202,997,203,202,997,203,202,997,-1
202,222,1070,202,222,1070,202,222,1070,-1
222,307,1099,222,307,1099,222,307,1099,-1
307,294,1016,307,294,1016,307,294,1016,-1
294,194,1006,294,194,1006,294,194,1006,-1
194,213,986,194,213,986,194,213,986,-1
213,131,1075,213,131,1075,213,131,1075,-1
131,193,1007,131,193,1007,131,193,1007,-1
193,224,1057,193,224,1057,193,224,1057,-1
224,217,1027,224,217,1027,224,217,1027,-1
217,201,985,217,201,985,217,201,985,-1
201,211,1061,201,211,1061,201,211,1061,-1
211,301,997,211,301,997,211,301,997,-1
301,197,980,301,197,980,301,197,980,-1
197,197,978,197,197,978,197,197,978,-1
197,215,1109,197,215,1109,197,215,1109,-1
215,235,1223,215,235,1223,215,235,1223,-1
235,186,1012,235,186,1012,235,186,1012,-1
186,212,1070,186,212,1070,186,212,1070,-1
212,309,1018,212,309,1018,212,309,1018,-1
309,311,1013,309,311,1013,309,311,1013,-1
311,204,1042,311,204,1042,311,204,1042,-1
204,200,999,204,200,999,204,200,999,-1
200,199,1066,200,199,1066,200,199,1066,-1
199,189,988,199,189,988,199,189,988,-1
189,207,982,189,207,982,189,207,982,-1
207,216,1084,207,216,1084,207,216,1084,-1
216,319,1202,216,319,1202,216,319,1202,-1
319,309,1225,319,309,1225,319,309,1225,-1
309,230,1086,309,230,1086,309,230,1086,-1
230,181,971,230,181,971,230,181,971,-1
181,210,1088,181,210,1088,181,210,1088,-1
210,216,1171,210,216,1171,210,216,1171,-1
216,175,1004,216,175,1004,216,175,1004,-1
175,222,1035,175,222,1035,175,222,1035,-1
222,327,1148,222,327,1148,222,327,1148,-1
327,319,948,327,319,948,327,319,948,-1
319,202,1194,319,202,1194,319,202,1194,-1
202,200,1030,202,200,1030,202,200,1030,-1
200,195,1089,200,195,1089,200,195,1089,-1
195,223,1022,195,223,1022,195,223,1022,-1
223,200,1020,223,200,1020,223,200,1020,-1
200,204,1088,200,204,1088,200,204,1088,-1
204,197,1225,204,197,1225,204,197,1225,-1
197,206,975,197,206,975,197,206,975,-1
206,222,1069,206,222,1069,206,222,1069,-1
222,316,1198,222,316,1198,222,316,1198,-1
316,209,1029,316,209,1029,316,209,1029,-1
209,207,951,209,207,951,209,207,951,-1
207,208,1056,207,208,1056,207,208,1056,-1
208,204,941,208,204,941,208,204,941,-1
204,194,979,204,194,979,204,194,979,-1
194,186,1064,194,186,1064,194,186,1064,-1
186,196,1031,186,196,1031,186,196,1031,-1
196,208,966,196,208,966,196,208,966,-1
208,222,1062,208,222,1062,208,222,1062,-1
222,322,1060,222,322,1060,222,322,1060,-1
322,201,1169,322,201,1169,322,201,1169,-1
201,197,982,201,197,982,201,197,982,-1
197,206,1071,197,206,1071,197,206,1071,-1
206,303,1015,206,303,1015,206,303,1015,-1
303,303,993,303,303,993,303,303,993,-1
303,206,925,303,206,925,303,206,925,-1
206,212,974,206,212,974,206,212,974,-1
212,220,1059,212,220,1059,212,220,1059,-1
220,230,999,220,230,999,220,230,999,-1
230,197,1019,230,197,1019,230,197,1019,-1
197,217,1055,197,217,1055,197,217,1055,-1
217,234,1011,217,234,1011,217,234,1011,-1
234,185,994,234,185,994,234,185,994,-1
185,210,1054,185,210,1054,185,210,1054,-1
210,209,1048,210,209,1048,210,209,1048,-1
209,194,972,209,194,972,209,194,972,-1
194,222,1049,194,222,1049,194,222,1049,-1
222,220,974,222,220,974,222,220,974,-1
220,213,927,220,213,927,220,213,927,-1
213,224,1057,213,224,1057,213,224,1057,-1
224,311,1036,224,311,1036,224,311,1036,-1
311,307,1005,311,307,1005,311,307,1005,-1
307,299,993,307,299,993,307,299,993,-1
299,206,977,299,206,977,299,206,977,-1
206,196,962,206,196,962,206,196,962,-1
196,207,1036,196,207,1036,196,207,1036,-1
207,234,1022,207,234,1022,207,234,1022,-1
234,186,990,234,186,990,234,186,990,-1
186,126,1028,186,126,1028,186,126,1028,-1
126,183,957,126,183,957,126,183,957,-1
183,204,1022,183,204,1022,183,204,1022,-1
204,206,969,204,206,969,204,206,969,-1
206,197,950,206,197,950,206,197,950,-1
197,200,1025,197,200,1025,197,200,1025,-1
200,199,936,200,199,936,200,199,936,-1
199,189,963,199,189,963,199,189,963,-1
189,213,1042,189,213,1042,189,213,1042,-1
213,318,1064,213,318,1064,213,318,1064,-1
318,216,1041,318,216,1041,318,216,1041,-1
216,213,969,216,213,969,216,213,969,-1
213,210,1055,213,210,1055,213,210,1055,-1
210,311,1019,210,311,1019,210,311,1019,-1
311,301,968,311,301,968,311,301,968,-1
301,213,958,301,213,958,301,213,958,-1
213,190,988,213,190,988,213,190,988,-1
190,122,1064,190,122,1064,190,122,1064,-1
122,213,980,122,213,980,122,213,980,-1
213,227,1046,213,227,1046,213,227,1046,-1
227,220,1029,227,220,1029,227,220,1029,-1
220,202,964,220,202,964,220,202,964,-1
202,209,1051,202,209,1051,202,209,1051,-1
209,310,998,209,310,998,209,310,998,-1
310,198,983,310,198,983,310,198,983,-1
198,201,1005,198,201,1005,198,201,1005,-1
201,195,1088,201,195,1088,201,195,1088,-1
195,210,1108,195,210,1108,195,210,1108,-1
210,207,986,210,207,986,210,207,986,-1
207,213,1023,207,213,1023,207,213,1023,-1
213,220,1160,213,220,1160,213,220,1160,-1
220,185,1007,220,185,1007,220,185,1007,-1
185,215,1057,185,215,1057,185,215,1057,-1
215,207,1215,215,207,1215,215,207,1215,-1
207,197,959,207,197,959,207,197,959,-1
197,199,1012,197,199,1012,197,199,1012,-1
199,301,945,199,301,945,199,301,945,-1
301,216,1204,301,216,1204,301,216,1204,-1
216,215,982,216,215,982,216,215,982,-1
215,218,1057,215,218,1057,215,218,1057,-1
218,323,1018,218,323,1018,218,323,1018,-1
323,158,954,323,158,954,323,158,954,-1
158,139,950,158,139,950,158,139,950,-1
139,197,1118,139,197,1118,139,197,1118,-1
197,201,976,197,201,976,197,201,976,-1
201,205,1044,201,205,1044,201,205,1044,-1
205,285,1175,205,285,1175,205,285,1175,-1
285,321,998,285,321,998,285,321,998,-1
321,213,1191,321,213,1191,321,213,1191,-1
213,207,983,213,207,983,213,207,983,-1
207,215,1065,207,215,1065,207,215,1065,-1
215,304,1178,215,304,1178,215,304,1178,-1
304,204,956,304,204,956,304,204,956,-1
204,196,951,204,196,951,204,196,951,-1
196,204,1090,196,204,1090,196,204,1090,-1
204,287,1221,204,287,1221,204,287,1221,-1
287,318,1041,287,318,1041,287,318,1041,-1
318,322,1084,318,322,1084,318,322,1084,-1
322,210,1161,322,210,1161,322,210,1161,-1
210,206,995,210,206,995,210,206,995,-1
206,200,1069,206,200,1069,206,200,1069,-1
200,305,1026,200,305,1026,200,305,1026,-1
305,188,983,305,188,983,305,188,983,-1
188,202,986,188,202,986,188,202,986,-1
202,191,1093,202,191,1093,202,191,1093,-1
191,219,1116,191,219,1116,191,219,1116,-1
219,209,999,219,209,999,219,209,999,-1
209,217,1062,209,217,1062,209,217,1062,-1
217,319,1005,217,319,1005,217,319,1005,-1
319,301,1184,319,301,1184,319,301,1184,-1
301,210,1104,301,210,1104,301,210,1104,-1
210,202,994,210,202,994,210,202,994,-1
202,212,1075,202,212,1075,202,212,1075,-1
212,299,1039,212,299,1039,212,299,1039,-1
299,210,996,299,210,996,299,210,996,-1
210,208,1000,210,208,1000,210,208,1000,-1
208,222,1084,208,222,1084,208,222,1084,-1
222,330,1226,222,330,1226,222,330,1226,-1
330,304,1213,330,304,1213,330,304,1213,-1
304,199,992,304,199,992,304,199,992,-1
199,199,947,199,199,947,199,199,947,-1
199,205,1079,199,205,1079,199,205,1079,-1
205,299,1216,205,299,1216,205,299,1216,-1
299,214,1192,299,214,1192,299,214,1192,-1
214,208,978,214,208,978,214,208,978,-1
208,225,1065,208,225,1065,208,225,1065,-1
225,313,1185,225,313,1185,225,313,1185,-1
313,197,942,313,197,942,313,197,942,-1
197,201,965,197,201,965,197,201,965,-1
201,206,1072,201,206,1072,201,206,1072,-1
206,306,1010,206,306,1010,206,306,1010,-1
306,199,1022,306,199,1022,306,199,1022,-1
199,196,975,199,196,975,199,196,975,-1
196,207,1039,196,207,1039,196,207,1039,-1
207,204,949,207,204,949,207,204,949,-1
204,212,961,204,212,961,204,212,961,-1
212,219,1055,212,219,1055,212,219,1055,-1
219,213,1201,219,213,1201,219,213,1201,-1
213,188,1024,213,188,1024,213,188,1024,-1
188,205,1050,188,205,1050,188,205,1050,-1
205,306,982,205,306,982,205,306,982,-1
306,204,1151,306,204,1151,306,204,1151,-1
204,197,947,204,197,947,204,197,947,-1
197,226,1037,197,226,1037,197,226,1037,-1
226,226,1041,226,226,1041,226,226,1041,-1
226,214,971,226,214,971,226,214,971,-1
214,225,1057,214,225,1057,214,225,1057,-1
225,225,1030,225,225,1030,225,225,1030,-1
225,191,997,225,191,997,225,191,997,-1
191,214,1062,191,214,1062,191,214,1062,-1
214,310,1028,214,310,1028,214,310,1028,-1
310,206,1006,310,206,1006,310,206,1006,-1
206,213,957,206,213,957,206,213,957,-1
213,122,1032,213,122,1032,213,122,1032,-1
122,209,957,122,209,957,122,209,957,-1
209,225,1046,209,225,1046,209,225,1046,-1
225,221,1006,225,221,1006,225,221,1006,-1
221,196,966,221,196,966,221,196,966,-1
196,218,1046,196,218,1046,196,218,1046,-1
218,216,929,218,216,929,218,216,929,-1
216,196,962,216,196,962,216,196,962,-1
196,215,1043,196,215,1043,196,215,1043,-1
215,211,1109,215,211,1109,215,211,1109,-1
211,193,1013,211,193,1013,211,193,1013,-1
193,137,1061,193,137,1061,193,137,1061,-1
137,193,965,137,193,965,137,193,965,-1
193,222,1024,193,222,1024,193,222,1024,-1
222,315,912,222,315,912,222,315,912,-1
315,308,1141,315,308,1141,315,308,1141,-1
308,307,1016,308,307,1016,308,307,1016,-1
307,300,1029,307,300,1029,307,300,1029,-1
300,206,988,300,206,988,300,206,988,-1
206,214,939,206,214,939,206,214,939,-1
214,218,1030,214,218,1030,214,218,1030,-1
218,218,948,218,218,948,218,218,948,-1
218,206,958,218,206,958,218,206,958,-1
206,203,1049,206,203,1049,206,203,1049,-1
203,309,990,203,309,990,203,309,990,-1
309,194,942,309,194,942,309,194,942,-1
194,200,958,194,200,958,194,200,958,-1
200,198,1035,200,198,1035,200,198,1035,-1
198,299,1025,198,299,1025,198,299,1025,-1
299,317,1032,299,317,1032,299,317,1032,-1
317,199,963,317,199,963,317,199,963,-1
199,212,941,199,212,941,199,212,941,-1
212,204,1059,212,204,1059,212,204,1059,-1
204,206,1181,204,206,1181,204,206,1181,-1
206,202,954,206,202,954,206,202,954,-1
202,198,1039,202,198,1039,202,198,1039,-1
198,296,980,198,296,980,198,296,980,-1
296,189,916,296,189,916,296,189,916,-1
189,211,947,189,211,947,189,211,947,-1
211,214,1041,211,214,1041,211,214,1041,-1
214,320,1001,214,320,1001,214,320,1001,-1
320,214,1009,320,214,1009,320,214,1009,-1
214,195,962,214,195,962,214,195,962,-1
195,203,1030,195,203,1030,195,203,1030,-1
203,202,1007,203,202,1007,203,202,1007,-1
202,195,955,202,195,955,202,195,955,-1
195,203,1023,195,203,1023,195,203,1023,-1
203,295,999,203,295,999,203,295,999,-1
295,313,1074,295,313,1074,295,313,1074,-1
313,212,992,313,212,992,313,212,992,-1
212,203,955,212,203,955,212,203,955,-1
203,199,1042,203,199,1042,203,199,1042,-1
199,205,993,199,205,993,199,205,993,-1
205,201,958,205,201,958,205,201,958,-1
201,195,1020,201,195,1020,201,195,1020,-1
195,196,1013,195,196,1013,195,196,1013,-1
196,193,961,196,193,961,196,193,961,-1
193,194,1029,193,194,1029,193,194,1029,-1
194,309,1019,194,309,1019,194,309,1019,-1
309,214,951,309,214,951,309,214,951,-1
214,212,961,214,212,961,214,212,961,-1
212,205,1033,212,205,1033,212,205,1033,-1
205,301,1029,205,301,1029,205,301,1029,-1
301,299,991,301,299,991,301,299,991,-1
299,201,1017,299,201,1017,299,201,1017,-1
201,195,966,201,195,966,201,195,966,-1
195,198,1043,195,198,1043,195,198,1043,-1
198,325,1057,198,325,1057,198,325,1057,-1
325,200,1099,325,200,1099,325,200,1099,-1
200,212,971,200,212,971,200,212,971,-1
212,207,1056,212,207,1056,212,207,1056,-1
207,306,1053,207,306,1053,207,306,1053,-1
306,205,1032,306,205,1032,306,205,1032,-1
205,201,951,205,201,951,205,201,951,-1
201,206,1098,201,206,1098,201,206,1098,-1
206,297,1232,206,297,1232,206,297,1232,-1
297,203,1132,297,203,1132,297,203,1132,-1
203,213,966,203,213,966,203,213,966,-1
213,217,1023,213,217,1023,213,217,1023,-1
217,219,1176,217,219,1176,217,219,1176,-1
219,195,955,219,195,955,219,195,955,-1
195,225,1028,195,225,1028,195,225,1028,-1
225,198,1134,225,198,1134,225,198,1134,-1
198,201,914,198,201,914,198,201,914,-1
201,194,1038,201,194,1038,201,194,1038,-1
194,193,1059,194,193,1059,194,193,1059,-1
193,208,937,193,208,937,193,208,937,-1
208,221,1083,208,221,1083,208,221,1083,-1
221,317,1187,221,317,1187,221,317,1187,-1
317,300,1201,317,300,1201,317,300,1201,-1
300,278,1059,300,278,1059,300,278,1059,-1
278,124,942,278,124,942,278,124,942,-1
124,202,1075,124,202,1075,124,202,1075,-1
202,290,1208,202,290,1208,202,290,1208,-1
290,203,987,290,203,987,290,203,987,-1
203,195,983,203,195,983,203,195,983,-1
195,211,1057,195,211,1057,195,211,1057,-1
211,303,1216,211,303,1216,211,303,1216,-1
303,203,995,303,203,995,303,203,995,-1
203,201,993,203,201,993,203,201,993,-1
201,208,1093,201,208,1093,201,208,1093,-1
208,303,1261,208,303,1261,208,303,1261,-1
303,291,1236,303,291,1236,303,291,1236,-1
291,191,1224,291,191,1224,291,191,1224,-1
191,197,975,191,197,975,191,197,975,-1
197,213,1066,197,213,1066,197,213,1066,-1
213,314,1195,213,314,1195,213,314,1195,-1
314,220,952,314,220,952,314,220,952,-1
220,201,986,220,201,986,220,201,986,-1
201,197,1054,201,197,1054,201,197,1054,-1
197,307,969,197,307,969,197,307,969,-1
307,298,1210,307,298,1210,307,298,1210,-1
298,289,1216,298,289,1216,298,289,1216,-1
289,311,944,289,311,944,289,311,944,-1
311,306,1175,311,306,1175,311,306,1175,-1
306,213,1178,306,213,1178,306,213,1178,-1
213,195,962,213,195,962,213,195,962,-1
195,190,1042,195,190,1042,195,190,1042,-1
190,301,1076,190,301,1076,190,301,1076,-1
301,191,957,301,191,957,301,191,957,-1
191,190,982,191,190,982,191,190,982,-1
190,194,1062,190,194,1062,190,194,1062,-1
194,182,1220,194,182,1220,194,182,1220,-1
182,206,993,182,206,993,182,206,993,-1
206,213,1053,206,213,1053,206,213,1053,-1
213,211,1212,213,211,1212,213,211,1212,-1
211,206,1003,211,206,1003,211,206,1003,-1
206,200,1077,206,200,1077,206,200,1077,-1
200,270,1198,200,270,1198,200,270,1198,-1
270,223,972,270,223,972,270,223,972,-1
223,170,1024,223,170,1024,223,170,1024,-1
170,125,1071,170,125,1071,170,125,1071,-1
125,190,1076,125,190,1076,125,190,1076,-1
190,202,1141,190,202,1141,190,202,1141,-1
202,218,1249,202,218,1249,202,218,1249,-1
218,198,982,218,198,982,218,198,982,-1
198,205,1021,198,205,1021,198,205,1021,-1
205,298,964,205,298,964,205,298,964,-1
298,301,1057,298,301,1057,298,301,1057,-1
301,297,1144,301,297,1144,301,297,1144,-1
297,286,974,297,286,974,297,286,974,-1
286,183,1126,286,183,1126,286,183,1126,-1
183,195,931,183,195,931,183,195,931,-1
195,201,1006,195,201,1006,195,201,1006,-1
201,214,1024,201,214,1024,201,214,1024,-1
214,197,956,214,197,956,214,197,956,-1
197,200,1017,197,200,1017,197,200,1017,-1
200,294,995,200,294,995,200,294,995,-1
294,299,1039,294,299,1039,294,299,1039,-1
299,264,1000,299,264,1000,299,264,1000,-1
264,309,983,264,309,983,264,309,983,-1
309,320,1165,309,320,1165,309,320,1165,-1
320,315,1266,320,315,1266,320,315,1266,-1
315,308,1255,315,308,1255,315,308,1255,-1
308,299,1079,308,299,1079,308,299,1079,-1
299,296,1010,299,296,1010,299,296,1010,-1
296,197,1092,296,197,1092,296,197,1092,-1
197,195,1008,197,195,1008,197,195,1008,-1
195,199,1089,195,199,1089,195,199,1089,-1
199,313,1110,199,313,1110,199,313,1110,-1
313,206,1195,313,206,1195,313,206,1195,-1
206,206,986,206,206,986,206,206,986,-1
206,206,1070,206,206,1070,206,206,1070,-1
206,322,954,206,322,954,206,322,954,-1
322,207,1154,322,207,1154,322,207,1154,-1
207,195,973,207,195,973,207,195,973,-1
195,195,1040,195,195,1040,195,195,1040,-1
195,199,1074,195,199,1074,195,199,1074,-1
199,189,1052,199,189,1052,199,189,1052,-1
189,210,1157,189,210,1157,189,210,1157,-1
210,316,1091,210,316,1091,210,316,1091,-1
316,299,1035,316,299,1035,316,299,1035,-1
299,217,1048,299,217,1048,299,217,1048,-1
217,193,992,217,193,992,217,193,992,-1
193,204,1084,193,204,1084,193,204,1084,-1
204,202,1210,204,202,1210,204,202,1210,-1
202,178,1011,202,178,1011,202,178,1011,-1
178,203,1079,178,203,1079,178,203,1079,-1
203,294,1054,203,294,1054,203,294,1054,-1
294,318,1056,294,318,1056,294,318,1056,-1
318,208,1119,318,208,1119,318,208,1119,-1
208,207,1001,208,207,1001,208,207,1001,-1
207,205,1082,207,205,1082,207,205,1082,-1
205,308,1075,205,308,1075,205,308,1075,-1
308,209,1060,308,209,1060,308,209,1060,-1
209,202,1016,209,202,1016,209,202,1016,-1
202,208,1056,202,208,1056,202,208,1056,-1
208,192,1029,208,192,1029,208,192,1029,-1
192,212,996,192,212,996,192,212,996,-1
212,218,1076,212,218,1076,212,218,1076,-1
218,328,1096,218,328,1096,218,328,1096,-1
328,313,1055,328,313,1055,328,313,1055,-1
313,219,967,313,219,967,313,219,967,-1
219,194,983,219,194,983,219,194,983,-1
194,210,1067,194,210,1067,194,210,1067,-1
210,212,1052,210,212,1052,210,212,1052,-1
212,190,1005,212,190,1005,212,190,1005,-1
190,217,1068,190,217,1068,190,217,1068,-1
217,240,1020,217,240,1020,217,240,1020,-1
240,197,1012,240,197,1012,240,197,1012,-1
197,133,1081,197,133,1081,197,133,1081,-1
133,188,1025,133,188,1025,133,188,1025,-1
188,206,1087,188,206,1087,188,206,1087,-1
206,308,1022,206,308,1022,206,308,1022,-1
308,308,1045,308,308,1045,308,308,1045,-1
308,221,1018,308,221,1018,308,221,1018,-1
221,178,900,221,178,900,221,178,900,-1
178,213,1082,178,213,1082,178,213,1082,-1
213,213,1246,213,213,1246,213,213,1246,-1
213,207,1044,213,207,1044,213,207,1044,-1
207,221,1178,207,221,1178,207,221,1178,-1
221,300,1244,221,300,1244,221,300,1244,-1
300,311,1306,300,311,1306,300,311,1306,-1
311,294,1218,311,294,1218,311,294,1218,-1
294,295,1088,294,295,1088,294,295,1088,-1
295,169,943,295,169,943,295,169,943,-1
169,127,789,169,127,789,169,127,789,-1
127,224,788,127,224,788,127,224,788,-1
224,208,872,224,208,872,224,208,872,-1
208,218,959,208,218,959,208,218,959,-1
218,301,1112,218,301,1112,218,301,1112,-1
301,203,1147,301,203,1147,301,203,1147,-1
203,201,933,203,201,933,203,201,933,-1
201,200,1002,201,200,1002,201,200,1002,-1
200,194,907,200,194,907,200,194,907,-1
194,189,903,194,189,903,194,189,903,-1
189,223,1023,189,223,1023,189,223,1023,-1
223,227,1165,223,227,1165,223,227,1165,-1
227,193,989,227,193,989,227,193,989,-1
193,219,1055,193,219,1055,193,219,1055,-1
219,197,1223,219,197,1223,219,197,1223,-1
197,208,1008,197,208,1008,197,208,1008,-1
208,217,1081,208,217,1081,208,217,1081,-1
217,296,1213,217,296,1213,217,296,1213,-1
296,304,1004,296,304,1004,296,304,1004,-1
304,301,1244,304,301,1244,304,301,1244,-1
301,207,1223,301,207,1223,301,207,1223,-1
207,210,953,207,210,953,207,210,953,-1
210,206,1045,210,206,1045,210,206,1045,-1
206,305,1191,206,305,1191,206,305,1191,-1
305,196,1253,305,196,1253,305,196,1253,-1
196,201,1023,196,201,1023,196,201,1023,-1
201,194,1159,201,194,1159,201,194,1159,-1
194,290,1319,194,290,1319,194,290,1319,-1
290,300,908,290,300,908,290,300,908,-1
300,208,903,300,208,903,300,208,903,-1
208,186,927,208,186,927,208,186,927,-1
186,225,1030,186,225,1030,186,225,1030,-1
225,296,1198,225,296,1198,225,296,1198,-1
296,296,1167,296,296,1167,296,296,1167,-1
296,198,945,296,198,945,296,198,945,-1
198,186,960,198,186,960,198,186,960,-1
186,202,1022,186,202,1022,186,202,1022,-1
202,283,988,202,283,988,202,283,988,-1
283,308,932,283,308,932,283,308,932,-1
308,204,967,308,204,967,308,204,967,-1
204,212,948,204,212,948,204,212,948,-1
212,207,1037,212,207,1037,212,207,1037,-1
207,298,938,207,298,938,207,298,938,-1
298,201,909,298,201,909,298,201,909,-1
201,196,921,201,196,921,201,196,921,-1
196,194,1028,196,194,1028,196,194,1028,-1
194,202,950,194,202,950,194,202,950,-1
202,192,991,202,192,991,202,192,991,-1
192,215,1119,192,215,1119,192,215,1119,-1
215,220,1055,215,220,1055,215,220,1055,-1
220,207,1032,220,207,1032,220,207,1032,-1
207,123,1122,207,123,1122,207,123,1122,-1
123,183,1034,123,183,1034,123,183,1034,-1
183,206,1110,183,206,1110,183,206,1110,-1
206,206,996,206,206,996,206,206,996,-1
206,201,1032,206,201,1032,206,201,1032,-1
201,203,1113,201,203,1113,201,203,1113,-1
203,297,1013,203,297,1013,203,297,1013,-1
297,231,999,297,231,999,297,231,999,-1
231,193,1015,231,193,1015,231,193,1015,-1
193,215,1078,193,215,1078,193,215,1078,-1
215,178,972,215,178,972,215,178,972,-1
178,133,970,178,133,970,178,133,970,-1
133,204,972,133,204,972,133,204,972,-1
204,207,986,204,207,986,204,207,986,-1
207,203,1063,207,203,1063,207,203,1063,-1
203,302,958,203,302,958,203,302,958,-1
302,293,954,302,293,954,302,293,954,-1
293,222,956,293,222,956,293,222,956,-1
222,211,976,222,211,976,222,211,976,-1
211,216,1075,211,216,1075,211,216,1075,-1
216,323,967,216,323,967,216,323,967,-1
323,305,1014,323,305,1014,323,305,1014,-1
305,307,973,305,307,973,305,307,973,-1
307,298,944,307,298,944,307,298,944,-1
298,205,1002,298,205,1002,298,205,1002,-1
205,199,982,205,199,982,205,199,982,-1
199,206,1061,199,206,1061,199,206,1061,-1
206,312,962,206,312,962,206,312,962,-1
312,205,968,312,205,968,312,205,968,-1
205,197,968,205,197,968,205,197,968,-1
197,208,1070,197,208,1070,197,208,1070,-1
208,300,984,208,300,984,208,300,984,-1
300,196,954,300,196,954,300,196,954,-1
196,194,994,196,194,994,196,194,994,-1
194,183,1069,194,183,1069,194,183,1069,-1
183,311,960,183,311,960,183,311,960,-1
311,310,947,311,310,947,311,310,947,-1
310,316,945,310,316,945,310,316,945,-1
316,300,979,316,300,979,316,300,979,-1
300,305,945,300,305,945,300,305,945,-1
305,204,914,305,204,914,305,204,914,-1
204,197,962,204,197,962,204,197,962,-1
197,197,1024,197,197,1024,197,197,1024,-1
197,202,975,197,202,975,197,202,975,-1
202,218,962,202,218,962,202,218,962,-1
218,205,1076,218,205,1076,218,205,1076,-1
205,316,996,205,316,996,205,316,996,-1
316,219,953,316,219,953,316,219,953,-1
219,185,989,219,185,989,219,185,989,-1
185,205,1031,185,205,1031,185,205,1031,-1
205,200,960,205,200,960,205,200,960,-1
200,202,952,200,202,952,200,202,952,-1
202,193,1028,202,193,1028,202,193,1028,-1
193,312,986,193,312,986,193,312,986,-1
312,322,1100,312,322,1100,312,322,1100,-1
322,209,1233,322,209,1233,322,209,1233,-1
209,214,1003,209,214,1003,209,214,1003,-1
214,209,1076,214,209,1076,214,209,1076,-1
209,201,1223,209,201,1223,209,201,1223,-1
201,201,1002,201,201,1002,201,201,1002,-1
201,201,1069,201,201,1069,201,201,1069,-1
201,299,1083,201,299,1083,201,299,1083,-1
299,211,1035,299,211,1035,299,211,1035,-1
211,219,972,211,219,972,211,219,972,-1
219,228,1042,219,228,1042,219,228,1042,-1
228,222,1181,228,222,1181,228,222,1181,-1
222,198,984,222,198,984,222,198,984,-1
198,206,1052,198,206,1052,198,206,1052,-1
206,211,1045,206,211,1045,206,211,1045,-1
211,207,978,211,207,978,211,207,978,-1
207,209,1048,207,209,1048,207,209,1048,-1
209,301,1039,209,301,1039,209,301,1039,-1
301,213,1045,301,213,1045,301,213,1045,-1
213,214,981,213,214,981,213,214,981,-1
214,225,1055,214,225,1055,214,225,1055,-1
225,312,1168,225,312,1168,225,312,1168,-1
312,319,1040,312,319,1040,312,319,1040,-1
319,309,1205,319,309,1205,319,309,1205,-1
309,205,1268,309,205,1268,309,205,1268,-1
205,189,995,205,189,995,205,189,995,-1
189,196,1051,189,196,1051,189,196,1051,-1
196,217,1043,196,217,1043,196,217,1043,-1
217,218,964,217,218,964,217,218,964,-1
218,214,1027,218,214,1027,218,214,1027,-1
214,319,1078,214,319,1078,214,319,1078,-1
319,315,1056,319,315,1056,319,315,1056,-1
315,311,1196,315,311,1196,315,311,1196,-1
311,304,1255,311,304,1255,311,304,1255,-1
304,186,1223,304,186,1223,304,186,1223,-1
186,213,962,186,213,962,186,213,962,-1
213,224,1071,213,224,1071,213,224,1071,-1
224,327,1244,224,327,1244,224,327,1244,-1
327,208,1200,327,208,1200,327,208,1200,-1
208,201,970,208,201,970,208,201,970,-1
201,217,1048,201,217,1048,201,217,1048,-1
217,213,1049,217,213,1049,217,213,1049,-1
213,199,971,213,199,971,213,199,971,-1
199,203,1051,199,203,1051,199,203,1051,-1
203,186,1017,203,186,1017,203,186,1017,-1
186,212,976,186,212,976,186,212,976,-1
212,221,1066,212,221,1066,212,221,1066,-1
221,208,1228,221,208,1228,221,208,1228,-1
208,213,980,208,213,980,208,213,980,-1
213,204,1042,213,204,1042,213,204,1042,-1
204,213,979,204,213,979,204,213,979,-1
213,198,969,213,198,969,213,198,969,-1
198,203,1054,198,203,1054,198,203,1054,-1
203,298,989,203,298,989,203,298,989,-1
298,304,986,298,304,986,298,304,986,-1
304,324,1008,304,324,1008,304,324,1008,-1
324,221,1030,324,221,1030,324,221,1030,-1
221,203,979,221,203,979,221,203,979,-1
203,205,1058,203,205,1058,203,205,1058,-1
205,211,1005,205,211,1005,205,211,1005,-1
211,207,987,211,207,987,211,207,987,-1
207,208,1068,207,208,1068,207,208,1068,-1
208,197,1011,208,197,1011,208,197,1011,-1
197,203,976,197,203,976,197,203,976,-1
203,206,1078,203,206,1078,203,206,1078,-1
206,228,1059,206,228,1059,206,228,1059,-1
228,201,978,228,201,978,228,201,978,-1
201,218,1046,201,218,1046,201,218,1046,-1
218,222,1046,218,222,1046,218,222,1046,-1
222,203,969,222,203,969,222,203,969,-1
203,208,1049,203,208,1049,203,208,1049,-1
208,221,1030,208,221,1030,208,221,1030,-1
221,182,1001,221,182,1001,221,182,1001,-1
182,208,1061,182,208,1061,182,208,1061,-1
208,312,1059,208,312,1059,208,312,1059,-1
312,211,1212,312,211,1212,312,211,1212,-1
211,212,995,211,212,995,211,212,995,-1
212,229,1063,212,229,1063,212,229,1063,-1
229,308,1203,229,308,1203,229,308,1203,-1
308,306,1204,308,306,1204,308,306,1204,-1
306,209,1035,306,209,1035,306,209,1035,-1
209,201,979,209,201,979,209,201,979,-1
201,207,1054,201,207,1054,201,207,1054,-1
207,314,1016,207,314,1016,207,314,1016,-1
314,216,1073,314,216,1073,314,216,1073,-1
216,218,980,216,218,980,216,218,980,-1
218,133,1048,218,133,1048,218,133,1048,-1
133,197,983,133,197,983,133,197,983,-1
197,197,1047,197,197,1047,197,197,1047,-1
197,215,1071,197,215,1071,197,215,1071,-1
215,207,996,215,207,996,215,207,996,-1
207,210,1077,207,210,1077,207,210,1077,-1
210,225,1025,210,225,1025,210,225,1025,-1
225,183,1010,225,183,1010,225,183,1010,-1
183,219,1083,183,219,1083,183,219,1083,-1
219,217,1011,219,217,1011,219,217,1011,-1
217,218,1001,217,218,1001,217,218,1001,-1
218,221,1083,218,221,1083,218,221,1083,-1
221,308,1220,221,308,1220,221,308,1220,-1
308,201,1019,308,201,1019,308,201,1019,-1
201,201,996,201,201,996,201,201,996,-1
201,210,1065,201,210,1065,201,210,1065,-1
210,294,1231,210,294,1231,210,294,1231,-1
294,219,1057,294,219,1057,294,219,1057,-1
219,213,999,219,213,999,219,213,999,-1
213,213,1050,213,213,1050,213,213,1050,-1
213,317,1057,213,317,1057,213,317,1057,-1
317,199,1064,317,199,1064,317,199,1064,-1
199,208,966,199,208,966,199,208,966,-1
208,211,1085,208,211,1085,208,211,1085,-1
211,200,1204,211,200,1204,211,200,1204,-1
200,200,1016,200,200,1016,200,200,1016,-1
200,189,1083,200,189,1083,200,189,1083,-1
189,216,1034,189,216,1034,189,216,1034,-1
216,208,1014,216,208,1014,216,208,1014,-1
208,132,1099,208,132,1099,208,132,1099,-1
132,187,1013,132,187,1013,132,187,1013,-1
187,137,1090,187,137,1090,187,137,1090,-1
137,181,1016,137,181,1016,137,181,1016,-1
181,216,1086,181,216,1086,181,216,1086,-1
216,309,1020,216,309,1020,216,309,1020,-1
309,203,998,309,203,998,309,203,998,-1
203,196,989,203,196,989,203,196,989,-1
196,205,1068,196,205,1068,196,205,1068,-1
205,223,1001,205,223,1001,205,223,1001,-1
223,213,986,223,213,986,223,213,986,-1
213,220,1065,213,220,1065,213,220,1065,-1
220,215,998,220,215,998,220,215,998,-1
215,201,981,215,201,981,215,201,981,-1
201,222,1066,201,222,1066,201,222,1066,-1
222,229,989,222,229,989,222,229,989,-1
229,187,993,229,187,993,229,187,993,-1
187,214,1067,187,214,1067,187,214,1067,-1
214,309,968,214,309,968,214,309,968,-1
309,217,944,309,217,944,309,217,944,-1
217,213,973,217,213,973,217,213,973,-1
213,132,1059,213,132,1059,213,132,1059,-1
132,193,985,132,193,985,132,193,985,-1
193,220,1042,193,220,1042,193,220,1042,-1
220,326,996,220,326,996,220,326,996,-1
326,212,1071,326,212,1071,326,212,1071,-1
212,196,977,212,196,977,212,196,977,-1
196,211,1049,196,211,1049,196,211,1049,-1
211,309,999,211,309,999,211,309,999,-1
309,329,985,309,329,985,309,329,985,-1
329,215,948,329,215,948,329,215,948,-1
215,213,930,215,213,930,215,213,930,-1
213,201,1058,213,201,1058,213,201,1058,-1
201,309,1042,201,309,1042,201,309,1042,-1
309,302,1017,309,302,1017,309,302,1017,-1
302,206,1049,302,206,1049,302,206,1049,-1
206,195,1014,206,195,1014,206,195,1014,-1
195,225,1079,195,225,1079,195,225,1079,-1
225,232,1179,225,232,1179,225,232,1179,-1
232,192,980,232,192,980,232,192,980,-1
192,131,1046,192,131,1046,192,131,1046,-1
131,198,973,131,198,973,131,198,973,-1
198,204,1021,198,204,1021,198,204,1021,-1
204,229,1146,204,229,1146,204,229,1146,-1
229,187,983,229,187,983,229,187,983,-1
187,215,1035,187,215,1035,187,215,1035,-1
215,213,987,215,213,987,215,213,987,-1
213,194,957,213,194,957,213,194,957,-1
194,220,1037,194,220,1037,194,220,1037,-1
220,229,998,220,229,998,220,229,998,-1
229,219,946,229,219,946,229,219,946,-1
219,224,1040,219,224,1040,219,224,1040,-1
224,211,948,224,211,948,224,211,948,-1
211,206,957,211,206,957,211,206,957,-1
206,212,1046,206,212,1046,206,212,1046,-1
212,305,936,212,305,936,212,305,936,-1
305,308,997,305,308,997,305,308,997,-1
308,338,1085,308,338,1085,308,338,1085,-1
338,320,1177,338,320,1177,338,320,1177,-1
320,220,1015,320,220,1015,320,220,1015,-1
220,200,967,220,200,967,220,200,967,-1
200,218,1048,200,218,1048,200,218,1048,-1
218,320,980,218,320,980,218,320,980,-1
320,203,973,320,203,973,320,203,973,-1
203,201,971,203,201,971,203,201,971,-1
201,195,1080,201,195,1080,201,195,1080,-1
195,217,1048,195,217,1048,195,217,1048,-1
217,215,981,217,215,981,217,215,981,-1
215,214,1071,215,214,1071,215,214,1071,-1
214,322,1003,214,322,1003,214,322,1003,-1
322,208,994,322,208,994,322,208,994,-1
208,203,969,208,203,969,208,203,969,-1
203,213,1059,203,213,1059,203,213,1059,-1
213,300,998,213,300,998,213,300,998,-1
300,203,983,300,203,983,300,203,983,-1
203,215,957,203,215,957,203,215,957,-1
215,227,1046,215,227,1046,215,227,1046,-1
227,218,1185,227,218,1185,227,218,1185,-1
218,208,990,218,208,990,218,208,990,-1
208,210,1067,208,210,1067,208,210,1067,-1
210,219,986,210,219,986,210,219,986,-1
219,202,969,219,202,969,219,202,969,-1
202,213,1054,202,213,1054,202,213,1054,-1
213,311,930,213,311,930,213,311,930,-1
311,310,926,311,310,926,311,310,926,-1
310,329,937,310,329,937,310,329,937,-1
329,212,991,329,212,991,329,212,991,-1
212,214,967,212,214,967,212,214,967,-1
214,211,1070,214,211,1070,214,211,1070,-1
211,317,1003,211,317,1003,211,317,1003,-1
317,303,997,317,303,997,317,303,997,-1
303,299,974,303,299,974,303,299,974,-1
299,316,1013,299,316,1013,299,316,1013,-1
316,235,1194,316,235,1194,316,235,1194,-1
235,197,1037,235,197,1037,235,197,1037,-1
197,127,1084,197,127,1084,197,127,1084,-1
127,202,1024,127,202,1024,127,202,1024,-1
202,204,1075,202,204,1075,202,204,1075,-1
204,314,1091,204,314,1091,204,314,1091,-1
314,309,945,314,309,945,314,309,945,-1
309,309,934,309,309,934,309,309,934,-1
309,207,940,309,207,940,309,207,940,-1
207,208,942,207,208,942,207,208,942,-1
208,215,1084,208,215,1084,208,215,1084,-1
215,212,1238,215,212,1238,215,212,1238,-1
212,211,985,212,211,985,212,211,985,-1
211,203,1066,211,203,1066,211,203,1066,-1
203,211,1216,203,211,1216,203,211,1216,-1
211,202,972,211,202,972,211,202,972,-1
202,207,1057,202,207,1057,202,207,1057,-1
207,297,1074,207,297,1074,207,297,1074,-1
297,316,971,297,316,971,297,316,971,-1
316,229,1174,316,229,1174,316,229,1174,-1
229,199,975,229,199,975,229,199,975,-1
199,216,1051,199,216,1051,199,216,1051,-1
216,221,936,216,221,936,216,221,936,-1
221,188,1006,221,188,1006,221,188,1006,-1
188,205,1084,188,205,1084,188,205,1084,-1
205,204,1048,205,204,1048,205,204,1048,-1
204,201,979,204,201,979,204,201,979,-1
201,196,1100,201,196,1100,201,196,1100,-1
196,237,1145,196,237,1145,196,237,1145,-1
237,198,1018,237,198,1018,237,198,1018,-1
198,225,1058,198,225,1058,198,225,1058,-1
225,331,1031,225,331,1031,225,331,1031,-1
331,315,935,331,315,935,331,315,935,-1
315,219,891,315,219,891,315,219,891,-1
219,208,888,219,208,888,219,208,888,-1
208,121,1057,208,121,1057,208,121,1057,-1
121,206,954,121,206,954,121,206,954,-1
206,210,1033,206,210,1033,206,210,1033,-1
210,227,985,210,227,985,210,227,985,-1
227,212,958,227,212,958,227,212,958,-1
212,125,1057,212,125,1057,212,125,1057,-1
125,209,956,125,209,956,125,209,956,-1
209,212,1056,209,212,1056,209,212,1056,-1
212,324,952,212,324,952,212,324,952,-1
324,309,1075,324,309,1075,324,309,1075,-1
309,217,1025,309,217,1025,309,217,1025,-1
217,182,977,217,182,977,217,182,977,-1
182,209,1062,182,209,1062,182,209,1062,-1
209,329,953,209,329,953,209,329,953,-1
329,222,945,329,222,945,329,222,945,-1
222,212,948,222,212,948,222,212,948,-1
212,206,1047,212,206,1047,212,206,1047,-1
206,228,1222,206,228,1222,206,228,1222,-1
228,185,1021,228,185,1021,228,185,1021,-1
185,207,1055,185,207,1055,185,207,1055,-1
207,209,1022,207,209,1022,207,209,1022,-1
209,191,989,209,191,989,209,191,989,-1
191,220,1073,191,220,1073,191,220,1073,-1
220,329,1068,220,329,1068,220,329,1068,-1
329,334,1052,329,334,1052,329,334,1052,-1
334,226,1071,334,226,1071,334,226,1071,-1
226,197,1005,226,197,1005,226,197,1005,-1
197,218,1049,197,218,1049,197,218,1049,-1
218,313,1018,218,313,1018,218,313,1018,-1
313,305,1030,313,305,1030,313,305,1030,-1
305,240,1074,305,240,1074,305,240,1074,-1
240,198,974,240,198,974,240,198,974,-1
198,239,1039,198,239,1039,198,239,1039,-1
239,240,1158,239,240,1158,239,240,1158,-1
240,192,997,240,192,997,240,192,997,-1
192,223,1041,192,223,1041,192,223,1041,-1
223,218,1019,223,218,1019,223,218,1019,-1
218,202,961,218,202,961,218,202,961,-1
202,144,1030,202,144,1030,202,144,1030,-1
144,153,760,144,153,760,144,153,760,-1
153,138,485,153,138,485,153,138,485,-1
138,186,572,138,186,572,138,186,572,-1
186,139,716,186,139,716,186,139,716,-1
139,191,792,139,191,792,139,191,792,-1
191,144,907,191,144,907,191,144,907,-1
144,180,953,144,180,953,144,180,953,-1
180,151,1053,180,151,1053,180,151,1053,-1
151,167,1120,151,167,1120,151,167,1120,-1
167,262,1269,167,262,1269,167,262,1269,-1
262,320,1377,262,320,1377,262,320,1377,-1
320,317,1216,320,317,1216,320,317,1216,-1
317,233,1148,317,233,1148,317,233,1148,-1
233,191,1031,233,191,1031,233,191,1031,-1
191,234,1078,191,234,1078,191,234,1078,-1
234,181,1156,234,181,1156,234,181,1156,-1
181,158,1004,181,158,1004,181,158,1004,-1
158,310,1205,158,310,1205,158,310,1205,-1
310,219,1041,310,219,1041,310,219,1041,-1
219,201,962,219,201,962,219,201,962,-1
201,205,1029,201,205,1029,201,205,1029,-1
205,306,985,205,306,985,205,306,985,-1
306,212,930,306,212,930,306,212,930,-1
212,213,934,212,213,934,212,213,934,-1
213,138,1060,213,138,1060,213,138,1060,-1
138,192,1000,138,192,1000,138,192,1000,-1
192,132,1045,192,132,1045,192,132,1045,-1
132,192,983,132,192,983,132,192,983,-1
192,204,1027,192,204,1027,192,204,1027,-1
204,214,1061,204,214,1061,204,214,1061,-1
214,207,938,214,207,938,214,207,938,-1
207,205,1010,207,205,1010,207,205,1010,-1
205,302,1046,205,302,1046,205,302,1046,-1
302,229,1041,302,229,1041,302,229,1041,-1
229,200,963,229,200,963,229,200,963,-1
200,225,1042,200,225,1042,200,225,1042,-1
225,325,1046,225,325,1046,225,325,1046,-1
325,209,913,325,209,913,325,209,913,-1
209,179,965,209,179,965,209,179,965,-1
179,235,978,179,235,978,179,235,978,-1
235,306,984,235,306,984,235,306,984,-1
306,197,1015,306,197,1015,306,197,1015,-1
197,210,1019,197,210,1019,197,210,1019,-1
210,130,1111,210,130,1111,210,130,1111,-1
130,199,1033,130,199,1033,130,199,1033,-1
199,220,1108,199,220,1108,199,220,1108,-1
220,215,991,220,215,991,220,215,991,-1
215,199,964,215,199,964,215,199,964,-1
199,122,1097,199,122,1097,199,122,1097,-1
122,191,1029,122,191,1029,122,191,1029,-1
191,211,1074,191,211,1074,191,211,1074,-1
211,207,1047,211,207,1047,211,207,1047,-1
207,205,1071,207,205,1071,207,205,1071,-1
205,128,1188,205,128,1188,205,128,1188,-1
128,191,1106,128,191,1106,128,191,1106,-1
191,133,1151,191,133,1151,191,133,1151,-1
133,196,1044,133,196,1044,133,196,1044,-1
196,134,1075,196,134,1075,196,134,1075,-1
134,159,955,134,159,955,134,159,955,-1
159,251,934,159,251,934,159,251,934,-1
251,217,1135,251,217,1135,251,217,1135,-1
217,201,856,217,201,856,217,201,856,-1
201,210,967,201,210,967,201,210,967,-1
210,200,935,210,200,935,210,200,935,-1
200,196,851,200,196,851,200,196,851,-1
196,216,994,196,216,994,196,216,994,-1
216,207,1174,216,207,1174,216,207,1174,-1
207,124,925,207,124,925,207,124,925,-1
124,218,1206,124,218,1206,124,218,1206,-1
218,217,935,218,217,935,218,217,935,-1
217,212,1024,217,212,1024,217,212,1024,-1
212,321,1055,212,321,1055,212,321,1055,-1
321,211,957,321,211,957,321,211,957,-1
211,201,973,211,201,973,211,201,973,-1
201,211,1054,201,211,1054,201,211,1054,-1
211,213,997,211,213,997,211,213,997,-1
213,213,999,213,213,999,213,213,999,-1
213,215,1080,213,215,1080,213,215,1080,-1
215,322,1043,215,322,1043,215,322,1043,-1
322,209,1033,322,209,1033,322,209,1033,-1
209,201,992,209,201,992,209,201,992,-1
201,208,1076,201,208,1076,201,208,1076,-1
208,300,1054,208,300,1054,208,300,1054,-1
300,293,1045,300,293,1045,300,293,1045,-1
293,204,1101,293,204,1101,293,204,1101,-1
204,208,1011,204,208,1011,204,208,1011,-1
208,220,1075,208,220,1075,208,220,1075,-1
220,214,1188,220,214,1188,220,214,1188,-1
214,208,990,214,208,990,214,208,990,-1
208,206,1074,208,206,1074,208,206,1074,-1
206,198,1065,206,198,1065,206,198,1065,-1
198,207,983,198,207,983,198,207,983,-1
207,195,1071,207,195,1071,207,195,1071,-1
195,297,968,195,297,968,195,297,968,-1
297,303,1008,297,303,1008,297,303,1008,-1
303,178,970,303,178,970,303,178,970,-1
178,147,865,178,147,865,178,147,865,-1
147,203,1033,147,203,1033,147,203,1033,-1
203,208,865,203,208,865,203,208,865,-1
208,194,982,208,194,982,208,194,982,-1
194,199,1020,194,199,1020,194,199,1020,-1
199,207,969,199,207,969,199,207,969,-1
207,199,1059,207,199,1059,207,199,1059,-1
199,297,1055,199,297,1055,199,297,1055,-1
297,196,1085,297,196,1085,297,196,1085,-1
196,213,1041,196,213,1041,196,213,1041,-1
213,219,1114,213,219,1114,213,219,1114,-1
219,210,1246,219,210,1246,219,210,1246,-1
210,208,1055,210,208,1055,210,208,1055,-1
208,211,1124,208,211,1124,208,211,1124,-1
211,217,1135,211,217,1135,211,217,1135,-1
217,202,1032,217,202,1032,217,202,1032,-1
202,209,1107,202,209,1107,202,209,1107,-1
209,296,1045,209,296,1045,209,296,1045,-1
296,212,982,296,212,982,296,212,982,-1
212,218,992,212,218,992,212,218,992,-1
218,223,1122,218,223,1122,218,223,1122,-1
223,213,1080,223,213,1080,223,213,1080,-1
213,206,1038,213,206,1038,213,206,1038,-1
206,211,1107,206,211,1107,206,211,1107,-1
211,309,1231,211,309,1231,211,309,1231,-1
309,198,1065,309,198,1065,309,198,1065,-1
198,202,959,198,202,959,198,202,959,-1
202,199,1068,202,199,1068,202,199,1068,-1
199,211,1000,199,211,1000,199,211,1000,-1
211,208,985,211,208,985,211,208,985,-1
208,220,1080,208,220,1080,208,220,1080,-1
220,203,1219,220,203,1219,220,203,1219,-1
203,212,990,203,212,990,203,212,990,-1
212,209,1061,212,209,1061,212,209,1061,-1
209,217,1016,209,217,1016,209,217,1016,-1
217,188,980,217,188,980,217,188,980,-1
188,201,1071,188,201,1071,188,201,1071,-1
201,288,985,201,288,985,201,288,985,-1
288,218,957,288,218,957,288,218,957,-1
218,203,1004,218,203,1004,218,203,1004,-1
203,213,1050,203,213,1050,203,213,1050,-1
213,311,1193,213,311,1193,213,311,1193,-1
311,296,997,311,296,997,311,296,997,-1
296,198,923,296,198,923,296,198,923,-1
198,195,976,198,195,976,198,195,976,-1
195,188,1075,195,188,1075,195,188,1075,-1
188,293,1000,188,293,1000,188,293,1000,-1
293,201,986,293,201,986,293,201,986,-1
201,206,971,201,206,971,201,206,971,-1
206,206,1091,206,206,1091,206,206,1091,-1
206,309,969,206,309,969,206,309,969,-1
309,287,978,309,287,978,309,287,978,-1
287,209,1056,287,209,1056,287,209,1056,-1
209,202,1040,209,202,1040,209,202,1040,-1
202,195,1124,202,195,1124,202,195,1124,-1
195,297,1118,195,297,1118,195,297,1118,-1
297,193,1047,297,193,1047,297,193,1047,-1
193,203,983,193,203,983,193,203,983,-1
203,198,1042,203,198,1042,203,198,1042,-1
198,321,987,198,321,987,198,321,987,-1
321,296,913,321,296,913,321,296,913,-1
296,310,974,296,310,974,296,310,974,-1
310,285,928,310,285,928,310,285,928,-1
285,284,962,285,284,962,285,284,962,-1
284,185,963,284,185,963,284,185,963,-1
185,201,958,185,201,958,185,201,958,-1
201,201,1024,201,201,1024,201,201,1024,-1
201,205,1001,201,205,1001,201,205,1001,-1
205,213,953,205,213,953,205,213,953,-1
213,195,1015,213,195,1015,213,195,1015,-1
195,295,1029,195,295,1029,195,295,1029,-1
295,301,1061,295,301,1061,295,301,1061,-1
301,202,977,301,202,977,301,202,977,-1
202,201,1005,202,201,1005,202,201,1005,-1
201,195,1100,201,195,1100,201,195,1100,-1
195,306,1243,195,306,1243,195,306,1243,-1
306,314,992,306,314,992,306,314,992,-1
314,230,945,314,230,945,314,230,945,-1
230,181,939,230,181,939,230,181,939,-1
181,212,1011,181,212,1011,181,212,1011,-1
212,204,964,212,204,964,212,204,964,-1
204,199,934,204,199,934,204,199,934,-1
199,193,1018,199,193,1018,199,193,1018,-1
193,286,925,193,286,925,193,286,925,-1
286,312,1005,286,312,1005,286,312,1005,-1
312,321,1024,312,321,1024,312,321,1024,-1
321,212,994,321,212,994,321,212,994,-1
212,202,984,212,202,984,212,202,984,-1
202,194,1084,202,194,1084,202,194,1084,-1
194,302,999,194,302,999,194,302,999,-1
302,293,942,302,293,942,302,293,942,-1
293,193,965,293,193,965,293,193,965,-1
193,195,971,193,195,971,193,195,971,-1
195,212,1097,195,212,1097,195,212,1097,-1
212,209,1110,212,209,1110,212,209,1110,-1
209,208,1026,209,208,1026,209,208,1026,-1
208,203,1094,208,203,1094,208,203,1094,-1
203,298,1032,203,298,1032,203,298,1032,-1
298,205,1021,298,205,1021,298,205,1021,-1
205,201,984,205,201,984,205,201,984,-1
201,193,1056,201,193,1056,201,193,1056,-1
193,190,994,193,190,994,193,190,994,-1
190,298,930,190,298,930,190,298,930,-1
298,207,1017,298,207,1017,298,207,1017,-1
207,206,1107,207,206,1107,207,206,1107,-1
206,313,1061,206,313,1061,206,313,1061,-1
313,297,1057,313,297,1057,313,297,1057,-1
297,295,1016,297,295,1016,297,295,1016,-1
295,188,970,295,188,970,295,188,970,-1
188,193,943,188,193,943,188,193,943,-1
193,198,1112,193,198,1112,193,198,1112,-1
198,294,1202,198,294,1202,198,294,1202,-1
294,197,1209,294,197,1209,294,197,1209,-1
197,212,999,197,212,999,197,212,999,-1
212,195,1065,212,195,1065,212,195,1065,-1
195,205,1009,195,205,1009,195,205,1009,-1
205,190,966,205,190,966,205,190,966,-1
190,202,1045,190,202,1045,190,202,1045,-1
202,294,990,202,294,990,202,294,990,-1
294,294,992,294,294,992,294,294,992,-1
294,284,1048,294,284,1048,294,284,1048,-1
284,201,1026,284,201,1026,284,201,1026,-1
201,207,953,201,207,953,201,207,953,-1
207,211,1060,207,211,1060,207,211,1060,-1
211,314,1029,211,314,1029,211,314,1029,-1
314,160,1006,314,160,1006,314,160,1006,-1
160,144,1039,160,144,1039,160,144,1039,-1
144,299,1225,144,299,1225,144,299,1225,-1
299,297,1092,299,297,1092,299,297,1092,-1
297,297,1049,297,297,1049,297,297,1049,-1
297,324,999,297,324,999,297,324,999,-1
324,213,960,324,213,960,324,213,960,-1
213,214,969,213,214,969,213,214,969,-1
214,125,1081,214,125,1081,214,125,1081,-1
125,180,1013,125,180,1013,125,180,1013,-1
180,209,1070,180,209,1070,180,209,1070,-1
209,207,1046,209,207,1046,209,207,1046,-1
207,202,985,207,202,985,207,202,985,-1
202,204,1072,202,204,1072,202,204,1072,-1
204,295,976,204,295,976,204,295,976,-1
295,307,939,295,307,939,295,307,939,-1
307,315,984,307,315,984,307,315,984,-1
315,311,972,315,311,972,315,311,972,-1
311,202,984,311,202,984,311,202,984,-1
202,202,963,202,202,963,202,202,963,-1
202,200,1030,202,200,1030,202,200,1030,-1
200,196,999,200,196,999,200,196,999,-1
196,198,990,196,198,990,196,198,990,-1
198,188,1070,198,188,1070,198,188,1070,-1
188,316,977,188,316,977,188,316,977,-1
316,325,939,316,325,939,316,325,939,-1
325,213,977,325,213,977,325,213,977,-1
213,205,970,213,205,970,213,205,970,-1
