148,148,934,148,148,934,148,148,934,-1
148,208,951,148,208,951,148,208,951,1
208,145,923,208,145,923,208,145,923,1
145,187,942,145,187,942,145,187,942,1
187,142,924,187,142,924,187,142,924,1
142,142,944,142,142,944,142,142,944,1
142,220,898,142,220,898,142,220,898,1
220,200,950,220,200,950,220,200,950,1
200,154,900,200,154,900,200,154,900,1
154,269,924,154,269,924,154,269,924,1
269,145,916,269,145,916,269,145,916,1
145,206,925,145,206,925,145,206,925,1
206,144,921,206,144,921,206,144,921,1
144,154,947,144,154,947,144,154,947,1
154,216,913,154,216,913,154,216,913,1
216,224,982,216,224,982,216,224,982,1
224,147,956,224,147,956,224,147,956,1
147,194,966,147,194,966,147,194,966,1
194,145,935,194,145,935,194,145,935,1
145,186,951,145,186,951,145,186,951,1
186,147,927,186,147,927,186,147,927,1
147,151,948,147,151,948,147,151,948,1
151,223,904,151,223,904,151,223,904,1
223,153,1000,223,153,1000,223,153,1000,1
153,219,965,153,219,965,153,219,965,1
219,193,1001,219,193,1001,219,193,1001,1
193,145,956,193,145,956,193,145,956,1
145,211,955,145,211,955,145,211,955,1
211,140,921,211,140,921,211,140,921,1
140,200,940,140,200,940,140,200,940,1
200,138,902,200,138,902,200,138,902,1
138,188,924,138,188,924,138,188,924,1
188,141,891,188,141,891,188,141,891,1
141,174,903,141,174,903,141,174,903,1
174,135,864,174,135,864,174,135,864,1
135,202,896,135,202,896,135,202,896,1
202,141,880,202,141,880,202,141,880,1
141,145,919,141,145,919,141,145,919,1
145,215,870,145,215,870,145,215,870,1
215,182,927,215,182,927,215,182,927,1
182,139,933,182,139,933,182,139,933,1
139,176,979,139,176,979,139,176,979,1
176,142,966,176,142,966,176,142,966,1
142,199,1002,142,199,1002,142,199,1002,1
199,141,948,199,141,948,199,141,948,1
141,207,955,141,207,955,141,207,955,1
207,137,905,207,137,905,207,137,905,1
137,196,931,137,196,931,137,196,931,1
196,146,888,196,146,888,196,146,888,1
146,167,931,146,167,931,146,167,931,1
167,147,938,167,147,938,167,147,938,1
147,186,987,147,186,987,147,186,987,1
186,151,963,186,151,963,186,151,963,1
151,184,979,151,184,979,151,184,979,1
184,141,940,184,141,940,184,141,940,1
141,202,942,141,202,942,141,202,942,1
202,138,900,202,138,900,202,138,900,1
138,179,913,138,179,913,138,179,913,1
179,144,899,179,144,899,179,144,899,1
144,189,914,144,189,914,144,189,914,1
189,143,881,189,143,881,189,143,881,1
143,194,907,143,194,907,143,194,907,1
194,137,882,194,137,882,194,137,882,1
137,193,913,137,193,913,137,193,913,1
193,150,885,193,150,885,193,150,885,1
150,165,902,150,165,902,150,165,902,1
165,147,900,165,147,900,165,147,900,1
147,170,947,147,170,947,147,170,947,1
170,144,965,170,144,965,170,144,965,1
144,178,979,144,178,979,144,178,979,1
178,144,932,178,144,932,178,144,932,1
144,172,954,144,172,954,144,172,954,1
172,140,908,172,140,908,172,140,908,1
140,167,921,140,167,921,140,167,921,1
167,140,897,167,140,897,167,140,897,1
140,135,926,140,135,926,140,135,926,1
135,220,864,135,220,864,135,220,864,1
220,192,957,220,192,957,220,192,957,1
192,140,974,192,140,974,192,140,974,1
140,172,1011,140,172,1011,140,172,1011,1
172,138,968,172,138,968,172,138,968,1
138,216,974,138,216,974,138,216,974,1
216,143,903,216,143,903,216,143,903,1
143,239,913,143,239,913,143,239,913,1
239,145,877,239,145,877,239,145,877,1
145,193,880,145,193,880,145,193,880,1
193,142,838,193,142,838,193,142,838,1
142,164,872,142,164,872,142,164,872,1
164,220,813,164,220,813,164,220,813,1
220,190,851,220,190,851,220,190,851,1
190,217,810,190,217,810,190,217,810,1
217,223,859,217,223,859,217,223,859,1
223,138,857,223,138,857,223,138,857,1
138,145,878,138,145,878,138,145,878,1
145,215,848,145,215,848,145,215,848,1
215,160,918,215,160,918,215,160,918,1
160,223,892,160,223,892,160,223,892,1
223,149,993,223,149,993,223,149,993,1
149,225,982,149,225,982,149,225,982,1
225,207,1022,225,207,1022,225,207,1022,1
207,142,999,207,142,999,207,142,999,1
142,219,988,142,219,988,142,219,988,1
219,149,946,219,149,946,219,149,946,1
149,226,933,149,226,933,149,226,933,1
226,147,897,226,147,897,226,147,897,1
147,209,900,147,209,900,147,209,900,1
209,137,882,209,137,882,209,137,882,1
137,134,909,137,134,909,137,134,909,1
134,219,871,134,219,871,134,219,871,1
219,208,930,219,208,930,219,208,930,1
208,151,900,208,151,900,208,151,900,1
151,200,915,151,200,915,151,200,915,1
200,147,883,200,147,883,200,147,883,1
147,168,901,147,168,901,147,168,901,1
168,144,879,168,144,879,168,144,879,1
144,176,890,144,176,890,144,176,890,1
176,140,880,176,140,880,176,140,880,1
140,196,907,140,196,907,140,196,907,1
196,150,905,196,150,905,196,150,905,1
150,186,936,150,186,936,150,186,936,1
186,142,932,186,142,932,186,142,932,1
142,158,950,142,158,950,142,158,950,1
158,140,916,158,140,916,158,140,916,1
140,174,936,140,174,936,140,174,936,1
174,144,912,174,144,912,174,144,912,1
144,200,930,144,200,930,144,200,930,1
200,145,902,200,145,902,200,145,902,1
145,192,923,145,192,923,145,192,923,1
192,144,917,192,144,917,192,144,917,1
144,205,913,144,205,913,144,205,913,1
205,142,892,205,142,892,205,142,892,1
142,218,914,142,218,914,142,218,914,1
218,141,887,218,141,887,218,141,887,1
141,199,912,141,199,912,141,199,912,1
199,149,887,199,149,887,199,149,887,1
149,174,903,149,174,903,149,174,903,1
174,142,899,174,142,899,174,142,899,1
142,189,932,142,189,932,142,189,932,1
189,137,929,189,137,929,189,137,929,1
137,227,939,137,227,939,137,227,939,1
227,138,925,227,138,925,227,138,925,1
138,191,920,138,191,920,138,191,920,1
191,140,901,191,140,901,191,140,901,1
140,135,921,140,135,921,140,135,921,1
135,213,880,135,213,880,135,213,880,1
213,159,945,213,159,945,213,159,945,1
159,211,903,159,211,903,159,211,903,1
211,159,952,211,159,952,211,159,952,1
159,224,915,159,224,915,159,224,915,1
224,206,956,224,206,956,224,206,956,1
206,143,954,206,143,954,206,143,954,1
143,149,1021,143,149,1021,143,149,1021,1
149,213,1040,149,213,1040,149,213,1040,1
213,215,1116,213,215,1116,213,215,1116,1
215,145,1058,215,145,1058,215,145,1058,1
145,192,1048,145,192,1048,145,192,1048,1
192,143,996,192,143,996,192,143,996,1
143,171,976,143,171,976,143,171,976,1
171,142,936,171,142,936,171,142,936,1
142,183,934,142,183,934,142,183,934,1
183,139,880,183,139,880,183,139,880,1
139,188,901,139,188,901,139,188,901,1
188,143,862,188,143,862,188,143,862,1
143,176,883,143,176,883,143,176,883,1
176,144,860,176,144,860,176,144,860,1
144,166,891,144,166,891,144,166,891,1
166,144,864,166,144,864,166,144,864,1
144,178,893,144,178,893,144,178,893,1
178,143,875,178,143,875,178,143,875,1
143,144,898,143,144,898,143,144,898,1
144,219,858,144,219,858,144,219,858,1
219,180,898,219,180,898,219,180,898,1
180,139,881,180,139,881,180,139,881,1
139,191,903,139,191,903,139,191,903,1
191,139,897,191,139,897,191,139,897,1
139,136,929,139,136,929,139,136,929,1
136,215,886,136,215,886,136,215,886,1
215,202,945,215,202,945,215,202,945,1
202,147,928,202,147,928,202,147,928,1
147,189,954,147,189,954,147,189,954,1
189,137,939,189,137,939,189,137,939,1
137,214,959,137,214,959,137,214,959,1
214,137,952,214,137,952,214,137,952,1
137,177,960,137,177,960,137,177,960,1
177,222,918,177,222,918,177,222,918,1
222,191,945,222,191,945,222,191,945,1
191,148,935,191,148,935,191,148,935,1
148,194,955,148,194,955,148,194,955,1
194,144,943,194,144,943,194,144,943,1
144,203,975,144,203,975,144,203,975,1
203,144,965,203,144,965,203,144,965,1
144,203,980,144,203,980,144,203,980,1
203,145,956,203,145,956,203,145,956,1
145,182,975,145,182,975,145,182,975,1
182,143,957,182,143,957,182,143,957,1
143,124,976,143,124,976,143,124,976,1
124,215,968,124,215,968,124,215,968,1
215,207,1084,215,207,1084,215,207,1084,1
207,149,1053,207,149,1053,207,149,1053,1
149,200,1053,149,200,1053,149,200,1053,1
200,138,982,200,138,982,200,138,982,1
138,181,978,138,181,978,138,181,978,1
181,142,930,181,142,930,181,142,930,1
142,227,918,142,227,918,142,227,918,1
227,136,890,227,136,890,227,136,890,1
136,208,909,136,208,909,136,208,909,1
208,139,860,208,139,860,208,139,860,1
139,186,896,139,186,896,139,186,896,1
186,142,880,186,142,880,186,142,880,1
142,225,906,142,225,906,142,225,906,1
225,142,890,225,142,890,225,142,890,1
142,162,897,142,162,897,142,162,897,1
162,211,887,162,211,887,162,211,887,1
211,175,981,211,175,981,211,175,981,1
175,140,964,175,140,964,175,140,964,1
140,188,980,140,188,980,140,188,980,1
188,145,928,188,145,928,188,145,928,1
145,161,927,145,161,927,145,161,927,1
161,225,883,161,225,883,161,225,883,1
225,227,931,225,227,931,225,227,931,1
227,146,918,227,146,918,227,146,918,1
146,178,922,146,178,922,146,178,922,1
178,145,893,178,145,893,178,145,893,1
145,147,903,145,147,903,145,147,903,1
147,225,858,147,225,858,147,225,858,1
225,172,900,225,172,900,225,172,900,1
172,215,870,172,215,870,172,215,870,1
215,197,915,215,197,915,215,197,915,1
197,140,897,197,140,897,197,140,897,1
140,198,912,140,198,912,140,198,912,1
198,139,889,198,139,889,198,139,889,1
139,149,926,139,149,926,139,149,926,1
149,223,877,149,223,877,149,223,877,1
223,145,957,223,145,957,223,145,957,1
145,222,965,145,222,965,145,222,965,1
222,172,1027,222,172,1027,222,172,1027,1
172,140,1015,172,140,1015,172,140,1015,1
140,194,1031,140,194,1031,140,194,1031,1
194,144,1000,194,144,1000,194,144,1000,1
144,214,991,144,214,991,144,214,991,1
214,140,930,214,140,930,214,140,930,1
140,189,931,140,189,931,140,189,931,1
189,141,875,189,141,875,189,141,875,1
141,162,897,141,162,897,141,162,897,1
162,143,862,162,143,862,162,143,862,1
143,174,888,143,174,888,143,174,888,1
174,146,858,174,146,858,174,146,858,1
146,199,892,146,199,892,146,199,892,1
199,149,874,199,149,874,199,149,874,1
149,176,902,149,176,902,149,176,902,1
176,141,941,176,141,941,176,141,941,1
141,178,987,141,178,987,141,178,987,1
178,139,960,178,139,960,178,139,960,1
139,209,968,139,209,968,139,209,968,1
209,146,910,209,146,910,209,146,910,1
146,209,915,146,209,915,146,209,915,1
209,145,869,209,145,869,209,145,869,1
145,176,872,145,176,872,145,176,872,1
176,139,844,176,139,844,176,139,844,1
139,128,864,139,128,864,139,128,864,1
128,225,810,128,225,810,128,225,810,1
225,146,851,225,146,851,225,146,851,1
146,222,812,146,222,812,146,222,812,1
222,187,868,222,187,868,222,187,868,1
187,140,863,187,140,863,187,140,863,1
140,123,897,140,123,897,140,123,897,1
123,212,881,123,212,881,123,212,881,1
212,171,1010,212,171,1010,212,171,1010,1
171,225,968,171,225,968,171,225,968,1
225,213,995,225,213,995,225,213,995,1
213,144,945,213,144,945,213,144,945,1
144,172,943,144,172,943,144,172,943,1
172,133,896,172,133,896,172,133,896,1
133,179,927,133,179,927,133,179,927,1
179,137,890,179,137,890,179,137,890,1
137,192,913,137,192,913,137,192,913,1
192,139,871,192,139,871,192,139,871,1
139,173,935,139,173,935,139,173,935,1
173,140,911,173,140,911,173,140,911,1
140,175,948,140,175,948,140,175,948,1
175,137,887,175,137,887,175,137,887,1
137,194,932,137,194,932,137,194,932,1
194,140,892,194,140,892,194,140,892,1
140,198,925,140,198,925,140,198,925,1
198,141,893,198,141,893,198,141,893,1
141,189,919,141,189,919,141,189,919,1
189,136,882,189,136,882,189,136,882,1
136,211,902,136,211,902,136,211,902,1
211,135,870,211,135,870,211,135,870,1
135,149,921,135,149,921,135,149,921,1
149,214,871,149,214,871,149,214,871,1
214,188,933,214,188,933,214,188,933,1
188,136,913,188,136,913,188,136,913,1
136,186,937,136,186,937,136,186,937,1
186,146,914,186,146,914,186,146,914,1
146,152,947,146,152,947,146,152,947,1
152,214,910,152,214,910,152,214,910,1
214,215,1012,214,215,1012,214,215,1012,1
215,142,966,215,142,966,215,142,966,1
142,186,977,142,186,977,142,186,977,1
186,150,915,186,150,915,186,150,915,1
150,195,920,150,195,920,150,195,920,1
195,146,870,195,146,870,195,146,870,1
146,153,907,146,153,907,146,153,907,1
153,215,858,153,215,858,153,215,858,1
215,183,911,215,183,911,215,183,911,1
183,141,916,183,141,916,183,141,916,1
141,169,938,141,169,938,141,169,938,1
169,144,917,169,144,917,169,144,917,1
144,188,969,144,188,969,144,188,969,1
188,146,941,188,146,941,188,146,941,1
146,181,975,146,181,975,146,181,975,1
181,144,943,181,144,943,181,144,943,1
144,158,976,144,158,976,144,158,976,1
158,142,940,158,142,940,158,142,940,1
142,168,959,142,168,959,142,168,959,1
168,146,925,168,146,925,168,146,925,1
146,187,960,146,187,960,146,187,960,1
187,143,917,187,143,917,187,143,917,1
143,186,954,143,186,954,143,186,954,1
186,142,939,186,142,939,186,142,939,1
142,168,971,142,168,971,142,168,971,1
168,143,949,168,143,949,168,143,949,1
143,188,971,143,188,971,143,188,971,1
188,141,966,188,141,966,188,141,966,1
141,180,1012,141,180,1012,141,180,1012,1
180,216,956,180,216,956,180,216,956,1
216,216,1002,216,216,1002,216,216,1002,1
216,140,964,216,140,964,216,140,964,1
140,194,965,140,194,965,140,194,965,1
194,145,940,194,145,940,194,145,940,1
145,225,965,145,225,965,145,225,965,1
225,138,915,225,138,915,225,138,915,1
138,208,944,138,208,944,138,208,944,1
208,138,906,208,138,906,208,138,906,1
138,170,937,138,170,937,138,170,937,1
170,142,910,170,142,910,170,142,910,1
142,202,955,142,202,955,142,202,955,1
202,144,932,202,144,932,202,144,932,1
144,177,978,144,177,978,144,177,978,1
177,232,971,177,232,971,177,232,971,1
232,191,1008,232,191,1008,232,191,1008,1
191,147,959,191,147,959,191,147,959,1
147,194,959,147,194,959,147,194,959,1
194,143,913,194,143,913,194,143,913,1
143,141,938,143,141,938,143,141,938,1
141,228,898,141,228,898,141,228,898,1
228,203,968,228,203,968,228,203,968,1
203,141,928,203,141,928,203,141,928,1
141,169,945,141,169,945,141,169,945,1
169,140,901,169,140,901,169,140,901,1
140,197,927,140,197,927,140,197,927,1
197,139,888,197,139,888,197,139,888,1
139,210,931,139,210,931,139,210,931,1
210,148,899,210,148,899,210,148,899,1
148,199,935,148,199,935,148,199,935,1
199,139,924,199,139,924,199,139,924,1
139,176,949,139,176,949,139,176,949,1
176,135,932,176,135,932,176,135,932,1
135,199,985,135,199,985,135,199,985,1
199,147,946,199,147,946,199,147,946,1
147,222,954,147,222,954,147,222,954,1
222,140,891,222,140,891,222,140,891,1
140,193,917,140,193,917,140,193,917,1
193,134,876,193,134,876,193,134,876,1
134,169,908,134,169,908,134,169,908,1
169,138,870,169,138,870,169,138,870,1
138,144,921,138,144,921,138,144,921,1
144,220,872,144,220,872,144,220,872,1
220,153,952,220,153,952,220,153,952,1
153,231,961,153,231,961,153,231,961,1
231,181,1027,231,181,1027,231,181,1027,1
181,142,978,181,142,978,181,142,978,1
142,200,970,142,200,970,142,200,970,1
200,141,912,200,141,912,200,141,912,1
141,238,927,141,238,927,141,238,927,1
238,146,901,238,146,901,238,146,901,1
146,136,915,146,136,915,146,136,915,1
136,221,870,136,221,870,136,221,870,1
221,169,924,221,169,924,221,169,924,1
169,142,947,169,142,947,169,142,947,1
142,168,987,142,168,987,142,168,987,1
168,136,966,168,136,966,168,136,966,1
136,179,997,136,179,997,136,179,997,1
179,142,949,179,142,949,179,142,949,1
142,173,949,142,173,949,142,173,949,1
173,138,914,173,138,914,173,138,914,1
138,160,923,138,160,923,138,160,923,1
160,135,891,160,135,891,160,135,891,1
135,182,928,135,182,928,135,182,928,1
182,141,894,182,141,894,182,141,894,1
141,205,940,141,205,940,141,205,940,1
205,144,919,205,144,919,205,144,919,1
144,181,947,144,181,947,144,181,947,1
181,140,904,181,140,904,181,140,904,1
140,196,946,140,196,946,140,196,946,1
196,139,930,196,139,930,196,139,930,1
139,292,957,139,292,957,139,292,957,1
292,150,931,292,150,931,292,150,931,1
150,220,938,150,220,938,150,220,938,1
220,147,932,220,147,932,220,147,932,1
147,226,946,147,226,946,147,226,946,1
226,144,927,226,144,927,226,144,927,1
144,162,950,144,162,950,144,162,950,1
162,222,884,162,222,884,162,222,884,1
222,235,933,222,235,933,222,235,933,1
235,148,905,235,148,905,235,148,905,1
148,209,935,148,209,935,148,209,935,1
209,141,910,209,141,910,209,141,910,1
141,235,943,141,235,943,141,235,943,1
235,140,906,235,140,906,235,140,906,1
140,230,938,140,230,938,140,230,938,1
230,145,914,230,145,914,230,145,914,1
145,209,937,145,209,937,145,209,937,1
209,149,925,209,149,925,209,149,925,1
149,152,942,149,152,942,149,152,942,1
152,217,911,152,217,911,152,217,911,1
217,152,961,217,152,961,217,152,961,1
152,220,910,152,220,910,152,220,910,1
220,222,955,220,222,955,220,222,955,1
222,150,926,222,150,926,222,150,926,1
150,201,947,150,201,947,150,201,947,1
201,146,933,201,146,933,201,146,933,1
146,213,1000,146,213,1000,146,213,1000,1
213,140,990,213,140,990,213,140,990,1
140,223,1007,140,223,1007,140,223,1007,1
223,146,942,223,146,942,223,146,942,1
146,199,953,146,199,953,146,199,953,1
199,149,917,199,149,917,199,149,917,1
149,204,939,149,204,939,149,204,939,1
204,144,906,204,144,906,204,144,906,1
144,213,925,144,213,925,144,213,925,1
213,147,880,213,147,880,213,147,880,1
147,139,887,147,139,887,147,139,887,1
139,224,865,139,224,865,139,224,865,1
224,188,918,224,188,918,224,188,918,1
188,145,898,188,145,898,188,145,898,1
145,191,918,145,191,918,145,191,918,1
191,146,893,191,146,893,191,146,893,1
146,141,927,146,141,927,146,141,927,1
141,222,880,141,222,880,141,222,880,1
222,138,924,222,138,924,222,138,924,1
138,223,872,138,223,872,138,223,872,1
223,188,929,223,188,929,223,188,929,1
188,144,917,188,144,917,188,144,917,1
144,196,939,144,196,939,144,196,939,1
196,143,947,196,143,947,196,143,947,1
143,150,984,143,150,984,143,150,984,1
150,222,930,150,222,930,150,222,930,1
222,207,957,222,207,957,222,207,957,1
207,143,909,207,143,909,207,143,909,1
143,179,917,143,179,917,143,179,917,1
179,142,897,179,142,897,179,142,897,1
142,180,911,142,180,911,142,180,911,1
180,138,885,180,138,885,180,138,885,1
138,193,922,138,193,922,138,193,922,1
193,140,906,193,140,906,193,140,906,1
140,171,922,140,171,922,140,171,922,1
171,142,898,171,142,898,171,142,898,1
142,175,938,142,175,938,142,175,938,1
175,136,912,175,136,912,175,136,912,1
136,178,954,136,178,954,136,178,954,1
178,136,914,178,136,914,178,136,914,1
136,187,956,136,187,956,136,187,956,1
187,144,904,187,144,904,187,144,904,1
144,172,944,144,172,944,144,172,944,1
172,142,922,172,142,922,172,142,922,1
142,200,952,142,200,952,142,200,952,1
200,138,938,200,138,938,200,138,938,1
138,218,981,138,218,981,138,218,981,1
218,140,927,218,140,927,218,140,927,1
140,214,953,140,214,953,140,214,953,1
214,138,911,214,138,911,214,138,911,1
138,182,962,138,182,962,138,182,962,1
182,142,972,182,142,972,182,142,972,1
142,194,1043,142,194,1043,142,194,1043,1
194,140,977,194,140,977,194,140,977,1
140,180,990,140,180,990,140,180,990,1
180,136,915,180,136,915,180,136,915,1
136,169,942,136,169,942,136,169,942,1
169,141,876,169,141,876,169,141,876,1
141,175,907,141,175,907,141,175,907,1
175,137,873,175,137,873,175,137,873,1
137,180,911,137,180,911,137,180,911,1
180,136,885,180,136,885,180,136,885,1
136,161,916,136,161,916,136,161,916,1
161,134,873,161,134,873,161,134,873,1
134,165,917,134,165,917,134,165,917,1
165,135,867,165,135,867,165,135,867,1
135,181,910,135,181,910,135,181,910,1
181,141,871,181,141,871,181,141,871,1
141,159,889,141,159,889,141,159,889,1
159,135,876,159,135,876,159,135,876,1
135,155,939,135,155,939,135,155,939,1
155,137,898,155,137,898,155,137,898,1
137,163,950,137,163,950,137,163,950,1
163,137,905,163,137,905,163,137,905,1
137,175,959,137,175,959,137,175,959,1
175,144,922,175,144,922,175,144,922,1
144,164,956,144,164,956,144,164,956,1
164,138,905,164,138,905,164,138,905,1
138,204,962,138,204,962,138,204,962,1
204,140,918,204,140,918,204,140,918,1
140,220,954,140,220,954,140,220,954,1
220,143,933,220,143,933,220,143,933,1
143,202,962,143,202,962,143,202,962,1
202,143,924,202,143,924,202,143,924,1
143,156,962,143,156,962,143,156,962,1
156,221,909,156,221,909,156,221,909,1
221,145,962,221,145,962,221,145,962,1
145,213,917,145,213,917,145,213,917,1
213,197,955,213,197,955,213,197,955,1
197,140,916,197,140,916,197,140,916,1
140,212,950,140,212,950,140,212,950,1
212,139,926,212,139,926,212,139,926,1
139,186,945,139,186,945,139,186,945,1
186,137,907,186,137,907,186,137,907,1
137,169,958,137,169,958,137,169,958,1
169,134,927,169,134,927,169,134,927,1
134,165,962,134,165,962,134,165,962,1
165,133,933,165,133,933,165,133,933,1
133,187,975,133,187,975,133,187,975,1
187,140,938,187,140,938,187,140,938,1
140,140,987,140,140,987,140,140,987,1
140,214,935,140,214,935,140,214,935,1
214,209,985,214,209,985,214,209,985,1
209,134,956,209,134,956,209,134,956,1
134,211,989,134,211,989,134,211,989,1
211,146,954,211,146,954,211,146,954,1
146,175,987,146,175,987,146,175,987,1
175,221,931,175,221,931,175,221,931,1
221,183,968,221,183,968,221,183,968,1
183,212,924,183,212,924,183,212,924,1
212,224,966,212,224,966,212,224,966,1
224,140,927,224,140,927,224,140,927,1
140,153,955,140,153,955,140,153,955,1
153,220,914,153,220,914,153,220,914,1
220,162,963,220,162,963,220,162,963,1
162,218,910,162,218,910,162,218,910,1
218,212,948,218,212,948,218,212,948,1
212,138,908,212,138,908,212,138,908,1
138,186,941,138,186,941,138,186,941,1
186,146,911,186,146,911,186,146,911,1
146,147,944,146,147,944,146,147,944,1
147,216,907,147,216,907,147,216,907,1
216,160,959,216,160,959,216,160,959,1
160,215,921,160,215,921,160,215,921,1
215,194,970,215,194,970,215,194,970,1
194,142,938,194,142,938,194,142,938,1
142,176,972,142,176,972,142,176,972,1
176,145,943,176,145,943,176,145,943,1
145,140,965,145,140,965,145,140,965,1
140,221,911,140,221,911,140,221,911,1
221,140,966,221,140,966,221,140,966,1
140,212,919,140,212,919,140,212,919,1
212,183,978,212,183,978,212,183,978,1
183,142,954,183,142,954,183,142,954,1
142,191,989,142,191,989,142,191,989,1
191,143,979,191,143,979,191,143,979,1
143,203,994,143,203,994,143,203,994,1
203,143,951,203,143,951,203,143,951,1
143,180,977,143,180,977,143,180,977,1
180,137,942,180,137,942,180,137,942,1
137,168,965,137,168,965,137,168,965,1
168,135,931,168,135,931,168,135,931,1
135,206,961,135,206,961,135,206,961,1
206,140,929,206,140,929,206,140,929,1
140,153,964,140,153,964,140,153,964,1
153,216,918,153,216,918,153,216,918,1
216,190,964,216,190,964,216,190,964,1
190,136,939,190,136,939,190,136,939,1
136,224,963,136,224,963,136,224,963,1
224,147,955,224,147,955,224,147,955,1
147,227,975,147,227,975,147,227,975,1
227,145,947,227,145,947,227,145,947,1
145,170,963,145,170,963,145,170,963,1
170,140,924,170,140,924,170,140,924,1
140,170,957,140,170,957,140,170,957,1
170,146,939,170,146,939,170,146,939,1
146,189,989,146,189,989,146,189,989,1
189,148,1023,189,148,1023,189,148,1023,1
148,181,1094,148,181,1094,148,181,1094,1
181,144,1056,181,144,1056,181,144,1056,1
144,164,1059,144,164,1059,144,164,1059,1
164,143,986,164,143,986,164,143,986,1
143,175,981,143,175,981,143,175,981,1
175,139,917,175,139,917,175,139,917,1
139,197,953,139,197,953,139,197,953,1
197,148,896,197,148,896,197,148,896,1
148,175,909,148,175,909,148,175,909,1
175,141,865,175,141,865,175,141,865,1
141,210,907,141,210,907,141,210,907,1
210,140,877,210,140,877,210,140,877,1
140,175,920,140,175,920,140,175,920,1
175,217,859,175,217,859,175,217,859,1
217,216,920,217,216,920,217,216,920,1
216,138,881,216,138,881,216,138,881,1
138,194,923,138,194,923,138,194,923,1
194,138,899,194,138,899,194,138,899,1
138,149,954,138,149,954,138,149,954,1
149,212,910,149,212,910,149,212,910,1
212,239,956,212,239,956,212,239,956,1
239,146,934,239,146,934,239,146,934,1
146,198,945,146,198,945,146,198,945,1
198,139,903,198,139,903,198,139,903,1
139,201,942,139,201,942,139,201,942,1
201,143,910,201,143,910,201,143,910,1
143,141,948,143,141,948,143,141,948,1
141,223,892,141,223,892,141,223,892,1
223,186,945,223,186,945,223,186,945,1
186,141,922,186,141,922,186,141,922,1
141,176,955,141,176,955,141,176,955,1
176,144,931,176,144,931,176,144,931,1
144,195,961,144,195,961,144,195,961,1
195,143,950,195,143,950,195,143,950,1
143,167,1041,143,167,1041,143,167,1041,1
167,218,1026,167,218,1026,167,218,1026,1
218,240,1063,218,240,1063,218,240,1063,1
240,143,988,240,143,988,240,143,988,1
143,207,976,143,207,976,143,207,976,1
207,138,922,207,138,922,207,138,922,1
138,205,926,138,205,926,138,205,926,1
205,139,884,205,139,884,205,139,884,1
139,198,909,139,198,909,139,198,909,1
198,140,867,198,140,867,198,140,867,1
140,174,915,140,174,915,140,174,915,1
174,145,883,174,145,883,174,145,883,1
145,172,924,145,172,924,145,172,924,1
172,137,895,172,137,895,172,137,895,1
137,171,937,137,171,937,137,171,937,1
171,136,905,171,136,905,171,136,905,1
136,200,942,136,200,942,136,200,942,1
200,145,907,200,145,907,200,145,907,1
145,182,935,145,182,935,145,182,935,1
182,140,898,182,140,898,182,140,898,1
140,192,929,140,192,929,140,192,929,1
192,134,908,192,134,908,192,134,908,1
134,157,959,134,157,959,134,157,959,1
157,215,900,157,215,900,157,215,900,1
215,153,956,215,153,956,215,153,956,1
153,220,903,153,220,903,153,220,903,1
220,191,956,220,191,956,220,191,956,1
191,145,915,191,145,915,191,145,915,1
145,219,958,145,219,958,145,219,958,1
219,142,905,219,142,905,219,142,905,1
142,172,940,142,172,940,142,172,940,1
172,222,882,172,222,882,172,222,882,1
222,142,928,222,142,928,222,142,928,1
142,222,898,142,222,898,142,222,898,1
222,190,963,222,190,963,222,190,963,1
190,143,945,190,143,945,190,143,945,1
143,212,975,143,212,975,143,212,975,1
212,139,971,212,139,971,212,139,971,1
139,247,993,139,247,993,139,247,993,1
247,148,957,247,148,957,247,148,957,1
148,203,984,148,203,984,148,203,984,1
203,147,971,203,147,971,203,147,971,1
147,176,984,147,176,984,147,176,984,1
176,143,946,176,143,946,176,143,946,1
143,197,995,143,197,995,143,197,995,1
197,142,958,197,142,958,197,142,958,1
142,213,980,142,213,980,142,213,980,1
213,148,959,213,148,959,213,148,959,1
148,179,971,148,179,971,148,179,971,1
179,145,935,179,145,935,179,145,935,1
145,176,965,145,176,965,145,176,965,1
176,137,936,176,137,936,176,137,936,1
137,129,987,137,129,987,137,129,987,1
129,220,942,129,220,942,129,220,942,1
220,189,1035,220,189,1035,220,189,1035,1
189,147,990,189,147,990,189,147,990,1
147,173,1016,147,173,1016,147,173,1016,1
173,148,956,173,148,956,173,148,956,1
148,187,966,148,187,966,148,187,966,1
187,139,940,187,139,940,187,139,940,1
139,201,963,139,201,963,139,201,963,1
201,140,914,201,140,914,201,140,914,1
140,185,939,140,185,939,140,185,939,1
185,147,890,185,147,890,185,147,890,1
147,182,906,147,182,906,147,182,906,1
182,143,875,182,143,875,182,143,875,1
143,149,920,143,149,920,143,149,920,1
149,212,863,149,212,863,149,212,863,1
212,231,931,212,231,931,212,231,931,1
231,141,913,231,141,913,231,141,913,1
141,184,937,141,184,937,141,184,937,1
184,141,911,184,141,911,184,141,911,1
141,199,946,141,199,946,141,199,946,1
199,138,928,199,138,928,199,138,928,1
138,172,965,138,172,965,138,172,965,1
172,212,912,172,212,912,172,212,912,1
212,188,969,212,188,969,212,188,969,1
188,145,942,188,145,942,188,145,942,1
145,184,977,145,184,977,145,184,977,1
184,140,955,184,140,955,184,140,955,1
140,202,992,140,202,992,140,202,992,1
202,137,961,202,137,961,202,137,961,1
137,216,1000,137,216,1000,137,216,1000,1
216,144,963,216,144,963,216,144,963,1
144,178,985,144,178,985,144,178,985,1
178,136,960,178,136,960,178,136,960,1
136,195,992,136,195,992,136,195,992,1
195,142,954,195,142,954,195,142,954,1
142,204,995,142,204,995,142,204,995,1
204,141,954,204,141,954,204,141,954,1
141,218,984,141,218,984,141,218,984,1
218,143,955,218,143,955,218,143,955,1
143,173,960,143,173,960,143,173,960,1
173,146,940,173,146,940,173,146,940,1
146,203,972,146,203,972,146,203,972,1
203,143,942,203,143,942,203,143,942,1
143,143,984,143,143,984,143,143,984,1
143,212,927,143,212,927,143,212,927,1
212,177,982,212,177,982,212,177,982,1
177,146,935,177,146,935,177,146,935,1
146,162,969,146,162,969,146,162,969,1
162,142,937,162,142,937,162,142,937,1
142,193,983,142,193,983,142,193,983,1
193,143,950,193,143,950,193,143,950,1
143,210,976,143,210,976,143,210,976,1
210,140,943,210,140,943,210,140,943,1
140,179,976,140,179,976,140,179,976,1
179,140,933,179,140,933,179,140,933,1
140,182,966,140,182,966,140,182,966,1
182,146,947,182,146,947,182,146,947,1
146,162,981,146,162,981,146,162,981,1
162,221,915,162,221,915,162,221,915,1
221,230,968,221,230,968,221,230,968,1
230,140,945,230,140,945,230,140,945,1
140,188,953,140,188,953,140,188,953,1
188,139,923,188,139,923,188,139,923,1
139,202,956,139,202,956,139,202,956,1
202,145,932,202,145,932,202,145,932,1
145,197,946,145,197,946,145,197,946,1
197,139,923,197,139,923,197,139,923,1
139,192,947,139,192,947,139,192,947,1
192,136,914,192,136,914,192,136,914,1
136,165,953,136,165,953,136,165,953,1
165,142,927,165,142,927,165,142,927,1
142,193,955,142,193,955,142,193,955,1
193,142,944,193,142,944,193,142,944,1
142,254,968,142,254,968,142,254,968,1
254,138,935,254,138,935,254,138,935,1
138,204,963,138,204,963,138,204,963,1
204,143,926,204,143,926,204,143,926,1
143,174,958,143,174,958,143,174,958,1
174,144,923,174,144,923,174,144,923,1
144,203,965,144,203,965,144,203,965,1
203,148,924,203,148,924,203,148,924,1
148,219,956,148,219,956,148,219,956,1
219,145,957,219,145,957,219,145,957,1
145,168,990,145,168,990,145,168,990,1
168,142,947,168,142,947,168,142,947,1
142,176,984,142,176,984,142,176,984,1
176,148,953,176,148,953,176,148,953,1
148,199,997,148,199,997,148,199,997,1
199,147,980,199,147,980,199,147,980,1
147,195,1007,147,195,1007,147,195,1007,1
195,144,951,195,144,951,195,144,951,1
144,162,956,144,162,956,144,162,956,1
162,141,896,162,141,896,162,141,896,1
141,179,919,141,179,919,141,179,919,1
179,143,886,179,143,886,179,143,886,1
143,202,912,143,202,912,143,202,912,1
202,146,872,202,146,872,202,146,872,1
146,173,916,146,173,916,146,173,916,1
173,141,869,173,141,869,173,141,869,1
141,162,905,141,162,905,141,162,905,1
162,137,879,162,137,879,162,137,879,1
137,187,915,137,187,915,137,187,915,1
187,148,898,187,148,898,187,148,898,1
148,196,947,148,196,947,148,196,947,1
196,143,909,196,143,909,196,143,909,1
143,181,938,143,181,938,143,181,938,1
181,140,892,181,140,892,181,140,892,1
140,166,919,140,166,919,140,166,919,1
166,144,883,166,144,883,166,144,883,1
144,187,904,144,187,904,144,187,904,1
187,143,876,187,143,876,187,143,876,1
143,156,908,143,156,908,143,156,908,1
156,216,861,156,216,861,156,216,861,1
216,219,903,216,219,903,216,219,903,1
219,140,874,219,140,874,219,140,874,1
140,188,900,140,188,900,140,188,900,1
188,145,903,188,145,903,188,145,903,1
145,241,925,145,241,925,145,241,925,1
241,146,919,241,146,919,241,146,919,1
146,223,940,146,223,940,146,223,940,1
223,137,921,223,137,921,223,137,921,1
137,192,948,137,192,948,137,192,948,1
192,145,918,192,145,918,192,145,918,1
145,195,949,145,195,949,145,195,949,1
195,149,927,195,149,927,195,149,927,1
149,219,957,149,219,957,149,219,957,1
219,146,941,219,146,941,219,146,941,1
146,183,968,146,183,968,146,183,968,1
183,140,929,183,140,929,183,140,929,1
140,161,967,140,161,967,140,161,967,1
161,141,930,161,141,930,161,141,930,1
141,186,963,141,186,963,141,186,963,1
186,148,926,186,148,926,186,148,926,1
148,208,968,148,208,968,148,208,968,1
208,143,929,208,143,929,208,143,929,1
143,174,963,143,174,963,143,174,963,1
174,140,916,174,140,916,174,140,916,1
140,173,951,140,173,951,140,173,951,1
173,139,927,173,139,927,173,139,927,1
139,222,972,139,222,972,139,222,972,1
222,139,937,222,139,937,222,139,937,1
139,243,961,139,243,961,139,243,961,1
243,139,937,243,139,937,243,139,937,1
139,191,951,139,191,951,139,191,951,1
191,140,930,191,140,930,191,140,930,1
140,207,964,140,207,964,140,207,964,1
207,145,948,207,145,948,207,145,948,1
145,183,973,145,183,973,145,183,973,1
183,214,912,183,214,912,183,214,912,1
214,202,954,214,202,954,214,202,954,1
202,137,910,202,137,910,202,137,910,1
137,175,936,137,175,936,137,175,936,1
175,144,893,175,144,893,175,144,893,1
144,211,934,144,211,934,144,211,934,1
211,149,900,211,149,900,211,149,900,1
149,154,932,149,154,932,149,154,932,1
154,224,901,154,224,901,154,224,901,1
224,192,998,224,192,998,224,192,998,1
192,140,973,192,140,973,192,140,973,1
140,164,998,140,164,998,140,164,998,1
164,140,945,164,140,945,164,140,945,1
140,213,989,140,213,989,140,213,989,1
213,145,942,213,145,942,213,145,942,1
145,147,968,145,147,968,145,147,968,1
147,217,902,147,217,902,147,217,902,1
217,217,947,217,217,947,217,217,947,1
217,140,916,217,140,916,217,140,916,1
140,197,936,140,197,936,140,197,936,1
197,137,900,197,137,900,197,137,900,1
137,234,946,137,234,946,137,234,946,1
234,150,918,234,150,918,234,150,918,1
150,177,945,150,177,945,150,177,945,1
177,218,905,177,218,905,177,218,905,1
218,132,942,218,132,942,218,132,942,1
132,218,910,132,218,910,132,218,910,1
218,179,1010,218,179,1010,218,179,1010,1
179,147,1014,179,147,1014,179,147,1014,1
147,212,1059,147,212,1059,147,212,1059,1
212,147,998,212,147,998,212,147,998,1
147,199,1005,147,199,1005,147,199,1005,1
199,141,952,199,141,952,199,141,952,1
141,176,964,141,176,964,141,176,964,1
176,144,903,176,144,903,176,144,903,1
144,166,925,144,166,925,144,166,925,1
166,139,892,166,139,892,166,139,892,1
139,197,935,139,197,935,139,197,935,1
197,140,887,197,140,887,197,140,887,1
140,205,930,140,205,930,140,205,930,1
205,140,895,205,140,895,205,140,895,1
140,175,936,140,175,936,140,175,936,1
175,140,888,175,140,888,175,140,888,1
140,183,929,140,183,929,140,183,929,1
183,148,896,183,148,896,183,148,896,1
148,206,934,148,206,934,148,206,934,1
206,144,921,206,144,921,206,144,921,1
144,233,978,144,233,978,144,233,978,1
233,141,947,233,141,947,233,141,947,1
141,198,969,141,198,969,141,198,969,1
198,138,912,198,138,912,198,138,912,1
138,161,949,138,161,949,138,161,949,1
161,221,891,161,221,891,161,221,891,1
221,166,940,221,166,940,221,166,940,1
166,214,887,166,214,887,166,214,887,1
214,190,941,214,190,941,214,190,941,1
190,139,908,190,139,908,190,139,908,1
139,175,930,139,175,930,139,175,930,1
175,140,904,175,140,904,175,140,904,1
140,182,949,140,182,949,140,182,949,1
182,141,914,182,141,914,182,141,914,1
141,187,943,141,187,943,141,187,943,1
187,138,905,187,138,905,187,138,905,1
138,169,944,138,169,944,138,169,944,1
169,142,907,169,142,907,169,142,907,1
142,174,936,142,174,936,142,174,936,1
174,140,913,174,140,913,174,140,913,1
140,194,955,140,194,955,140,194,955,1
194,146,923,194,146,923,194,146,923,1
146,197,991,146,197,991,146,197,991,1
197,138,995,197,138,995,197,138,995,1
138,169,1030,138,169,1030,138,169,1030,1
169,139,968,169,139,968,169,139,968,1
139,174,983,139,174,983,139,174,983,1
174,141,927,174,141,927,174,141,927,1
141,192,960,141,192,960,141,192,960,1
192,139,913,192,139,913,192,139,913,1
139,198,927,139,198,927,139,198,927,1
198,137,893,198,137,893,198,137,893,1
137,167,915,137,167,915,137,167,915,1
167,138,879,167,138,879,167,138,879,1
138,128,915,138,128,915,138,128,915,1
128,211,870,128,211,870,128,211,870,1
211,158,935,211,158,935,211,158,935,1
158,223,875,158,223,875,158,223,875,1
223,213,927,223,213,927,223,213,927,1
213,143,890,213,143,890,213,143,890,1
143,187,913,143,187,913,143,187,913,1
187,143,894,187,143,894,187,143,894,1
143,196,920,143,196,920,143,196,920,1
196,150,915,196,150,915,196,150,915,1
150,183,958,150,183,958,150,183,958,1
183,144,933,183,144,933,183,144,933,1
144,165,956,144,165,956,144,165,956,1
165,138,896,165,138,896,165,138,896,1
138,163,922,138,163,922,138,163,922,1
163,143,880,163,143,880,163,143,880,1
143,185,921,143,185,921,143,185,921,1
185,143,902,185,143,902,185,143,902,1
143,211,932,143,211,932,143,211,932,1
211,146,906,211,146,906,211,146,906,1
146,175,938,146,175,938,146,175,938,1
175,139,913,175,139,913,175,139,913,1
139,165,940,139,165,940,139,165,940,1
165,138,905,165,138,905,165,138,905,1
138,190,962,138,190,962,138,190,962,1
190,145,930,190,145,930,190,145,930,1
145,164,957,145,164,957,145,164,957,1
164,136,911,164,136,911,164,136,911,1
136,160,957,136,160,957,136,160,957,1
160,132,913,160,132,913,160,132,913,1
132,169,947,132,169,947,132,169,947,1
169,138,900,169,138,900,169,138,900,1
138,139,942,138,139,942,138,139,942,1
139,219,869,139,219,869,139,219,869,1
219,206,929,219,206,929,219,206,929,1
206,145,907,206,145,907,206,145,907,1
145,178,935,145,178,935,145,178,935,1
178,143,908,178,143,908,178,143,908,1
143,177,946,143,177,946,143,177,946,1
177,216,900,177,216,900,177,216,900,1
216,248,958,216,248,958,216,248,958,1
248,144,942,248,144,942,248,144,942,1
144,186,956,144,186,956,144,186,956,1
186,139,925,186,139,925,186,139,925,1
139,201,974,139,201,974,139,201,974,1
201,135,947,201,135,947,201,135,947,1
135,223,977,135,223,977,135,223,977,1
223,137,946,223,137,946,223,137,946,1
137,196,974,137,196,974,137,196,974,1
196,141,923,196,141,923,196,141,923,1
141,174,945,141,174,945,141,174,945,1
174,137,901,174,137,901,174,137,901,1
137,182,927,137,182,927,137,182,927,1
182,131,904,182,131,904,182,131,904,1
131,205,933,131,205,933,131,205,933,1
205,143,903,205,143,903,205,143,903,1
143,185,936,143,185,936,143,185,936,1
185,139,897,185,139,897,185,139,897,1
139,162,930,139,162,930,139,162,930,1
162,137,879,162,137,879,162,137,879,1
137,169,927,137,169,927,137,169,927,1
169,135,909,169,135,909,169,135,909,1
135,199,962,135,199,962,135,199,962,1
199,136,941,199,136,941,199,136,941,1
136,174,977,136,174,977,136,174,977,1
174,140,930,174,140,930,174,140,930,1
140,173,973,140,173,973,140,173,973,1
173,135,926,173,135,926,173,135,926,1
135,194,967,135,194,967,135,194,967,1
194,134,942,194,134,942,194,134,942,1
134,164,981,134,164,981,134,164,981,1
164,220,932,164,220,932,164,220,932,1
220,211,1002,220,211,1002,220,211,1002,1
211,137,982,211,137,982,211,137,982,1
137,178,996,137,178,996,137,178,996,1
178,134,951,178,134,951,178,134,951,1
134,188,981,134,188,981,134,188,981,1
188,139,927,188,139,927,188,139,927,1
139,193,970,139,193,970,139,193,970,1
193,142,923,193,142,923,193,142,923,1
142,175,970,142,175,970,142,175,970,1
175,145,929,175,145,929,175,145,929,1
145,159,943,145,159,943,145,159,943,1
159,134,914,159,134,914,159,134,914,1
134,160,967,134,160,967,134,160,967,1
160,136,923,160,136,923,160,136,923,1
136,155,975,136,155,975,136,155,975,1
155,141,935,155,141,935,155,141,935,1
141,158,947,141,158,947,141,158,947,1
158,135,903,158,135,903,158,135,903,1
135,173,949,135,173,949,135,173,949,1
173,135,908,173,135,908,173,135,908,1
135,169,951,135,169,951,135,169,951,1
169,135,914,169,135,914,169,135,914,1
135,174,957,135,174,957,135,174,957,1
174,130,898,174,130,898,174,130,898,1
130,172,958,130,172,958,130,172,958,1
172,136,904,172,136,904,172,136,904,1
136,232,964,136,232,964,136,232,964,1
232,214,901,232,214,901,232,214,901,1
214,202,969,214,202,969,214,202,969,1
202,217,909,202,217,909,202,217,909,1
217,224,959,217,224,959,217,224,959,1
224,146,910,224,146,910,224,146,910,1
146,220,943,146,220,943,146,220,943,1
220,141,919,220,141,919,220,141,919,1
141,157,961,141,157,961,141,157,961,1
157,216,900,157,216,900,157,216,900,1
216,239,960,216,239,960,216,239,960,1
239,144,921,239,144,921,239,144,921,1
144,214,946,144,214,946,144,214,946,1
214,148,910,214,148,910,214,148,910,1
148,229,949,148,229,949,148,229,949,1
229,145,922,229,145,922,229,145,922,1
145,154,954,145,154,954,145,154,954,1
154,218,910,154,218,910,154,218,910,1
218,223,968,218,223,968,218,223,968,1
223,149,968,223,149,968,223,149,968,1
149,207,1000,149,207,1000,149,207,1000,1
207,143,977,207,143,977,207,143,977,1
143,220,1001,143,220,1001,143,220,1001,1
220,139,943,220,139,943,220,139,943,1
139,218,968,139,218,968,139,218,968,1
218,138,925,218,138,925,218,138,925,1
138,183,944,138,183,944,138,183,944,1
183,144,905,183,144,905,183,144,905,1
144,193,937,144,193,937,144,193,937,1
193,138,907,193,138,907,193,138,907,1
138,173,946,138,173,946,138,173,946,1
173,217,901,173,217,901,173,217,901,1
217,209,943,217,209,943,217,209,943,1
209,151,908,209,151,908,209,151,908,1
151,177,930,151,177,930,151,177,930,1
177,141,906,177,141,906,177,141,906,1
141,229,937,141,229,937,141,229,937,1
229,145,907,229,145,907,229,145,907,1
145,224,925,145,224,925,145,224,925,1
224,139,931,224,139,931,224,139,931,1
139,186,930,139,186,930,139,186,930,1
186,142,904,186,142,904,186,142,904,1
142,181,931,142,181,931,142,181,931,1
181,142,923,181,142,923,181,142,923,1
142,208,943,142,208,943,142,208,943,1
208,141,918,208,141,918,208,141,918,1
141,137,951,141,137,951,141,137,951,1
137,223,904,137,223,904,137,223,904,1
223,198,950,223,198,950,223,198,950,1
198,141,918,198,141,918,198,141,918,1
141,175,941,141,175,941,141,175,941,1
175,136,917,175,136,917,175,136,917,1
136,215,952,136,215,952,136,215,952,1
215,143,924,215,143,924,215,143,924,1
143,157,954,143,157,954,143,157,954,1
157,218,926,157,218,926,157,218,926,1
218,157,970,218,157,970,218,157,970,1
157,225,928,157,225,928,157,225,928,1
225,175,962,225,175,962,225,175,962,1
175,141,931,175,141,931,175,141,931,1
141,182,962,141,182,962,141,182,962,1
182,139,935,182,139,935,182,139,935,1
139,196,992,139,196,992,139,196,992,1
196,150,976,196,150,976,196,150,976,1
150,186,985,150,186,985,150,186,985,1
186,142,983,186,142,983,186,142,983,1
142,163,1036,142,163,1036,142,163,1036,1
163,138,1008,163,138,1008,163,138,1008,1
138,177,1037,138,177,1037,138,177,1037,1
177,146,998,177,146,998,177,146,998,1
146,202,1003,146,202,1003,146,202,1003,1
202,147,947,202,147,947,202,147,947,1
147,210,956,147,210,956,147,210,956,1
210,141,916,210,141,916,210,141,916,1
141,177,917,141,177,917,141,177,917,1
177,143,894,177,143,894,177,143,894,1
143,194,903,143,194,903,143,194,903,1
194,143,891,194,143,891,194,143,891,1
143,153,920,143,153,920,143,153,920,1
153,224,872,153,224,872,153,224,872,1
224,207,929,224,207,929,224,207,929,1
207,140,872,207,140,872,207,140,872,1
140,169,905,140,169,905,140,169,905,1
169,139,878,169,139,878,169,139,878,1
139,203,909,139,203,909,139,203,909,1
203,135,887,203,135,887,203,135,887,1
135,167,927,135,167,927,135,167,927,1
167,150,886,167,150,886,167,150,886,1
150,260,906,150,260,906,150,260,906,1
260,140,907,260,140,907,260,140,907,1
140,177,938,140,177,938,140,177,938,1
177,139,915,177,139,915,177,139,915,1
139,197,965,139,197,965,139,197,965,1
197,147,927,197,147,927,197,147,927,1
147,186,965,147,186,965,147,186,965,1
186,139,919,186,139,919,186,139,919,1
139,167,946,139,167,946,139,167,946,1
167,135,905,167,135,905,167,135,905,1
135,178,943,135,178,943,135,178,943,1
178,135,917,178,135,917,178,135,917,1
135,194,965,135,194,965,135,194,965,1
194,135,943,194,135,943,194,135,943,1
135,186,985,135,186,985,135,186,985,1
186,143,948,186,143,948,186,143,948,1
143,167,964,143,167,964,143,167,964,1
167,135,928,167,135,928,167,135,928,1
135,192,973,135,192,973,135,192,973,1
192,135,945,192,135,945,192,135,945,1
135,213,984,135,213,984,135,213,984,1
213,143,946,213,143,946,213,143,946,1
143,129,990,143,129,990,143,129,990,1
129,215,936,129,215,936,129,215,936,1
215,185,1008,215,185,1008,215,185,1008,1
185,133,966,185,133,966,185,133,966,1
133,219,1005,133,219,1005,133,219,1005,1
219,140,946,219,140,946,219,140,946,1
140,190,985,140,190,985,140,190,985,1
190,221,925,190,221,925,190,221,925,1
221,211,955,221,211,955,221,211,955,1
211,148,924,211,148,924,211,148,924,1
148,202,937,148,202,937,148,202,937,1
202,140,915,202,140,915,202,140,915,1
140,138,960,140,138,960,140,138,960,1
138,218,900,138,218,900,138,218,900,1
218,200,975,218,200,975,218,200,975,1
200,146,928,200,146,928,200,146,928,1
146,170,957,146,170,957,146,170,957,1
170,142,925,170,142,925,170,142,925,1
142,194,956,142,194,956,142,194,956,1
194,135,932,194,135,932,194,135,932,1
135,219,941,135,219,941,135,219,941,1
219,137,891,219,137,891,219,137,891,1
137,195,903,137,195,903,137,195,903,1
195,141,852,195,141,852,195,141,852,1
141,187,891,141,187,891,141,187,891,1
187,137,867,187,137,867,187,137,867,1
137,193,924,137,193,924,137,193,924,1
193,138,897,193,138,897,193,138,897,1
138,221,953,138,221,953,138,221,953,1
221,146,920,221,146,920,221,146,920,1
146,196,957,146,196,957,146,196,957,1
196,138,959,196,138,959,196,138,959,1
138,140,1007,138,140,1007,138,140,1007,1
140,211,966,140,211,966,140,211,966,1
211,145,1031,211,145,1031,211,145,1031,1
145,219,980,145,219,980,145,219,980,1
219,198,1014,219,198,1014,219,198,1014,1
198,146,948,198,146,948,198,146,948,1
146,179,965,146,179,965,146,179,965,1
179,144,923,179,144,923,179,144,923,1
144,194,953,144,194,953,144,194,953,1
194,144,910,194,144,910,194,144,910,1
144,190,951,144,190,951,144,190,951,1
190,136,928,190,136,928,190,136,928,1
136,191,959,136,191,959,136,191,959,1
191,146,902,191,146,902,191,146,902,1
146,169,928,146,169,928,146,169,928,1
169,141,887,169,141,887,169,141,887,1
141,177,923,141,177,923,141,177,923,1
177,137,895,177,137,895,177,137,895,1
137,124,945,137,124,945,137,124,945,1
124,222,901,124,222,901,124,222,901,1
222,179,1010,222,179,1010,222,179,1010,1
179,147,976,179,147,976,179,147,976,1
147,166,993,147,166,993,147,166,993,1
166,145,935,166,145,935,166,145,935,1
145,192,961,145,192,961,145,192,961,1
192,142,913,192,142,913,192,142,913,1
142,130,931,142,130,931,142,130,931,1
130,220,872,130,220,872,130,220,872,1
220,212,926,220,212,926,220,212,926,1
212,150,882,212,150,882,212,150,882,1
150,175,911,150,175,911,150,175,911,1
175,139,873,175,139,873,175,139,873,1
139,131,928,139,131,928,139,131,928,1
131,214,871,131,214,871,131,214,871,1
214,150,937,214,150,937,214,150,937,1
150,213,907,150,213,907,150,213,907,1
213,195,963,213,195,963,213,195,963,1
195,141,906,195,141,906,195,141,906,1
141,181,935,141,181,935,141,181,935,1
181,135,910,181,135,910,181,135,910,1
135,195,951,135,195,951,135,195,951,1
195,137,929,195,137,929,195,137,929,1
137,178,967,137,178,967,137,178,967,1
178,143,919,178,143,919,178,143,919,1
143,174,950,143,174,950,143,174,950,1
174,140,941,174,140,941,174,140,941,1
140,194,968,140,194,968,140,194,968,1
194,136,947,194,136,947,194,136,947,1
136,222,994,136,222,994,136,222,994,1
222,138,943,222,138,943,222,138,943,1
138,199,970,138,199,970,138,199,970,1
199,135,925,199,135,925,199,135,925,1
135,128,958,135,128,958,135,128,958,1
128,221,905,128,221,905,128,221,905,1
221,162,978,221,162,978,221,162,978,1
162,218,956,162,218,956,162,218,956,1
218,193,1105,218,193,1105,218,193,1105,1
193,143,1064,193,143,1064,193,143,1064,1
143,176,1077,143,176,1077,143,176,1077,1
176,142,1006,176,142,1006,176,142,1006,1
142,196,1015,142,196,1015,142,196,1015,1
196,140,942,196,140,942,196,140,942,1
140,206,950,140,206,950,140,206,950,1
206,143,904,206,143,904,206,143,904,1
143,191,898,143,191,898,143,191,898,1
191,142,846,191,142,846,191,142,846,1
142,182,870,142,182,870,142,182,870,1
182,143,855,182,143,855,182,143,855,1
143,126,881,143,126,881,143,126,881,1
126,223,839,126,223,839,126,223,839,1
223,208,927,223,208,927,223,208,927,1
208,140,890,208,140,890,208,140,890,1
140,169,912,140,169,912,140,169,912,1
169,142,879,169,142,879,169,142,879,1
142,188,902,142,188,902,142,188,902,1
188,146,890,188,146,890,188,146,890,1
146,188,919,146,188,919,146,188,919,1
188,141,901,188,141,901,188,141,901,1
141,178,946,141,178,946,141,178,946,1
178,141,900,178,141,900,178,141,900,1
141,168,914,141,168,914,141,168,914,1
168,139,883,168,139,883,168,139,883,1
139,192,920,139,192,920,139,192,920,1
192,141,906,192,141,906,192,141,906,1
141,153,936,141,153,936,141,153,936,1
153,216,891,153,216,891,153,216,891,1
216,191,975,216,191,975,216,191,975,1
191,136,940,191,136,940,191,136,940,1
136,172,982,136,172,982,136,172,982,1
172,142,929,172,142,929,172,142,929,1
142,150,959,142,150,959,142,150,959,1
150,218,926,150,218,926,150,218,926,1
218,239,1046,218,239,1046,218,239,1046,1
239,135,1026,239,135,1026,239,135,1026,1
135,193,1034,135,193,1034,135,193,1034,1
193,141,964,193,141,964,193,141,964,1
141,178,971,141,178,971,141,178,971,1
178,142,923,178,142,923,178,142,923,1
142,209,946,142,209,946,142,209,946,1
209,147,915,209,147,915,209,147,915,1
147,125,969,147,125,969,147,125,969,1
125,222,945,125,222,945,125,222,945,1
222,165,990,222,165,990,222,165,990,1
165,137,952,165,137,952,165,137,952,1
137,185,964,137,185,964,137,185,964,1
185,141,928,185,141,928,185,141,928,1
141,194,940,141,194,940,141,194,940,1
194,144,897,194,144,897,194,144,897,1
144,176,926,144,176,926,144,176,926,1
176,141,870,176,141,870,176,141,870,1
141,161,883,141,161,883,141,161,883,1
161,142,868,161,142,868,161,142,868,1
142,167,867,142,167,867,142,167,867,1
167,145,849,167,145,849,167,145,849,1
145,190,903,145,190,903,145,190,903,1
190,146,897,190,146,897,190,146,897,1
146,181,931,146,181,931,146,181,931,1
181,143,890,181,143,890,181,143,890,1
143,156,934,143,156,934,143,156,934,1
156,135,915,156,135,915,156,135,915,1
135,183,948,135,183,948,135,183,948,1
183,142,891,183,142,891,183,142,891,1
142,208,926,142,208,926,142,208,926,1
208,139,878,208,139,878,208,139,878,1
139,180,915,139,180,915,139,180,915,1
180,142,862,180,142,862,180,142,862,1
142,158,886,142,158,886,142,158,886,1
158,138,877,158,138,877,158,138,877,1
138,174,918,138,174,918,138,174,918,1
174,144,900,174,144,900,174,144,900,1
144,182,962,144,182,962,144,182,962,1
182,151,946,182,151,946,182,151,946,1
151,162,960,151,162,960,151,162,960,1
162,139,929,162,139,929,162,139,929,1
139,158,951,139,158,951,139,158,951,1
158,133,924,158,133,924,158,133,924,1
133,172,967,133,172,967,133,172,967,1
172,141,968,172,141,968,172,141,968,1
141,151,1019,141,151,1019,141,151,1019,1
151,212,962,151,212,962,151,212,962,1
212,187,1013,212,187,1013,212,187,1013,1
187,132,949,187,132,949,187,132,949,1
132,168,965,132,168,965,132,168,965,1
168,137,923,168,137,923,168,137,923,1
137,189,964,137,189,964,137,189,964,1
189,142,923,189,142,923,189,142,923,1
142,191,976,142,191,976,142,191,976,1
191,147,951,191,147,951,191,147,951,1
147,171,1018,147,171,1018,147,171,1018,1
171,142,1007,171,142,1007,171,142,1007,1
142,157,1036,142,157,1036,142,157,1036,1
157,132,990,157,132,990,157,132,990,1
132,186,1001,132,186,1001,132,186,1001,1
186,141,927,186,141,927,186,141,927,1
141,223,959,141,223,959,141,223,959,1
223,139,910,223,139,910,223,139,910,1
139,196,934,139,196,934,139,196,934,1
196,136,869,196,136,869,196,136,869,1
136,168,895,136,168,895,136,168,895,1
168,141,849,168,141,849,168,141,849,1
141,179,901,141,179,901,141,179,901,1
179,144,883,179,144,883,179,144,883,1
144,202,946,144,202,946,144,202,946,1
202,147,913,202,147,913,202,147,913,1
147,166,934,147,166,934,147,166,934,1
166,135,882,166,135,882,166,135,882,1
135,166,928,135,166,928,135,166,928,1
166,131,887,166,131,887,166,131,887,1
131,209,928,131,209,928,131,209,928,1
209,144,901,209,144,901,209,144,901,1
144,219,958,144,219,958,144,219,958,1
219,141,941,219,141,941,219,141,941,1
141,175,954,141,175,954,141,175,954,1
175,135,904,175,135,904,175,135,904,1
135,167,932,135,167,932,135,167,932,1
167,138,898,167,138,898,167,138,898,1
138,181,958,138,181,958,138,181,958,1
181,141,996,181,141,996,181,141,996,1
141,243,1106,141,243,1106,141,243,1106,1
243,145,1061,243,145,1061,243,145,1061,1
145,192,1043,145,192,1043,145,192,1043,1
192,141,964,192,141,964,192,141,964,1
141,207,968,141,207,968,141,207,968,1
207,142,911,207,142,911,207,142,911,1
142,166,955,142,166,955,142,166,955,1
166,223,905,166,223,905,166,223,905,1
223,201,947,223,201,947,223,201,947,1
201,140,895,201,140,895,201,140,895,1
140,166,921,140,166,921,140,166,921,1
166,137,879,166,137,879,166,137,879,1
137,130,929,137,130,929,137,130,929,1
130,215,873,130,215,873,130,215,873,1
215,142,945,215,142,945,215,142,945,1
142,221,902,142,221,902,142,221,902,1
221,184,955,221,184,955,221,184,955,1
184,137,910,184,137,910,184,137,910,1
137,172,935,137,172,935,137,172,935,1
172,133,908,172,133,908,172,133,908,1
133,192,954,133,192,954,133,192,954,1
192,143,926,192,143,926,192,143,926,1
143,134,964,143,134,964,143,134,964,1
134,224,904,134,224,904,134,224,904,1
224,176,933,224,176,933,224,176,933,1
176,137,887,176,137,887,176,137,887,1
137,169,914,137,169,914,137,169,914,1
169,133,882,169,133,882,169,133,882,1
133,186,925,133,186,925,133,186,925,1
186,137,890,186,137,890,186,137,890,1
137,175,944,137,175,944,137,175,944,1
175,139,902,175,139,902,175,139,902,1
139,169,931,139,169,931,139,169,931,1
169,133,889,169,133,889,169,133,889,1
133,176,921,133,176,921,133,176,921,1
176,134,897,176,134,897,176,134,897,1
134,200,942,134,200,942,134,200,942,1
200,140,894,200,140,894,200,140,894,1
140,176,916,140,176,916,140,176,916,1
176,144,886,176,144,886,176,144,886,1
144,171,903,144,171,903,144,171,903,1
171,141,888,171,141,888,171,141,888,1
141,160,924,141,160,924,141,160,924,1
160,139,913,160,139,913,160,139,913,1
139,155,973,139,155,973,139,155,973,1
155,138,935,155,138,935,155,138,935,1
138,154,969,138,154,969,138,154,969,1
154,141,921,154,141,921,154,141,921,1
141,185,955,141,185,955,141,185,955,1
185,141,934,185,141,934,185,141,934,1
141,189,981,141,189,981,141,189,981,1
189,139,946,189,139,946,189,139,946,1
139,161,986,139,161,986,139,161,986,1
161,138,928,161,138,928,161,138,928,1
138,167,962,138,167,962,138,167,962,1
167,142,939,167,142,939,167,142,939,1
142,195,979,142,195,979,142,195,979,1
195,142,930,195,142,930,195,142,930,1
142,174,957,142,174,957,142,174,957,1
174,140,903,174,140,903,174,140,903,1
140,162,932,140,162,932,140,162,932,1
162,139,882,162,139,882,162,139,882,1
139,184,932,139,184,932,139,184,932,1
184,140,941,184,140,941,184,140,941,1
140,210,1035,140,210,1035,140,210,1035,1
210,147,1006,210,147,1006,210,147,1006,1
147,181,1010,147,181,1010,147,181,1010,1
181,135,916,181,135,916,181,135,916,1
135,168,919,135,168,919,135,168,919,1
168,134,853,168,134,853,168,134,853,1
134,197,893,134,197,893,134,197,893,1
197,144,875,197,144,875,197,144,875,1
144,148,907,144,148,907,144,148,907,1
148,217,867,148,217,867,148,217,867,1
217,188,918,217,188,918,217,188,918,1
188,136,865,188,136,865,188,136,865,-1
136,171,907,136,171,907,136,171,907,1
171,141,891,171,141,891,171,141,891,1
141,138,954,141,138,954,141,138,954,1
138,218,922,138,218,922,138,218,922,1
218,227,997,218,227,997,218,227,997,1
227,138,948,227,138,948,227,138,948,1
138,190,947,138,190,947,138,190,947,1
190,135,896,190,135,896,190,135,896,1
135,174,921,135,174,921,135,174,921,1
174,140,875,174,140,875,174,140,875,1
140,137,933,140,137,933,140,137,933,1
137,219,888,137,219,888,137,219,888,1
219,128,960,219,128,960,219,128,960,-1
128,212,942,128,212,942,128,212,942,1
212,174,1004,212,174,1004,212,174,1004,1
174,136,951,174,136,951,174,136,951,1
136,186,971,136,186,971,136,186,971,1
186,134,910,186,134,910,186,134,910,1
134,140,941,134,140,941,134,140,941,1
140,217,911,140,217,911,140,217,911,1
217,199,1000,217,199,1000,217,199,1000,1
199,135,944,199,135,944,199,135,944,1
135,172,956,135,172,956,135,172,956,1
172,130,898,172,130,898,172,130,898,1
130,194,929,130,194,929,130,194,929,1
194,142,891,194,142,891,194,142,891,1
142,215,943,142,215,943,142,215,943,1
215,138,916,215,138,916,215,138,916,1
138,182,939,138,182,939,138,182,939,1
182,132,902,182,132,902,182,132,902,1
132,172,936,132,172,936,132,172,936,1
172,135,926,172,135,926,172,135,926,1
135,121,968,135,121,968,135,121,968,1
121,211,915,121,211,915,121,211,915,1
211,209,1018,211,209,1018,211,209,1018,1
209,144,983,209,144,983,209,144,983,1
144,180,980,144,180,980,144,180,980,1
180,138,901,180,138,901,180,138,901,1
138,165,911,138,165,911,138,165,911,1
165,135,872,165,135,872,165,135,872,1
135,177,912,135,177,912,135,177,912,1
177,148,903,177,148,903,177,148,903,1
148,214,922,148,214,922,148,214,922,1
214,138,899,214,138,899,214,138,899,1
138,187,922,138,187,922,138,187,922,1
187,134,884,187,134,884,187,134,884,1
134,171,918,134,171,918,134,171,918,1
171,141,918,171,141,918,171,141,918,1
141,193,967,141,193,967,141,193,967,1
193,141,939,193,141,939,193,141,939,1
141,188,957,141,188,957,141,188,957,1
188,144,914,188,144,914,188,144,914,1
144,166,937,144,166,937,144,166,937,1
166,138,873,166,138,873,166,138,873,1
138,157,885,138,157,885,138,157,885,1
157,134,850,157,134,850,157,134,850,1
134,183,895,134,183,895,134,183,895,1
183,142,909,183,142,909,183,142,909,1
142,203,948,142,203,948,142,203,948,1
203,138,924,203,138,924,203,138,924,1
138,175,965,138,175,965,138,175,965,1
175,133,923,175,133,923,175,133,923,1
133,159,942,133,159,942,133,159,942,1
159,140,911,159,140,911,159,140,911,1
140,179,940,140,179,940,140,179,940,1
179,140,935,179,140,935,179,140,935,1
140,172,982,140,172,982,140,172,982,1
172,139,954,172,139,954,172,139,954,1
139,171,987,139,171,987,139,171,987,1
171,136,932,171,136,932,171,136,932,1
136,152,949,136,152,949,136,152,949,1
152,129,905,152,129,905,152,129,905,1
129,183,984,129,183,984,129,183,984,1
183,141,1000,183,141,1000,183,141,1000,1
141,183,1052,141,183,1052,141,183,1052,1
183,137,991,183,137,991,183,137,991,1
137,169,1006,137,169,1006,137,169,1006,1
169,133,932,169,133,932,169,133,932,1
133,165,930,133,165,930,133,165,930,1
165,134,885,165,134,885,165,134,885,1
134,186,925,134,186,925,134,186,925,1
186,137,890,186,137,890,186,137,890,1
137,207,922,137,207,922,137,207,922,1
207,142,897,207,142,897,207,142,897,1
142,178,924,142,178,924,142,178,924,1
178,134,892,178,134,892,178,134,892,1
134,173,926,134,173,926,134,173,926,1
173,132,902,173,132,902,173,132,902,1
132,135,936,132,135,936,132,135,936,1
135,215,887,135,215,887,135,215,887,1
215,223,947,215,223,947,215,223,947,1
223,140,927,223,140,927,223,140,927,1
140,182,936,140,182,936,140,182,936,1
182,134,901,182,134,901,182,134,901,1
134,202,937,134,202,937,134,202,937,1
202,137,910,202,137,910,202,137,910,1
137,130,988,137,130,988,137,130,988,1
130,215,953,130,215,953,130,215,953,1
215,200,1014,215,200,1014,215,200,1014,1
200,146,956,200,146,956,200,146,956,1
146,170,960,146,170,960,146,170,960,1
170,135,895,170,135,895,170,135,895,1
135,180,930,135,180,930,135,180,930,1
180,133,926,180,133,926,180,133,926,1
133,146,988,133,146,988,133,146,988,1
146,223,927,146,223,927,146,223,927,1
223,213,962,223,213,962,223,213,962,1
213,139,909,213,139,909,213,139,909,1
139,177,928,139,177,928,139,177,928,1
177,132,884,177,132,884,177,132,884,1
132,162,924,132,162,924,132,162,924,1
162,213,878,162,213,878,162,213,878,1
213,163,950,213,163,950,213,163,950,1
163,221,901,163,221,901,163,221,901,1
221,194,946,221,194,946,221,194,946,1
194,139,912,194,139,912,194,139,912,1
139,180,924,139,180,924,139,180,924,1
180,135,906,180,135,906,180,135,906,1
135,189,969,135,189,969,135,189,969,1
189,145,949,189,145,949,189,145,949,1
145,210,1016,145,210,1016,145,210,1016,1
210,143,1011,210,143,1011,210,143,1011,1
143,171,1033,143,171,1033,143,171,1033,1
171,137,965,171,137,965,171,137,965,1
137,197,978,137,197,978,137,197,978,1
197,139,919,197,139,919,197,139,919,1
139,192,957,139,192,957,139,192,957,1
192,216,898,192,216,898,192,216,898,1
216,244,992,216,244,992,216,244,992,1
244,148,1018,244,148,1018,244,148,1018,1
148,189,1023,148,189,1023,148,189,1023,1
189,140,946,189,140,946,189,140,946,1
140,128,950,140,128,950,140,128,950,1
128,210,883,128,210,883,128,210,883,1
210,152,937,210,152,937,210,152,937,1
152,222,869,152,222,869,152,222,869,1
222,175,931,222,175,931,222,175,931,1
175,137,874,175,137,874,175,137,874,1
137,168,916,137,168,916,137,168,916,1
168,134,855,168,134,855,168,134,855,1
134,180,913,134,180,913,134,180,913,1
180,142,888,180,142,888,180,142,888,1
142,177,957,142,177,957,142,177,957,1
177,144,942,177,144,942,177,144,942,1
144,168,992,144,168,992,144,168,992,1
168,143,936,168,143,936,168,143,936,1
143,183,944,143,183,944,143,183,944,1
183,137,909,183,137,909,183,137,909,1
137,193,958,137,193,958,137,193,958,1
193,134,894,193,134,894,193,134,894,1
134,195,946,134,195,946,134,195,946,1
195,143,904,195,143,904,195,143,904,1
143,182,941,143,182,941,143,182,941,1
182,138,895,182,138,895,182,138,895,1
138,137,934,138,137,934,138,137,934,1
137,208,882,137,208,882,137,208,882,1
208,184,1022,208,184,1022,208,184,1022,1
184,213,1011,184,213,1011,184,213,1011,1
213,212,1064,213,212,1064,213,212,1064,1
212,137,979,212,137,979,212,137,979,1
137,199,960,137,199,960,137,199,960,1
199,135,889,199,135,889,199,135,889,1
135,190,921,135,190,921,135,190,921,1
190,134,879,190,134,879,190,134,879,1
134,180,924,134,180,924,134,180,924,1
180,142,904,180,142,904,180,142,904,1
142,169,916,142,169,916,142,169,916,1
169,145,886,169,145,886,169,145,886,1
145,172,910,145,172,910,145,172,910,1
172,140,890,172,140,890,172,140,890,1
140,168,954,140,168,954,140,168,954,1
168,137,919,168,137,919,168,137,919,-1
137,178,969,137,178,969,137,178,969,1
178,140,941,178,140,941,178,140,941,1
140,157,962,140,157,962,140,157,962,1
157,140,926,157,140,926,157,140,926,1
140,171,944,140,171,944,140,171,944,1
171,142,918,171,142,918,171,142,918,1
142,188,981,142,188,981,142,188,981,1
188,141,946,188,141,946,188,141,946,1
141,178,980,141,178,980,141,178,980,1
178,136,930,178,136,930,178,136,930,1
136,173,975,136,173,975,136,173,975,1
173,140,926,173,140,926,173,140,926,1
140,174,979,140,174,979,140,174,979,1
174,136,932,174,136,932,174,136,932,1
136,170,969,136,170,969,136,170,969,1
170,131,907,170,131,907,170,131,907,1
131,164,951,131,164,951,131,164,951,1
164,136,893,164,136,893,164,136,893,1
136,158,931,136,158,931,136,158,931,1
158,132,890,158,132,890,158,132,890,1
132,189,953,132,189,953,132,189,953,1
189,143,931,189,143,931,189,143,931,1
143,207,969,143,207,969,143,207,969,1
207,142,931,207,142,931,207,142,931,1
142,172,927,142,172,927,142,172,927,1
172,135,885,172,135,885,172,135,885,1
135,135,934,135,135,934,135,135,934,1
135,223,878,135,223,878,135,223,878,1
223,284,968,223,284,968,223,284,968,1
284,146,951,284,146,951,284,146,951,1
146,214,949,146,214,949,146,214,949,1
214,143,939,214,143,939,214,143,939,1
143,208,933,143,208,933,143,208,933,1
208,134,930,208,134,930,208,134,930,1
134,235,981,134,235,981,134,235,981,1
235,139,947,235,139,947,235,139,947,1
139,214,979,139,214,979,139,214,979,1
214,133,930,214,133,930,214,133,930,1
133,184,982,133,184,982,133,184,982,1
184,135,956,184,135,956,184,135,956,1
135,199,1012,135,199,1012,135,199,1012,1
199,143,961,199,143,961,199,143,961,1
143,147,1000,143,147,1000,143,147,1000,1
147,212,957,147,212,957,147,212,957,1
212,195,1037,212,195,1037,212,195,1037,1
195,129,964,195,129,964,195,129,964,1
129,176,970,129,176,970,129,176,970,1
176,140,886,176,140,886,176,140,886,1
140,206,922,140,206,922,140,206,922,1
206,141,891,206,141,891,206,141,891,1
141,170,926,141,170,926,141,170,926,1
170,224,886,170,224,886,170,224,886,1
224,205,944,224,205,944,224,205,944,1
205,143,893,205,143,893,205,143,893,1
143,176,893,143,176,893,143,176,893,1
176,138,847,176,138,847,176,138,847,1
138,132,899,138,132,899,138,132,899,1
132,218,851,132,218,851,132,218,851,1
218,152,933,218,152,933,218,152,933,1
152,217,887,152,217,887,152,217,887,1
217,195,942,217,195,942,217,195,942,1
195,140,917,195,140,917,195,140,917,1
140,181,935,140,181,935,140,181,935,1
181,132,914,181,132,914,181,132,914,1
132,208,942,132,208,942,132,208,942,1
208,140,919,208,140,919,208,140,919,1
140,159,954,140,159,954,140,159,954,1
159,213,926,159,213,926,159,213,926,1
213,186,990,213,186,990,213,186,990,1
186,139,935,186,139,935,186,139,935,1
139,182,940,139,182,940,139,182,940,1
182,142,886,182,142,886,182,142,886,1
142,128,913,142,128,913,142,128,913,1
128,220,877,128,220,877,128,220,877,1
220,206,965,220,206,965,220,206,965,1
206,133,928,206,133,928,206,133,928,1
133,177,933,133,177,933,133,177,933,1
177,143,871,177,143,871,177,143,871,1
143,195,887,143,195,887,143,195,887,1
195,143,872,195,143,872,195,143,872,1
143,217,918,143,217,918,143,217,918,1
217,146,906,217,146,906,217,146,906,1
146,121,936,146,121,936,146,121,936,1
121,215,909,121,215,909,121,215,909,1
215,175,964,215,175,964,215,175,964,1
175,135,928,175,135,928,175,135,928,1
135,197,943,135,197,943,135,197,943,1
197,148,931,197,148,931,197,148,931,1
148,199,960,148,199,960,148,199,960,1
199,141,926,199,141,926,199,141,926,1
141,164,956,141,164,956,141,164,956,1
164,136,913,164,136,913,164,136,913,1
136,156,955,136,156,955,136,156,955,1
156,144,916,156,144,916,156,144,916,1
144,158,971,144,158,971,144,158,971,1
158,142,955,158,142,955,158,142,955,1
142,174,993,142,174,993,142,174,993,1
174,142,933,174,142,933,174,142,933,1
142,157,961,142,157,961,142,157,961,1
157,140,896,157,140,896,157,140,896,1
140,151,923,140,151,923,140,151,923,1
151,138,869,151,138,869,151,138,869,1
138,174,909,138,174,909,138,174,909,1
174,145,887,174,145,887,174,145,887,1
145,190,945,145,190,945,145,190,945,1
190,138,913,190,138,913,190,138,913,1
138,167,956,138,167,956,138,167,956,1
167,130,885,167,130,885,167,130,885,1
130,160,922,130,160,922,130,160,922,1
160,134,868,160,134,868,160,134,868,1
134,182,903,134,182,903,134,182,903,1
182,140,863,182,140,863,182,140,863,1
140,195,916,140,195,916,140,195,916,1
195,141,892,195,141,892,195,141,892,1
141,175,946,141,175,946,141,175,946,1
175,136,912,175,136,912,175,136,912,1
136,161,957,136,161,957,136,161,957,1
161,131,903,161,131,903,161,131,903,1
131,200,969,131,200,969,131,200,969,1
200,145,928,200,145,928,200,145,928,1
145,159,964,145,159,964,145,159,964,1
159,215,926,159,215,926,159,215,926,1
215,176,995,215,176,995,215,176,995,1
176,136,969,176,136,969,176,136,969,1
136,191,993,136,191,993,136,191,993,1
191,143,969,191,143,969,191,143,969,1
143,192,1005,143,192,1005,143,192,1005,1
192,143,955,192,143,955,192,143,955,1
143,179,985,143,179,985,143,179,985,1
179,146,941,179,146,941,179,146,941,1
146,157,964,146,157,964,146,157,964,1
157,136,918,157,136,918,157,136,918,1
136,175,949,136,175,949,136,175,949,1
175,134,922,175,134,922,175,134,922,1
134,184,968,134,184,968,134,184,968,1
184,144,922,184,144,922,184,144,922,1
144,173,975,144,173,975,144,173,975,1
173,137,948,173,137,948,173,137,948,1
137,165,1025,137,165,1025,137,165,1025,1
165,132,974,165,132,974,165,132,974,1
132,169,999,132,169,999,132,169,999,1
169,136,942,169,136,942,169,136,942,1
136,207,972,136,207,972,136,207,972,1
207,140,885,207,140,885,207,140,885,1
140,183,931,140,183,931,140,183,931,1
183,141,897,183,141,897,183,141,897,1
141,170,930,141,170,930,141,170,930,1
170,132,885,170,132,885,170,132,885,1
132,186,936,132,186,936,132,186,936,1
186,135,908,186,135,908,186,135,908,1
135,197,964,135,197,964,135,197,964,1
197,141,938,197,141,938,197,141,938,1
141,183,969,141,183,969,141,183,969,1
183,134,916,183,134,916,183,134,916,1
134,170,960,134,170,960,134,170,960,1
170,127,897,170,127,897,170,127,897,1
127,163,954,127,163,954,127,163,954,1
163,218,888,163,218,888,163,218,888,1
218,171,953,218,171,953,218,171,953,1
171,227,907,171,227,907,171,227,907,1
227,209,936,227,209,936,227,209,936,1
209,141,916,209,141,916,209,141,916,1
141,208,915,141,208,915,141,208,915,1
208,139,892,208,139,892,208,139,892,1
139,137,948,139,137,948,139,137,948,1
137,215,893,137,215,893,137,215,893,1
215,217,960,215,217,960,215,217,960,1
217,140,936,217,140,936,217,140,936,1
140,176,960,140,176,960,140,176,960,1
176,135,920,176,135,920,176,135,920,1
135,189,952,135,189,952,135,189,952,1
189,136,961,189,136,961,189,136,961,1
136,218,1020,136,218,1020,136,218,1020,1
218,134,981,218,134,981,218,134,981,1
134,223,997,134,223,997,134,223,997,1
223,147,930,223,147,930,223,147,930,1
147,183,935,147,183,935,147,183,935,1
183,137,879,183,137,879,183,137,879,1
137,214,908,137,214,908,137,214,908,1
214,138,898,214,138,898,214,138,898,1
138,170,938,138,170,938,138,170,938,1
170,224,891,170,224,891,170,224,891,1
224,203,939,224,203,939,224,203,939,1
203,140,908,203,140,908,203,140,908,1
140,179,940,140,179,940,140,179,940,1
179,136,909,179,136,909,179,136,909,1
136,137,988,136,137,988,136,137,988,1
137,218,971,137,218,971,137,218,971,1
218,211,1020,218,211,1020,218,211,1020,1
211,146,947,211,146,947,211,146,947,1
146,195,943,146,195,943,146,195,943,1
195,142,883,195,142,883,195,142,883,1
142,166,893,142,166,893,142,166,893,1
166,136,845,166,136,845,166,136,845,1
136,181,889,136,181,889,136,181,889,1
181,141,881,181,141,881,181,141,881,1
141,130,967,141,130,967,141,130,967,-1
130,228,932,130,228,932,130,228,932,-1
228,173,975,228,173,975,228,173,975,1
173,141,917,173,141,917,173,141,917,1
141,160,925,141,160,925,141,160,925,1
160,136,851,160,136,851,160,136,851,1
136,188,876,136,188,876,136,188,876,1
188,141,868,188,141,868,188,141,868,-1
141,132,899,141,132,899,141,132,899,1
132,220,848,132,220,848,132,220,848,1
220,212,923,220,212,923,220,212,923,1
212,143,902,212,143,902,212,143,902,1
143,171,922,143,171,922,143,171,922,1
171,134,897,171,134,897,171,134,897,1
134,128,928,134,128,928,134,128,928,1
128,218,881,128,218,881,128,218,881,-1
218,210,965,218,210,965,218,210,965,1
210,141,955,210,141,955,210,141,955,1
141,172,990,141,172,990,141,172,990,1
172,140,935,172,140,935,172,140,935,1
140,168,959,140,168,959,140,168,959,1
168,133,928,168,133,928,168,133,928,1
133,190,973,133,190,973,133,190,973,1
190,136,924,190,136,924,190,136,924,1
136,198,965,136,198,965,136,198,965,1
198,137,933,198,137,933,198,137,933,-1
137,181,953,137,181,953,137,181,953,1
181,137,920,181,137,920,181,137,920,1
137,178,926,137,178,926,137,178,926,1
178,138,891,178,138,891,178,138,891,1
138,193,966,138,193,966,138,193,966,1
193,140,981,193,140,981,193,140,981,1
140,205,1036,140,205,1036,140,205,1036,1
205,137,997,205,137,997,205,137,997,1
137,176,994,137,176,994,137,176,994,1
176,135,914,176,135,914,176,135,914,1
135,190,916,135,190,916,135,190,916,1
190,137,866,190,137,866,190,137,866,1
137,185,915,137,185,915,137,185,915,1
185,218,846,185,218,846,185,218,846,1
218,164,890,218,164,890,218,164,890,1
164,219,859,164,219,859,164,219,859,1
219,191,926,219,191,926,219,191,926,1
191,138,891,191,138,891,191,138,891,1
138,193,936,138,193,936,138,193,936,1
193,138,896,193,138,896,193,138,896,1
138,200,928,138,200,928,138,200,928,1
200,143,909,200,143,909,200,143,909,1
143,190,939,143,190,939,143,190,939,1
190,134,896,190,134,896,190,134,896,1
134,168,933,134,168,933,134,168,933,1
168,133,881,168,133,881,168,133,881,1
133,134,958,133,134,958,133,134,958,1
134,221,919,134,221,919,134,221,919,1
221,213,979,221,213,979,221,213,979,1
213,142,930,213,142,930,213,142,930,1
142,206,934,142,206,934,142,206,934,1
206,146,878,206,146,878,206,146,878,1
146,164,908,146,164,908,146,164,908,1
164,140,878,164,140,878,164,140,878,1
140,183,947,140,183,947,140,183,947,1
183,140,925,183,140,925,183,140,925,1
140,205,975,140,205,975,140,205,975,1
205,148,955,205,148,955,205,148,955,1
148,128,965,148,128,965,148,128,965,1
128,220,924,128,220,924,128,220,924,1
220,167,1003,220,167,1003,220,167,1003,1
167,137,955,167,137,955,167,137,955,1
137,188,964,137,188,964,137,188,964,1
188,140,924,188,140,924,188,140,924,1
140,194,959,140,194,959,140,194,959,1
194,142,926,194,142,926,194,142,926,1
142,198,958,142,198,958,142,198,958,1
198,140,926,198,140,926,198,140,926,1
140,170,962,140,170,962,140,170,962,1
170,132,936,170,132,936,170,132,936,1
132,178,954,132,178,954,132,178,954,1
178,142,936,178,142,936,178,142,936,1
142,124,988,142,124,988,142,124,988,1
124,217,973,124,217,973,124,217,973,1
217,188,1061,217,188,1061,217,188,1061,1
188,136,988,188,136,988,188,136,988,1
136,161,994,136,161,994,136,161,994,1
161,138,891,161,138,891,161,138,891,1
138,186,919,138,186,919,138,186,919,1
186,133,882,186,133,882,186,133,882,1
133,200,917,133,200,917,133,200,917,1
200,139,888,200,139,888,200,139,888,1
139,185,937,139,185,937,139,185,937,1
185,139,903,185,139,903,185,139,903,1
139,163,930,139,163,930,139,163,930,1
163,137,902,163,137,902,163,137,902,1
137,163,940,137,163,940,137,163,940,1
163,139,911,163,139,911,163,139,911,1
139,171,967,139,171,967,139,171,967,1
171,143,910,171,143,910,171,143,910,1
143,174,964,143,174,964,143,174,964,1
174,137,916,174,137,916,174,137,916,1
137,154,953,137,154,953,137,154,953,1
154,135,897,154,135,897,154,135,897,1
135,165,946,135,165,946,135,165,946,1
165,137,914,165,137,914,165,137,914,1
137,189,972,137,189,972,137,189,972,1
189,142,918,189,142,918,189,142,918,1
142,211,965,142,211,965,142,211,965,1
211,141,948,211,141,948,211,141,948,1
141,176,993,141,176,993,141,176,993,1
176,136,935,176,136,935,176,136,935,1
136,223,984,136,223,984,136,223,984,1
223,141,912,223,141,912,223,141,912,1
141,147,961,141,147,961,141,147,961,1
147,161,889,147,161,889,147,161,889,1
161,141,925,161,141,925,161,141,925,1
141,152,955,141,152,955,141,152,955,1
152,211,914,152,211,914,152,211,914,1
211,166,966,211,166,966,211,166,966,1
166,221,906,166,221,906,166,221,906,1
221,239,998,221,239,998,221,239,998,1
239,143,964,239,143,964,239,143,964,1
143,234,985,143,234,985,143,234,985,1
234,138,919,234,138,919,234,138,919,1
138,210,943,138,210,943,138,210,943,1
210,131,895,210,131,895,210,131,895,1
131,149,949,131,149,949,131,149,949,1
149,221,888,149,221,888,149,221,888,1
221,231,954,221,231,954,221,231,954,1
231,137,916,231,137,916,231,137,916,1
137,201,942,137,201,942,137,201,942,1
201,131,893,201,131,893,201,131,893,1
131,199,926,131,199,926,131,199,926,1
199,143,899,199,143,899,199,143,899,1
143,133,952,143,133,952,143,133,952,1
133,219,886,133,219,886,133,219,886,1
219,124,964,219,124,964,219,124,964,1
124,222,911,124,222,911,124,222,911,1
222,172,987,222,172,987,222,172,987,1
172,139,929,172,139,929,172,139,929,1
139,182,960,139,182,960,139,182,960,1
182,140,930,182,140,930,182,140,930,1
140,224,958,140,224,958,140,224,958,1
224,149,933,224,149,933,224,149,933,1
149,201,952,149,201,952,149,201,952,1
201,141,921,201,141,921,201,141,921,1
141,174,952,141,174,952,141,174,952,1
174,138,908,174,138,908,174,138,908,1
138,220,946,138,220,946,138,220,946,1
220,137,940,220,137,940,220,137,940,1
137,164,965,137,164,965,137,164,965,1
164,221,904,164,221,904,164,221,904,1
221,204,965,221,204,965,221,204,965,1
204,135,936,204,135,936,204,135,936,1
135,175,959,135,175,959,135,175,959,1
175,134,915,175,134,915,175,134,915,1
134,133,945,134,133,945,134,133,945,1
133,217,904,133,217,904,133,217,904,1
217,175,970,217,175,970,217,175,970,1
175,212,912,175,212,912,175,212,912,1
212,198,968,212,198,968,212,198,968,1
198,135,936,198,135,936,198,135,936,1
135,192,951,135,192,951,135,192,951,1
192,145,928,192,145,928,192,145,928,1
145,148,965,145,148,965,145,148,965,1
148,221,909,148,221,909,148,221,909,1
221,207,958,221,207,958,221,207,958,1
207,144,949,207,144,949,207,144,949,1
144,173,967,144,173,967,144,173,967,1
173,139,922,173,139,922,173,139,922,1
139,159,962,139,159,962,139,159,962,1
159,139,909,159,139,909,159,139,909,1
139,202,955,139,202,955,139,202,955,1
202,147,928,202,147,928,202,147,928,1
147,189,965,147,189,965,147,189,965,1
189,141,952,189,141,952,189,141,952,1
141,161,989,141,161,989,141,161,989,1
161,139,940,161,139,940,161,139,940,1
139,161,967,139,161,967,139,161,967,1
161,138,917,161,138,917,161,138,917,1
138,167,968,138,167,968,138,167,968,1
167,141,941,167,141,941,167,141,941,1
141,168,959,141,168,959,141,168,959,1
168,139,918,168,139,918,168,139,918,1
139,158,963,139,158,963,139,158,963,1
158,139,929,158,139,929,158,139,929,1
139,153,1009,139,153,1009,139,153,1009,1
153,136,963,153,136,963,153,136,963,1
136,185,1029,136,185,1029,136,185,1029,1
185,140,963,185,140,963,185,140,963,1
140,249,979,140,249,979,140,249,979,1
249,143,909,249,143,909,249,143,909,1
143,187,922,143,187,922,143,187,922,1
187,139,881,187,139,881,187,139,881,1
139,162,921,139,162,921,139,162,921,1
162,219,875,162,219,875,162,219,875,1
219,184,953,219,184,953,219,184,953,1
184,218,910,184,218,910,184,218,910,1
218,156,1021,218,156,1021,218,156,1021,1
156,213,990,156,213,990,156,213,990,1
213,182,1002,213,182,1002,213,182,1002,1
182,135,947,182,135,947,182,135,947,1
135,209,957,135,209,957,135,209,957,1
209,146,887,209,146,887,209,146,887,1
146,163,915,146,163,915,146,163,915,1
163,213,863,163,213,863,163,213,863,1
