141,141,940,141,141,940,141,141,940,-1
141,271,1159,141,271,1159,141,271,1159,1
271,132,933,271,132,933,271,132,933,1
132,252,1182,132,252,1182,132,252,1182,1
252,131,965,252,131,965,252,131,965,1
131,229,1188,131,229,1188,131,229,1188,1
229,135,922,229,135,922,229,135,922,1
135,243,1121,135,243,1121,135,243,1121,1
243,247,870,243,247,870,243,247,870,1
247,142,894,247,142,894,247,142,894,1
142,141,907,142,141,907,142,141,907,1
141,277,1148,141,277,1148,141,277,1148,1
277,137,934,277,137,934,277,137,934,1
137,225,1180,137,225,1180,137,225,1180,1
225,121,947,225,121,947,225,121,947,1
121,257,1201,121,257,1201,121,257,1201,1
257,131,912,257,131,912,257,131,912,1
131,264,1137,131,264,1137,131,264,1137,1
264,136,915,264,136,915,264,136,915,1
136,234,1167,136,234,1167,136,234,1167,1
234,140,954,234,140,954,234,140,954,1
140,195,1178,140,195,1178,140,195,1178,1
195,137,938,195,137,938,195,137,938,1
137,212,1186,137,212,1186,137,212,1186,1
212,135,938,212,135,938,212,135,938,-1
135,250,1175,135,250,1175,135,250,1175,1
250,134,942,250,134,942,250,134,942,1
134,234,1174,134,234,1174,134,234,1174,1
234,126,932,234,126,932,234,126,932,1
126,195,1175,126,195,1175,126,195,1175,1
195,126,932,195,126,932,195,126,932,1
126,253,1165,126,253,1165,126,253,1165,1
253,134,929,253,134,929,253,134,929,1
134,297,1154,134,297,1154,134,297,1154,1
297,144,927,297,144,927,297,144,927,1
144,250,1158,144,250,1158,144,250,1158,1
250,135,933,250,135,933,250,135,933,1
135,216,1165,135,216,1165,135,216,1165,1
216,134,932,216,134,932,216,134,932,1
134,140,1151,134,140,1151,134,140,1151,1
140,127,919,140,127,919,140,127,919,1
127,128,932,127,128,932,127,128,932,1
128,260,1182,128,260,1182,128,260,1182,1
260,333,959,260,333,959,260,333,959,1
333,194,985,333,194,985,333,194,985,1
194,402,1069,194,402,1069,194,402,1069,1
402,143,935,402,143,935,402,143,935,1
143,125,1093,143,125,1093,143,125,1093,1
125,137,886,125,137,886,125,137,886,1
137,135,871,137,135,871,137,135,871,1
135,242,1092,135,242,1092,135,242,1092,1
242,131,899,242,131,899,242,131,899,1
131,237,1125,131,237,1125,131,237,1125,1
237,133,909,237,133,909,237,133,909,1
133,247,1137,133,247,1137,133,247,1137,1
247,134,924,247,134,924,247,134,924,1
134,278,1157,134,278,1157,134,278,1157,1
278,138,916,278,138,916,278,138,916,1
138,257,1151,138,257,1151,138,257,1151,1
257,135,1015,257,135,1015,257,135,1015,1
135,223,1267,135,223,1267,135,223,1267,1
223,137,1010,223,137,1010,223,137,1010,1
137,240,1208,137,240,1208,137,240,1208,1
240,130,917,240,130,917,240,130,917,1
130,246,1124,130,246,1124,130,246,1124,1
246,378,895,246,378,895,246,378,895,1
378,138,954,378,138,954,378,138,954,1
138,228,1193,138,228,1193,138,228,1193,1
228,132,977,228,132,977,228,132,977,1
132,238,1187,132,238,1187,132,238,1187,1
238,128,942,238,128,942,238,128,942,1
128,244,1139,128,244,1139,128,244,1139,1
244,135,959,244,135,959,244,135,959,1
135,121,1195,135,121,1195,135,121,1195,1
121,129,980,121,129,980,121,129,980,1
129,128,965,129,128,965,129,128,965,1
128,206,1167,128,206,1167,128,206,1167,1
206,201,925,206,201,925,206,201,925,1
201,150,908,201,150,908,201,150,908,1
150,143,898,150,143,898,150,143,898,1
143,137,1111,143,137,1111,143,137,1111,1
137,130,929,137,130,929,137,130,929,1
130,136,963,130,136,963,130,136,963,1
136,239,1193,136,239,1193,136,239,1193,1
239,126,979,239,126,979,239,126,979,1
126,202,1170,126,202,1170,126,202,1170,1
202,133,903,202,133,903,202,133,903,1
133,225,1108,133,225,1108,133,225,1108,1
225,131,885,225,131,885,225,131,885,1
131,248,1114,131,248,1114,131,248,1114,1
248,129,923,248,129,923,248,129,923,1
129,260,1139,129,260,1139,129,260,1139,1
260,136,947,260,136,947,260,136,947,1
136,221,1173,136,221,1173,136,221,1173,1
221,140,949,221,140,949,221,140,949,1
140,227,1169,140,227,1169,140,227,1169,1
227,126,953,227,126,953,227,126,953,1
126,254,1176,126,254,1176,126,254,1176,1
254,131,961,254,131,961,254,131,961,1
131,248,1189,131,248,1189,131,248,1189,1
248,125,963,248,125,963,248,125,963,1
125,215,1186,125,215,1186,125,215,1186,1
215,135,945,215,135,945,215,135,945,1
135,264,1154,135,264,1154,135,264,1154,1
264,135,928,264,135,928,264,135,928,1
135,143,1159,135,143,1159,135,143,1159,1
143,132,937,143,132,937,143,132,937,1
132,137,944,132,137,944,132,137,944,1
137,254,1181,137,254,1181,137,254,1181,1
254,138,969,254,138,969,254,138,969,1
138,215,1206,138,215,1206,138,215,1206,1
215,130,970,215,130,970,215,130,970,1
130,230,1210,130,230,1210,130,230,1210,1
230,126,971,230,126,971,230,126,971,1
126,236,1202,126,236,1202,126,236,1202,1
236,136,970,236,136,970,236,136,970,1
136,247,1194,136,247,1194,136,247,1194,1
247,143,960,247,143,960,247,143,960,1
143,226,1184,143,226,1184,143,226,1184,1
226,136,946,226,136,946,226,136,946,1
136,222,1156,136,222,1156,136,222,1156,1
222,131,915,222,131,915,222,131,915,1
131,273,1149,131,273,1149,131,273,1149,1
273,131,933,273,131,933,273,131,933,1
131,225,1169,131,225,1169,131,225,1169,1
225,367,998,225,367,998,225,367,998,1
367,138,986,367,138,986,367,138,986,1
138,134,1172,138,134,1172,138,134,1172,1
134,137,943,134,137,943,134,137,943,1
137,142,924,137,142,924,137,142,924,1
142,265,1140,142,265,1140,142,265,1140,1
265,127,927,265,127,927,265,127,927,1
127,224,1170,127,224,1170,127,224,1170,1
224,128,941,224,128,941,224,128,941,1
128,213,1164,128,213,1164,128,213,1164,1
213,133,941,213,133,941,213,133,941,1
133,251,1174,133,251,1174,133,251,1174,1
251,123,940,251,123,940,251,123,940,1
123,257,1162,123,257,1162,123,257,1162,1
257,135,960,257,135,960,257,135,960,1
135,223,1198,135,223,1198,135,223,1198,1
223,139,957,223,139,957,223,139,957,1
139,244,1174,139,244,1174,139,244,1174,1
244,130,939,244,130,939,244,130,939,1
130,124,1235,130,124,1235,130,124,1235,1
124,136,1083,124,136,1083,124,136,1083,1
136,126,1093,136,126,1093,136,126,1093,1
126,241,1298,126,241,1298,126,241,1298,1
241,125,982,241,125,982,241,125,982,1
125,200,1167,125,200,1167,125,200,1167,1
200,135,876,200,135,876,200,135,876,1
135,266,1085,135,266,1085,135,266,1085,1
266,139,832,266,139,832,266,139,832,1
139,267,1050,139,267,1050,139,267,1050,1
267,138,860,267,138,860,267,138,860,1
138,249,1122,138,249,1122,138,249,1122,1
249,131,946,249,131,946,249,131,946,1
131,252,1188,131,252,1188,131,252,1188,1
252,130,948,252,130,948,252,130,948,1
130,255,1162,130,255,1162,130,255,1162,1
255,128,925,255,128,925,255,128,925,1
128,240,1143,128,240,1143,128,240,1143,1
240,137,911,240,137,911,240,137,911,1
137,228,1141,137,228,1141,137,228,1141,1
228,145,1003,228,145,1003,228,145,1003,1
145,218,1248,145,218,1248,145,218,1248,1
218,137,1022,218,137,1022,218,137,1022,1
137,221,1221,137,221,1221,137,221,1221,1
221,133,919,221,133,919,221,133,919,1
133,237,1128,133,237,1128,133,237,1128,1
237,124,881,237,124,881,237,124,881,1
124,230,1113,124,230,1113,124,230,1113,1
230,123,895,230,123,895,230,123,895,1
123,242,1135,123,242,1135,123,242,1135,1
242,135,927,242,135,927,242,135,927,1
135,123,1131,135,123,1131,135,123,1131,1
123,133,929,123,133,929,123,133,929,1
133,135,935,133,135,935,133,135,935,1
135,251,1182,135,251,1182,135,251,1182,1
251,137,968,251,137,968,251,137,968,1
137,204,1210,137,204,1210,137,204,1210,1
204,133,982,204,133,982,204,133,982,1
133,232,1202,133,232,1202,133,232,1202,1
232,129,966,232,129,966,232,129,966,1
129,254,1175,129,254,1175,129,254,1175,1
254,390,949,254,390,949,254,390,949,1
390,141,986,390,141,986,390,141,986,1
141,238,1248,141,238,1248,141,238,1248,1
238,137,1041,238,137,1041,238,137,1041,1
137,234,1227,137,234,1227,137,234,1227,1
234,123,942,234,123,942,234,123,942,1
123,273,1118,123,273,1118,123,273,1118,1
273,135,871,273,135,871,273,135,871,1
135,246,1079,135,246,1079,135,246,1079,1
246,130,856,246,130,856,246,130,856,1
130,203,1098,130,203,1098,130,203,1098,1
203,129,898,203,129,898,203,129,898,1
129,237,1146,129,237,1146,129,237,1146,1
237,134,939,237,134,939,237,134,939,1
134,272,1143,134,272,1143,134,272,1143,1
272,142,922,272,142,922,272,142,922,1
142,121,1143,142,121,1143,142,121,1143,1
121,128,924,121,128,924,121,128,924,1
128,136,914,128,136,914,128,136,914,1
136,216,1126,136,216,1126,136,216,1126,1
216,129,892,216,129,892,216,129,892,1
129,227,1133,129,227,1133,129,227,1133,1
227,134,915,227,134,915,227,134,915,1
134,225,1155,134,225,1155,134,225,1155,1
225,135,956,225,135,956,225,135,956,1
135,257,1186,135,257,1186,135,257,1186,1
257,134,993,257,134,993,257,134,993,1
134,230,1212,134,230,1212,134,230,1212,1
230,132,988,230,132,988,230,132,988,1
132,228,1234,132,228,1234,132,228,1234,1
228,137,990,228,137,990,228,137,990,1
137,261,1227,137,261,1227,137,261,1227,1
261,130,1060,261,130,1060,261,130,1060,1
130,245,1291,130,245,1291,130,245,1291,1
245,128,1028,245,128,1028,245,128,1028,1
128,208,1244,128,208,1244,128,208,1244,1
208,140,986,208,140,986,208,140,986,1
140,255,1209,140,255,1209,140,255,1209,1
255,138,1057,255,138,1057,255,138,1057,1
138,259,1290,138,259,1290,138,259,1290,1
259,133,1027,259,133,1027,259,133,1027,1
133,223,1204,133,223,1204,133,223,1204,1
223,131,934,223,131,934,223,131,934,1
131,212,1144,131,212,1144,131,212,1144,1
212,134,902,212,134,902,212,134,902,1
134,252,1121,134,252,1121,134,252,1121,1
252,123,1018,252,123,1018,252,123,1018,1
123,225,1300,123,225,1300,123,225,1300,1
225,138,1052,225,138,1052,225,138,1052,1
138,233,1233,138,233,1233,138,233,1233,1
233,145,950,233,145,950,233,145,950,1
145,220,1136,145,220,1136,145,220,1136,1
220,134,887,220,134,887,220,134,887,1
134,222,1098,134,222,1098,134,222,1098,1
222,130,875,222,130,875,222,130,875,1
130,228,1109,130,228,1109,130,228,1109,1
228,123,912,228,123,912,228,123,912,1
123,205,1156,123,205,1156,123,205,1156,1
205,128,957,205,128,957,205,128,957,1
128,224,1183,128,224,1183,128,224,1183,1
224,133,938,224,133,938,224,133,938,1
133,267,1147,133,267,1147,133,267,1147,1
267,136,907,267,136,907,267,136,907,1
136,283,1127,136,283,1127,136,283,1127,1
283,134,931,283,134,931,283,134,931,1
134,229,1165,134,229,1165,134,229,1165,1
229,132,956,229,132,956,229,132,956,1
132,237,1187,132,237,1187,132,237,1187,1
237,127,976,237,127,976,237,127,976,1
127,253,1198,127,253,1198,127,253,1198,1
253,388,990,253,388,990,253,388,990,1
388,146,987,388,146,987,388,146,987,1
146,225,1186,146,225,1186,146,225,1186,1
225,136,976,225,136,976,225,136,976,1
136,236,1183,136,236,1183,136,236,1183,1
236,128,979,236,128,979,236,128,979,1
128,121,1180,128,121,1180,128,121,1180,1
121,147,977,121,147,977,121,147,977,1
147,129,985,147,129,985,147,129,985,1
129,252,1195,129,252,1195,129,252,1195,1
252,125,980,252,125,980,252,125,980,1
125,204,1182,125,204,1182,125,204,1182,1
204,134,959,204,134,959,204,134,959,1
134,241,1161,134,241,1161,134,241,1161,1
241,143,954,241,143,954,241,143,954,1
143,268,1179,143,268,1179,143,268,1179,1
268,139,1069,268,139,1069,268,139,1069,1
139,248,1263,139,248,1263,139,248,1263,1
248,131,1003,248,131,1003,248,131,1003,1
131,220,1160,131,220,1160,131,220,1160,1
220,132,871,220,132,871,220,132,871,1
132,219,1091,132,219,1091,132,219,1091,1
219,125,927,219,125,927,219,125,927,1
125,225,1139,125,225,1139,125,225,1139,1
225,130,911,225,130,911,225,130,911,1
130,264,1107,130,264,1107,130,264,1107,1
264,141,877,264,141,877,264,141,877,1
141,221,1066,141,221,1066,141,221,1066,1
221,139,881,221,139,881,221,139,881,1
139,239,1089,139,239,1089,139,239,1089,1
239,130,928,239,130,928,239,130,928,1
130,121,1163,130,121,1163,130,121,1163,1
121,153,965,121,153,965,121,153,965,1
153,126,978,153,126,978,153,126,978,1
126,263,1195,126,263,1195,126,263,1195,1
263,126,968,263,126,968,263,126,968,1
126,254,1180,126,254,1180,126,254,1180,1
254,140,972,254,140,972,254,140,972,1
140,267,1187,140,267,1187,140,267,1187,1
267,134,977,267,134,977,267,134,977,1
134,271,1196,134,271,1196,134,271,1196,1
271,122,982,271,122,982,271,122,982,1
122,234,1182,122,234,1182,122,234,1182,1
234,135,978,234,135,978,234,135,978,1
135,243,1197,135,243,1197,135,243,1197,1
243,132,974,243,132,974,243,132,974,1
132,239,1177,132,239,1177,132,239,1177,1
239,133,968,239,133,968,239,133,968,1
133,147,1165,133,147,1165,133,147,1165,1
147,137,964,147,137,964,147,137,964,1
137,137,957,137,137,957,137,137,957,1
137,243,1173,137,243,1173,137,243,1173,1
243,129,960,243,129,960,243,129,960,1
129,243,1174,129,243,1174,129,243,1174,1
243,140,956,243,140,956,243,140,956,1
140,237,1163,140,237,1163,140,237,1163,1
237,132,1073,237,132,1073,237,132,1073,1
132,241,1297,132,241,1297,132,241,1297,1
241,129,1030,241,129,1030,241,129,1030,1
129,189,1187,129,189,1187,129,189,1187,1
189,131,907,189,131,907,189,131,907,1
131,244,1093,131,244,1093,131,244,1093,1
244,142,849,244,142,849,244,142,849,1
142,269,1054,142,269,1054,142,269,1054,1
269,135,873,269,135,873,269,135,873,1
135,244,1086,135,244,1086,135,244,1086,1
244,132,910,244,132,910,244,132,910,1
132,213,1118,132,213,1118,132,213,1118,1
213,132,944,213,132,944,213,132,944,1
132,226,1119,132,226,1119,132,226,1119,1
226,132,922,226,132,922,226,132,922,1
132,231,1109,132,231,1109,132,231,1109,1
231,135,914,231,135,914,231,135,914,1
135,228,1123,135,228,1123,135,228,1123,1
228,131,915,228,131,915,228,131,915,1
131,200,1137,131,200,1137,131,200,1137,1
200,139,911,200,139,911,200,139,911,1
139,234,1144,139,234,1144,139,234,1144,1
234,130,920,234,130,920,234,130,920,1
130,245,1156,130,245,1156,130,245,1156,1
245,127,1077,245,127,1077,245,127,1077,1
127,236,1313,127,236,1313,127,236,1313,1
236,131,1066,236,131,1066,236,131,1066,1
131,188,1230,131,188,1230,131,188,1230,1
188,137,944,188,137,944,188,137,944,1
137,275,1135,137,275,1135,137,275,1135,1
275,133,923,275,133,923,275,133,923,1
133,276,1226,133,276,1226,133,276,1226,1
276,131,1038,276,131,1038,276,131,1038,1
131,240,1221,131,240,1221,131,240,1221,1
240,137,921,240,137,921,240,137,921,1
137,211,1108,137,211,1108,137,211,1108,1
211,130,854,211,130,854,211,130,854,1
130,227,1063,130,227,1063,130,227,1063,1
227,123,862,227,123,862,227,123,862,1
123,258,1105,123,258,1105,123,258,1105,1
258,136,894,258,136,894,258,136,894,1
136,268,1123,136,268,1123,136,268,1123,1
268,136,944,268,136,944,268,136,944,1
136,239,1219,136,239,1219,136,239,1219,1
239,126,994,239,126,994,239,126,994,1
126,248,1208,126,248,1208,126,248,1208,1
248,128,954,248,128,954,248,128,954,1
128,257,1161,128,257,1161,128,257,1161,1
257,137,909,257,137,909,257,137,909,1
137,122,1119,137,122,1119,137,122,1119,1
122,241,894,122,241,894,122,241,894,1
241,206,1109,241,206,1109,241,206,1109,1
206,137,882,206,137,882,206,137,882,1
137,199,1121,137,199,1121,137,199,1121,1
199,132,895,199,132,895,199,132,895,1
132,240,1141,132,240,1141,132,240,1141,1
240,125,916,240,125,916,240,125,916,1
125,283,1153,125,283,1153,125,283,1153,1
283,127,912,283,127,912,283,127,912,1
127,187,1129,127,187,1129,127,187,1129,1
187,123,897,187,123,897,187,123,897,1
123,159,1131,123,159,1131,123,159,1131,1
159,287,906,159,287,906,159,287,906,1
287,130,918,287,130,918,287,130,918,1
130,207,1177,130,207,1177,130,207,1177,1
207,129,944,207,129,944,207,129,944,1
129,188,1171,129,188,1171,129,188,1171,1
188,129,951,188,129,951,188,129,951,1
129,203,1174,129,203,1174,129,203,1174,1
203,123,953,203,123,953,203,123,953,1
123,193,1178,123,193,1178,123,193,1178,-1
193,136,952,193,136,952,193,136,952,1
136,132,953,136,132,953,136,132,953,1
132,319,1188,132,319,1188,132,319,1188,1
319,236,968,319,236,968,319,236,968,1
236,160,984,236,160,984,236,160,984,1
160,142,983,160,142,983,160,142,983,1
142,121,1183,142,121,1183,142,121,1183,1
121,193,977,121,193,977,121,193,977,1
193,137,977,193,137,977,193,137,977,1
137,130,1199,137,130,1199,137,130,1199,1
130,157,970,130,157,970,130,157,970,1
157,136,957,157,136,957,157,136,957,1
136,147,1180,136,147,1180,136,147,1180,-1
147,145,940,147,145,940,147,145,940,1
145,125,922,145,125,922,145,125,922,1
125,269,1140,125,269,1140,125,269,1140,1
269,133,909,269,133,909,269,133,909,1
133,252,1145,133,252,1145,133,252,1145,1
252,138,938,252,138,938,252,138,938,1
138,282,1175,138,282,1175,138,282,1175,1
282,139,944,282,139,944,282,139,944,1
139,128,1165,139,128,1165,139,128,1165,1
128,165,943,128,165,943,128,165,943,1
165,124,938,165,124,938,165,124,938,1
124,265,1173,124,265,1173,124,265,1173,1
265,126,962,265,126,962,265,126,962,1
126,225,1199,126,225,1199,126,225,1199,1
225,135,987,225,135,987,225,135,987,1
135,236,1201,135,236,1201,135,236,1201,1
236,137,984,236,137,984,236,137,984,1
137,281,1196,137,281,1196,137,281,1196,1
281,138,970,281,138,970,281,138,970,1
138,135,1187,138,135,1187,138,135,1187,1
135,133,971,135,133,971,135,133,971,1
133,134,963,133,134,963,133,134,963,1
134,222,1171,134,222,1171,134,222,1171,1
222,139,945,222,139,945,222,139,945,1
139,250,1158,139,250,1158,139,250,1158,1
250,129,945,250,129,945,250,129,945,1
129,251,1181,129,251,1181,129,251,1181,1
251,129,958,251,129,958,251,129,958,1
129,229,1187,129,229,1187,129,229,1187,1
229,136,961,229,136,961,229,136,961,1
136,213,1203,136,213,1203,136,213,1203,1
213,137,1035,213,137,1035,213,137,1035,1
137,218,1264,137,218,1264,137,218,1264,1
218,133,1015,218,133,1015,218,133,1015,1
133,237,1206,133,237,1206,133,237,1206,1
237,129,924,237,129,924,237,129,924,1
129,246,1127,129,246,1127,129,246,1127,1
246,135,881,246,135,881,246,135,881,1
135,236,1095,135,236,1095,135,236,1095,1
236,126,882,236,126,882,236,126,882,1
126,211,1116,126,211,1116,126,211,1116,1
211,134,900,211,134,900,211,134,900,1
134,256,1126,134,256,1126,134,256,1126,1
256,142,925,256,142,925,256,142,925,1
142,270,1138,142,270,1138,142,270,1138,1
270,133,929,270,133,929,270,133,929,1
133,249,1166,133,249,1166,133,249,1166,1
249,129,1065,249,129,1065,249,129,1065,1
129,185,1322,129,185,1322,129,185,1322,1
185,124,1067,185,124,1067,185,124,1067,1
124,192,1241,124,192,1241,124,192,1241,1
192,131,949,192,131,949,192,131,949,1
131,224,1125,131,224,1125,131,224,1125,1
224,133,857,224,133,857,224,133,857,1
133,141,1057,133,141,1057,133,141,1057,1
141,144,854,141,144,854,141,144,854,1
144,135,857,144,135,857,144,135,857,1
135,255,1073,135,255,1073,135,255,1073,1
255,134,887,255,134,887,255,134,887,1
134,244,1122,134,244,1122,134,244,1122,1
244,132,916,244,132,916,244,132,916,1
132,134,1147,132,134,1147,132,134,1147,1
134,131,922,134,131,922,134,131,922,1
131,128,929,131,128,929,131,128,929,1
128,245,1148,128,245,1148,128,245,1148,1
245,193,977,245,193,977,245,193,977,1
193,158,1002,193,158,1002,193,158,1002,1
158,144,983,158,144,983,158,144,983,1
144,235,1199,144,235,1199,144,235,1199,1
235,138,951,235,138,951,235,138,951,1
138,238,1162,138,238,1162,138,238,1162,1
238,125,929,238,125,929,238,125,929,1
125,252,1164,125,252,1164,125,252,1164,1
252,125,944,252,125,944,252,125,944,1
125,217,1174,125,217,1174,125,217,1174,1
217,130,958,217,130,958,217,130,958,1
130,225,1194,130,225,1194,130,225,1194,1
225,389,986,225,389,986,225,389,986,1
389,137,1040,389,137,1040,389,137,1040,1
137,286,1243,137,286,1243,137,286,1243,1
286,142,966,286,142,966,286,142,966,1
142,218,1161,142,218,1161,142,218,1161,1
218,133,906,218,133,906,218,133,906,1
133,213,1120,133,213,1120,133,213,1120,1
213,125,890,213,125,890,213,125,890,1
125,228,1116,125,228,1116,125,228,1116,1
228,126,893,228,126,893,228,126,893,1
126,198,1113,126,198,1113,126,198,1113,1
198,133,892,198,133,892,198,133,892,1
133,247,1124,133,247,1124,133,247,1124,1
247,137,916,247,137,916,247,137,916,1
137,283,1142,137,283,1142,137,283,1142,1
283,137,928,283,137,928,283,137,928,1
137,279,1148,137,279,1148,137,279,1148,1
279,134,940,279,134,940,279,134,940,1
134,227,1159,134,227,1159,134,227,1159,1
227,125,951,227,125,951,227,125,951,1
125,256,1179,125,256,1179,125,256,1179,-1
256,130,965,256,130,965,256,130,965,1
130,254,1190,130,254,1190,130,254,1190,1
254,142,1043,254,142,1043,254,142,1043,1
142,259,1240,142,259,1240,142,259,1240,1
259,136,990,259,136,990,259,136,990,1
136,216,1175,136,216,1175,136,216,1175,1
216,130,913,216,130,913,216,130,913,1
130,228,1130,130,228,1130,130,228,1130,1
228,136,872,228,136,872,228,136,872,1
136,263,1081,136,263,1081,136,263,1081,1
263,131,863,263,131,863,263,131,863,1
131,249,1073,131,249,1073,131,249,1073,1
249,346,898,249,346,898,249,346,898,1
346,138,953,346,138,953,346,138,953,1
138,252,1195,138,252,1195,138,252,1195,1
252,137,984,252,137,984,252,137,984,1
137,282,1196,137,282,1196,137,282,1196,1
282,123,983,282,123,983,282,123,983,1
123,263,1204,123,263,1204,123,263,1204,1
263,129,978,263,129,978,263,129,978,1
129,235,1204,129,235,1204,129,235,1204,1
235,137,993,235,137,993,235,137,993,1
137,233,1197,137,233,1197,137,233,1197,1
233,135,940,233,135,940,233,135,940,1
135,136,1136,135,136,1136,135,136,1136,1
136,126,910,136,126,910,136,126,910,1
126,134,911,126,134,911,126,134,911,1
134,263,1131,134,263,1131,134,263,1131,1
263,138,1024,263,138,1024,263,138,1024,1
138,219,1243,138,219,1243,138,219,1243,1
219,140,1036,219,140,1036,219,140,1036,1
140,241,1167,140,241,1167,140,241,1167,1
241,131,905,241,131,905,241,131,905,1
131,252,1070,131,252,1070,131,252,1070,1
252,132,838,252,132,838,252,132,838,1
132,250,1049,132,250,1049,132,250,1049,1
250,136,858,250,136,858,250,136,858,1
136,241,1089,136,241,1089,136,241,1089,1
241,129,869,241,129,869,241,129,869,1
129,233,1106,129,233,1106,129,233,1106,1
233,136,890,233,136,890,233,136,890,1
136,228,1131,136,228,1131,136,228,1131,1
228,136,918,228,136,918,228,136,918,1
136,236,1152,136,236,1152,136,236,1152,1
236,131,935,236,131,935,236,131,935,1
131,208,1178,131,208,1178,131,208,1178,1
208,127,1030,208,127,1030,208,127,1030,1
127,221,1336,127,221,1336,127,221,1336,1
221,139,1098,221,139,1098,221,139,1098,1
139,295,1268,139,295,1268,139,295,1268,1
295,136,931,295,136,931,295,136,931,1
136,139,1105,136,139,1105,136,139,1105,1
139,131,847,139,131,847,139,131,847,1
131,125,823,131,125,823,131,125,823,1
125,243,1061,125,243,1061,125,243,1061,1
243,135,839,243,135,839,243,135,839,1
135,251,1084,135,251,1084,135,251,1084,1
251,131,891,251,131,891,251,131,891,1
131,259,1146,131,259,1146,131,259,1146,1
259,128,1000,259,128,1000,259,128,1000,1
128,252,1244,128,252,1244,128,252,1244,1
252,134,973,252,134,973,252,134,973,1
134,208,1178,134,208,1178,134,208,1178,1
208,139,881,208,139,881,208,139,881,1
139,209,1111,139,209,1111,139,209,1111,1
209,125,855,209,125,855,209,125,855,1
125,237,1096,125,237,1096,125,237,1096,1
237,130,891,237,130,891,237,130,891,1
130,236,1137,130,236,1137,130,236,1137,1
236,134,1016,236,134,1016,236,134,1016,1
134,190,1273,134,190,1273,134,190,1273,1
190,121,1023,190,121,1023,190,121,1023,1
121,221,1218,121,221,1218,121,221,1218,1
221,142,913,221,142,913,221,142,913,1
142,277,1112,142,277,1112,142,277,1112,1
277,131,889,277,131,889,277,131,889,1
131,128,1130,131,128,1130,131,128,1130,1
128,145,908,128,145,908,128,145,908,1
145,134,918,145,134,918,145,134,918,1
134,245,1161,134,245,1161,134,245,1161,1
245,129,948,245,129,948,245,129,948,1
129,246,1186,129,246,1186,129,246,1186,1
246,131,1027,246,131,1027,246,131,1027,1
131,248,1286,131,248,1286,131,248,1286,1
248,132,1027,248,132,1027,248,132,1027,1
132,268,1223,132,268,1223,132,268,1223,1
268,137,896,268,137,896,268,137,896,1
137,226,1107,137,226,1107,137,226,1107,1
226,135,852,226,135,852,226,135,852,1
135,223,1080,135,223,1080,135,223,1080,1
223,130,859,223,130,859,223,130,859,1
130,260,1119,130,260,1119,130,260,1119,1
260,136,969,260,136,969,260,136,969,1
136,240,1249,136,240,1249,136,240,1249,1
240,130,1032,240,130,1032,240,130,1032,1
130,192,1256,130,192,1256,130,192,1256,1
192,136,981,192,136,981,192,136,981,1
136,229,1191,136,229,1191,136,229,1191,1
229,135,946,229,135,946,229,135,946,1
135,276,1167,135,276,1167,135,276,1167,1
276,133,939,276,133,939,276,133,939,1
133,127,1180,133,127,1180,133,127,1180,1
127,137,944,127,137,944,127,137,944,1
137,132,932,137,132,932,137,132,932,1
132,218,1166,132,218,1166,132,218,1166,1
218,127,940,218,127,940,218,127,940,1
127,232,1177,127,232,1177,127,232,1177,1
232,123,906,232,123,906,232,123,906,1
123,259,1138,123,259,1138,123,259,1138,1
259,141,882,259,141,882,259,141,882,1
141,261,1141,141,261,1141,141,261,1141,1
261,135,922,261,135,922,261,135,922,1
135,237,1183,135,237,1183,135,237,1183,1
237,321,960,237,321,960,237,321,960,1
321,131,964,321,131,964,321,131,964,1
131,223,1207,131,223,1207,131,223,1207,1
223,125,966,223,125,966,223,125,966,1
125,229,1200,125,229,1200,125,229,1200,1
229,320,941,229,320,941,229,320,941,1
320,140,906,320,140,906,320,140,906,1
140,122,1139,140,122,1139,140,122,1139,1
122,142,921,122,142,921,122,142,921,1
142,139,919,142,139,919,142,139,919,1
139,283,1153,139,283,1153,139,283,1153,1
283,125,945,283,125,945,283,125,945,1
125,267,1204,125,267,1204,125,267,1204,1
267,126,989,267,126,989,267,126,989,1
126,227,1213,126,227,1213,126,227,1213,1
227,130,931,227,130,931,227,130,931,1
130,238,1151,130,238,1151,130,238,1151,1
238,126,907,238,126,907,238,126,907,1
126,262,1166,126,262,1166,126,262,1166,1
262,138,1048,262,138,1048,262,138,1048,1
138,235,1264,138,235,1264,138,235,1264,1
235,144,984,235,144,984,235,144,984,1
144,227,1164,144,227,1164,144,227,1164,1
227,133,876,227,133,876,227,133,876,1
133,121,1078,133,121,1078,133,121,1078,1
121,125,846,121,125,846,121,125,846,1
125,128,833,125,128,833,125,128,833,1
128,246,1074,128,246,1074,128,246,1074,1
246,124,842,246,124,842,246,124,842,1
124,209,1073,124,209,1073,124,209,1073,1
209,135,868,209,135,868,209,135,868,1
135,243,1111,135,243,1111,135,243,1111,1
243,136,912,243,136,912,243,136,912,1
136,245,1164,136,245,1164,136,245,1164,1
245,136,955,245,136,955,245,136,955,1
136,236,1207,136,236,1207,136,236,1207,1
236,141,1024,236,141,1024,236,141,1024,1
141,211,1214,141,211,1214,141,211,1214,1
211,131,934,211,131,934,211,131,934,1
131,226,1134,131,226,1134,131,226,1134,1
226,129,857,226,129,857,226,129,857,1
129,241,1071,129,241,1071,129,241,1071,1
241,131,850,241,131,850,241,131,850,1
131,279,1101,131,279,1101,131,279,1101,1
279,146,907,279,146,907,279,146,907,1
146,234,1132,146,234,1132,146,234,1132,1
234,138,932,234,138,932,234,138,932,1
138,226,1172,138,226,1172,138,226,1172,1
226,133,958,226,133,958,226,133,958,1
133,260,1179,133,260,1179,133,260,1179,1
260,132,951,260,132,951,260,132,951,1
132,123,1198,132,123,1198,132,123,1198,1
123,136,966,123,136,966,123,136,966,1
136,342,963,136,342,963,136,342,963,1
342,137,983,342,137,983,342,137,983,1
137,216,1209,137,216,1209,137,216,1209,1
216,137,941,216,137,941,216,137,941,1
137,253,1153,137,253,1153,137,253,1153,1
253,138,918,253,138,918,253,138,918,1
138,272,1142,138,272,1142,138,272,1142,1
272,130,921,272,130,921,272,130,921,1
130,246,1153,130,246,1153,130,246,1153,1
246,132,919,246,132,919,246,132,919,1
132,261,1165,132,261,1165,132,261,1165,1
261,124,959,261,124,959,261,124,959,1
124,287,1192,124,287,1192,124,287,1192,1
287,138,956,287,138,956,287,138,956,1
138,144,1195,138,144,1195,138,144,1195,1
144,142,959,144,142,959,144,142,959,1
142,134,983,142,134,983,142,134,983,1
134,123,1242,134,123,1242,134,123,1242,1
123,250,1010,123,250,1010,123,250,1010,1
250,251,1208,250,251,1208,250,251,1208,1
251,131,957,251,131,957,251,131,957,1
131,256,1233,131,256,1233,131,256,1233,1
256,128,1005,256,128,1005,256,128,1005,1
128,257,1190,128,257,1190,128,257,1190,1
257,145,871,257,145,871,257,145,871,1
145,246,1064,145,246,1064,145,246,1064,1
246,137,822,246,137,822,246,137,822,1
137,260,1072,137,260,1072,137,260,1072,1
260,131,882,260,131,882,260,131,882,1
131,256,1128,131,256,1128,131,256,1128,1
256,135,941,256,135,941,256,135,941,1
135,252,1217,135,252,1217,135,252,1217,1
252,133,1029,252,133,1029,252,133,1029,1
133,222,1250,133,222,1250,133,222,1250,1
222,363,971,222,363,971,222,363,971,1
363,144,915,363,144,915,363,144,915,1
144,285,1123,144,285,1123,144,285,1123,1
285,136,925,285,136,925,285,136,925,1
136,247,1149,136,247,1149,136,247,1149,1
247,129,921,247,129,921,247,129,921,1
129,205,1153,129,205,1153,129,205,1153,1
205,133,971,205,133,971,205,133,971,1
133,215,1241,133,215,1241,133,215,1241,1
215,132,994,215,132,994,215,132,994,1
132,231,1192,132,231,1192,132,231,1192,1
231,130,923,231,130,923,231,130,923,1
130,254,1133,130,254,1133,130,254,1133,1
254,134,912,254,134,912,254,134,912,1
134,222,1138,134,222,1138,134,222,1138,1
222,139,924,222,139,924,222,139,924,1
139,233,1185,139,233,1185,139,233,1185,1
233,128,993,233,128,993,233,128,993,1
128,250,1203,128,250,1203,128,250,1203,1
250,128,937,250,128,937,250,128,937,1
128,241,1137,128,241,1137,128,241,1137,1
241,130,899,241,130,899,241,130,899,1
130,190,1127,130,190,1127,130,190,1127,1
190,133,908,190,133,908,190,133,908,1
133,238,1142,133,238,1142,133,238,1142,1
238,135,934,238,135,934,238,135,934,1
135,255,1154,135,255,1154,135,255,1154,1
255,132,973,255,132,973,255,132,973,1
132,232,1150,132,232,1150,132,232,1150,1
232,139,950,232,139,950,232,139,950,1
139,221,1185,139,221,1185,139,221,1185,1
221,129,1025,221,129,1025,221,129,1025,1
129,224,1238,129,224,1238,129,224,1238,1
224,130,964,224,130,964,224,130,964,1
130,253,1149,130,253,1149,130,253,1149,1
253,133,877,253,133,877,253,133,877,1
133,141,1106,133,141,1106,133,141,1106,1
141,135,885,141,135,885,141,135,885,1
135,138,885,135,138,885,135,138,885,1
138,230,1121,138,230,1121,138,230,1121,1
230,134,908,230,134,908,230,134,908,1
134,212,1153,134,212,1153,134,212,1153,1
212,130,918,212,130,918,212,130,918,1
130,252,1162,130,252,1162,130,252,1162,1
252,135,922,252,135,922,252,135,922,1
135,139,1150,135,139,1150,135,139,1150,1
139,126,925,139,126,925,139,126,925,1
126,128,914,126,128,914,126,128,914,1
128,192,1163,128,192,1163,128,192,1163,1
192,133,922,192,133,922,192,133,922,1
133,212,1182,133,212,1182,133,212,1182,1
212,131,965,212,131,965,212,131,965,1
131,267,1204,131,267,1204,131,267,1204,1
267,136,980,267,136,980,267,136,980,1
136,273,1219,136,273,1219,136,273,1219,1
273,133,987,273,133,987,273,133,987,1
133,241,1216,133,241,1216,133,241,1216,1
241,128,956,241,128,956,241,128,956,1
128,256,1164,128,256,1164,128,256,1164,1
256,121,917,256,121,917,256,121,917,1
121,271,1163,121,271,1163,121,271,1163,1
271,139,940,271,139,940,271,139,940,1
139,130,1198,139,130,1198,139,130,1198,1
130,121,1001,130,121,1001,130,121,1001,1
121,134,986,121,134,986,121,134,986,1
134,228,1196,134,228,1196,134,228,1196,1
228,124,913,228,124,913,228,124,913,1
124,130,1135,124,130,1135,124,130,1135,1
130,124,892,130,124,892,130,124,892,1
124,135,877,124,135,877,124,135,877,1
135,126,1121,135,126,1121,135,126,1121,1
126,125,892,126,125,892,126,125,892,1
125,132,894,125,132,894,125,132,894,1
132,214,1145,132,214,1145,132,214,1145,1
214,133,918,214,133,918,214,133,918,1
133,226,1156,133,226,1156,133,226,1156,1
226,142,936,226,142,936,226,142,936,1
142,236,1177,142,236,1177,142,236,1177,1
236,132,944,236,132,944,236,132,944,1
132,258,1228,132,258,1228,132,258,1228,1
258,129,1019,258,129,1019,258,129,1019,1
129,257,1218,129,257,1218,129,257,1218,1
257,133,921,257,133,921,257,133,921,1
133,223,1135,133,223,1135,133,223,1135,1
223,178,882,223,178,882,223,178,882,1
178,356,927,178,356,927,178,356,927,1
356,139,904,356,139,904,356,139,904,1
139,236,1107,139,236,1107,139,236,1107,1
236,143,928,236,143,928,236,143,928,1
143,208,1145,143,208,1145,143,208,1145,1
208,129,940,208,129,940,208,129,940,1
129,189,1209,129,189,1209,129,189,1209,1
189,127,1021,189,127,1021,189,127,1021,1
127,232,1247,127,232,1247,127,232,1247,1
232,130,956,232,130,956,232,130,956,1
130,268,1147,130,268,1147,130,268,1147,1
268,198,869,268,198,869,268,198,869,1
198,182,899,198,182,899,198,182,899,1
182,134,911,182,134,911,182,134,911,1
134,156,1161,134,156,1161,134,156,1161,1
156,125,944,156,125,944,156,125,944,1
125,131,950,125,131,950,125,131,950,1
131,282,1205,131,282,1205,131,282,1205,1
282,132,977,282,132,977,282,132,977,1
132,143,1213,132,143,1213,132,143,1213,1
143,245,959,143,245,959,143,245,959,1
245,228,1187,245,228,1187,245,228,1187,1
228,131,974,228,131,974,228,131,974,1
131,231,1225,131,231,1225,131,231,1225,1
231,186,974,231,186,974,231,186,974,1
186,130,1043,186,130,1043,186,130,1043,1
130,289,1200,130,289,1200,130,289,1200,1
289,142,934,289,142,934,289,142,934,1
142,228,1100,142,228,1100,142,228,1100,1
228,122,871,228,122,871,228,122,871,1
122,254,1107,122,254,1107,122,254,1107,1
254,135,879,254,135,879,254,135,879,1
135,263,1103,135,263,1103,135,263,1103,1
263,129,911,263,129,911,263,129,911,1
129,234,1181,129,234,1181,129,234,1181,1
234,126,984,234,126,984,234,126,984,1
126,220,1209,126,220,1209,126,220,1209,1
220,142,942,220,142,942,220,142,942,1
142,247,1175,142,247,1175,142,247,1175,1
247,139,940,247,139,940,247,139,940,1
139,272,1167,139,272,1167,139,272,1167,1
272,129,972,272,129,972,272,129,972,1
129,244,1254,129,244,1254,129,244,1254,1
244,124,1062,244,124,1062,244,124,1062,1
124,225,1258,124,225,1258,124,225,1258,1
225,134,954,225,134,954,225,134,954,1
134,239,1159,134,239,1159,134,239,1159,1
239,134,891,239,134,891,239,134,891,1
134,151,1130,134,151,1130,134,151,1130,1
151,130,946,151,130,946,151,130,946,1
130,138,960,130,138,960,130,138,960,1
138,254,1177,138,254,1177,138,254,1177,1
254,134,899,254,134,899,254,134,899,1
134,210,1112,134,210,1112,134,210,1112,1
210,131,873,210,131,873,210,131,873,1
131,241,1125,131,241,1125,131,241,1125,1
241,126,915,241,126,915,241,126,915,1
126,238,1169,126,238,1169,126,238,1169,1
238,125,1008,238,125,1008,238,125,1008,1
125,233,1277,125,233,1277,125,233,1277,1
233,144,1003,233,144,1003,233,144,1003,1
144,232,1202,144,232,1202,144,232,1202,1
232,140,939,232,140,939,232,140,939,1
140,238,1167,140,238,1167,140,238,1167,1
238,137,926,238,137,926,238,137,926,1
137,242,1164,137,242,1164,137,242,1164,1
242,129,927,242,129,927,242,129,927,1
129,256,1174,129,256,1174,129,256,1174,1
256,130,952,256,130,952,256,130,952,1
130,213,1194,130,213,1194,130,213,1194,1
213,340,1014,213,340,1014,213,340,1014,1
340,134,988,340,134,988,340,134,988,1
134,151,1204,134,151,1204,134,151,1204,1
151,128,957,151,128,957,151,128,957,1
128,145,942,128,145,942,128,145,942,1
145,256,1174,145,256,1174,145,256,1174,1
256,130,928,256,130,928,256,130,928,1
130,214,1183,130,214,1183,130,214,1183,1
214,130,944,214,130,944,214,130,944,1
130,244,1215,130,244,1215,130,244,1215,1
244,124,992,244,124,992,244,124,992,1
124,256,1200,124,256,1200,124,256,1200,1
256,122,916,256,122,916,256,122,916,1
122,250,1139,122,250,1139,122,250,1139,1
250,140,892,250,140,892,250,140,892,1
140,259,1154,140,259,1154,140,259,1154,1
259,136,930,259,136,930,259,136,930,1
136,276,1179,136,276,1179,136,276,1179,1
276,133,965,276,133,965,276,133,965,1
133,250,1220,133,250,1220,133,250,1220,1
250,123,1014,250,123,1014,250,123,1014,1
123,199,1271,123,199,1271,123,199,1271,1
199,128,989,199,128,989,199,128,989,1
128,234,1208,128,234,1208,128,234,1208,1
234,138,948,234,138,948,234,138,948,1
138,284,1162,138,284,1162,138,284,1162,1
284,142,920,284,142,920,284,142,920,1
142,267,1145,142,267,1145,142,267,1145,1
267,132,914,267,132,914,267,132,914,1
132,224,1158,132,224,1158,132,224,1158,1
224,138,908,224,138,908,224,138,908,1
138,247,1144,138,247,1144,138,247,1144,1
247,127,917,247,127,917,247,127,917,1
127,245,1172,127,245,1172,127,245,1172,1
245,126,946,245,126,946,245,126,946,1
126,251,1211,126,251,1211,126,251,1211,1
251,139,979,251,139,979,251,139,979,1
139,244,1222,139,244,1222,139,244,1222,1
244,138,979,244,138,979,244,138,979,1
138,255,1203,138,255,1203,138,255,1203,1
255,130,964,255,130,964,255,130,964,1
130,252,1195,130,252,1195,130,252,1195,1
252,128,967,252,128,967,252,128,967,1
128,242,1209,128,242,1209,128,242,1209,1
242,136,956,242,136,956,242,136,956,1
136,205,1172,136,205,1172,136,205,1172,1
205,227,916,205,227,916,205,227,916,1
227,128,920,227,128,920,227,128,920,1
128,139,908,128,139,908,128,139,908,1
139,270,1131,139,270,1131,139,270,1131,1
270,132,939,270,132,939,270,132,939,1
132,260,1166,132,260,1166,132,260,1166,1
260,131,914,260,131,914,260,131,914,1
131,219,1117,131,219,1117,131,219,1117,1
219,129,899,219,129,899,219,129,899,1
129,230,1148,129,230,1148,129,230,1148,1
230,130,900,230,130,900,230,130,900,1
130,252,1130,130,252,1130,130,252,1130,1
252,138,904,252,138,904,252,138,904,1
138,272,1135,138,272,1135,138,272,1135,1
272,135,929,272,135,929,272,135,929,1
135,226,1154,135,226,1154,135,226,1154,1
226,134,937,226,134,937,226,134,937,1
134,230,1179,134,230,1179,134,230,1179,1
230,136,950,230,136,950,230,136,950,1
136,246,1166,136,246,1166,136,246,1166,1
246,133,924,246,133,924,246,133,924,1
133,244,1169,133,244,1169,133,244,1169,1
244,128,959,244,128,959,244,128,959,1
128,194,1181,128,194,1181,128,194,1181,1
194,136,919,194,136,919,194,136,919,1
136,255,1123,136,255,1123,136,255,1123,1
255,137,917,255,137,917,255,137,917,1
137,150,1133,137,150,1133,137,150,1133,1
150,123,929,150,123,929,150,123,929,1
123,131,937,123,131,937,123,131,937,1
131,240,1151,131,240,1151,131,240,1151,1
240,137,940,240,137,940,240,137,940,1
137,216,1169,137,216,1169,137,216,1169,1
216,133,920,216,133,920,216,133,920,1
133,231,1150,133,231,1150,133,231,1150,1
231,130,912,231,130,912,231,130,912,1
130,220,1154,130,220,1154,130,220,1154,1
220,134,926,220,134,926,220,134,926,1
134,243,1172,134,243,1172,134,243,1172,1
243,139,941,243,139,941,243,139,941,1
139,221,1177,139,221,1177,139,221,1177,1
221,134,957,221,134,957,221,134,957,1
134,224,1187,134,224,1187,134,224,1187,1
224,126,961,224,126,961,224,126,961,1
126,245,1207,126,245,1207,126,245,1207,1
245,132,963,245,132,963,245,132,963,1
132,246,1192,132,246,1192,132,246,1192,1
246,130,930,246,130,930,246,130,930,1
130,217,1173,130,217,1173,130,217,1173,1
217,144,927,217,144,927,217,144,927,1
144,241,1142,144,241,1142,144,241,1142,1
241,137,923,241,137,923,241,137,923,1
137,241,1156,137,241,1156,137,241,1156,1
241,136,919,241,136,919,241,136,919,1
136,239,1142,136,239,1142,136,239,1142,1
239,130,880,239,130,880,239,130,880,1
130,200,1121,130,200,1121,130,200,1121,1
200,122,887,200,122,887,200,122,887,1
122,224,1135,122,224,1135,122,224,1135,1
224,125,916,224,125,916,224,125,916,1
125,233,1177,125,233,1177,125,233,1177,1
233,143,919,233,143,919,233,143,919,1
143,254,1135,143,254,1135,143,254,1135,1
254,146,915,254,146,915,254,146,915,1
146,221,1162,146,221,1162,146,221,1162,1
221,131,944,221,131,944,221,131,944,1
131,235,1193,131,235,1193,131,235,1193,1
235,134,960,235,134,960,235,134,960,1
134,256,1194,134,256,1194,134,256,1194,1
256,128,971,256,128,971,256,128,971,1
128,234,1195,128,234,1195,128,234,1195,1
234,187,961,234,187,961,234,187,961,1
187,124,972,187,124,972,187,124,972,1
124,139,936,124,139,936,124,139,936,1
139,237,1146,139,237,1146,139,237,1146,1
237,141,912,237,141,912,237,141,912,1
141,260,1147,141,260,1147,141,260,1147,1
260,133,934,260,133,934,260,133,934,1
133,254,1186,133,254,1186,133,254,1186,1
254,129,934,254,129,934,254,129,934,1
129,212,1187,129,212,1187,129,212,1187,1
212,129,943,212,129,943,212,129,943,1
129,229,1179,129,229,1179,129,229,1179,1
229,381,947,229,381,947,229,381,947,1
381,134,957,381,134,957,381,134,957,1
134,143,1197,134,143,1197,134,143,1197,1
143,259,965,143,259,965,143,259,965,1
259,223,1169,259,223,1169,259,223,1169,1
223,129,923,223,129,923,223,129,923,1
129,237,1155,129,237,1155,129,237,1155,1
237,134,934,237,134,934,237,134,934,1
134,230,1172,134,230,1172,134,230,1172,1
230,127,939,230,127,939,230,127,939,1
127,223,1187,127,223,1187,127,223,1187,1
223,130,950,223,130,950,223,130,950,1
130,223,1186,130,223,1186,130,223,1186,1
223,138,946,223,138,946,223,138,946,1
138,227,1195,138,227,1195,138,227,1195,1
227,131,941,227,131,941,227,131,941,1
131,244,1186,131,244,1186,131,244,1186,1
244,124,934,244,124,934,244,124,934,1
124,243,1164,124,243,1164,124,243,1164,1
243,130,908,243,130,908,243,130,908,1
130,229,1130,130,229,1130,130,229,1130,1
229,183,897,229,183,897,229,183,897,1
183,365,960,183,365,960,183,365,960,1
365,137,913,365,137,913,365,137,913,1
137,276,1129,137,276,1129,137,276,1129,1
276,146,931,276,146,931,276,146,931,1
146,247,1148,146,247,1148,146,247,1148,1
247,131,933,247,131,933,247,131,933,1
131,224,1180,131,224,1180,131,224,1180,1
224,132,946,224,132,946,224,132,946,1
132,235,1189,132,235,1189,132,235,1189,1
235,126,953,235,126,953,235,126,953,1
126,252,1202,126,252,1202,126,252,1202,1
252,350,953,252,350,953,252,350,953,1
350,135,931,350,135,931,350,135,931,1
135,202,1148,135,202,1148,135,202,1148,1
202,131,917,202,131,917,202,131,917,1
131,218,1157,131,218,1157,131,218,1157,1
218,135,907,218,135,907,218,135,907,1
135,253,1127,135,253,1127,135,253,1127,1
253,130,894,253,130,894,253,130,894,1
130,212,1126,130,212,1126,130,212,1126,1
212,125,915,212,125,915,212,125,915,1
125,217,1159,125,217,1159,125,217,1159,1
217,372,923,217,372,923,217,372,923,1
372,142,937,372,142,937,372,142,937,1
142,290,1155,142,290,1155,142,290,1155,1
290,131,931,290,131,931,290,131,931,1
131,236,1163,131,236,1163,131,236,1163,1
236,201,939,236,201,939,236,201,939,1
201,160,946,201,160,946,201,160,946,1
160,134,919,160,134,919,160,134,919,1
134,251,1144,134,251,1144,134,251,1144,1
251,131,912,251,131,912,251,131,912,1
131,236,1154,131,236,1154,131,236,1154,1
236,132,912,236,132,912,236,132,912,1
132,232,1141,132,232,1141,132,232,1141,1
232,135,912,232,135,912,232,135,912,1
135,235,1147,135,235,1147,135,235,1147,1
235,134,921,235,134,921,235,134,921,1
134,251,1145,134,251,1145,134,251,1145,1
251,126,923,251,126,923,251,126,923,1
126,245,1155,126,245,1155,126,245,1155,1
245,124,909,245,124,909,245,124,909,1
124,208,1130,124,208,1130,124,208,1130,1
208,134,880,208,134,880,208,134,880,1
134,206,1115,134,206,1115,134,206,1115,1
206,134,902,206,134,902,206,134,902,1
134,255,1142,134,255,1142,134,255,1142,1
255,138,937,255,138,937,255,138,937,1
138,259,1171,138,259,1171,138,259,1171,1
259,130,930,259,130,930,259,130,930,1
130,210,1166,130,210,1166,130,210,1166,1
210,130,936,210,130,936,210,130,936,1
130,225,1171,130,225,1171,130,225,1171,1
225,125,950,225,125,950,225,125,950,1
125,233,1181,125,233,1181,125,233,1181,1
233,125,956,233,125,956,233,125,956,1
125,233,1189,125,233,1189,125,233,1189,1
233,140,958,233,140,958,233,140,958,1
140,239,1175,140,239,1175,140,239,1175,1
239,140,949,239,140,949,239,140,949,1
140,231,1185,140,231,1185,140,231,1185,1
231,135,950,231,135,950,231,135,950,1
135,249,1170,135,249,1170,135,249,1170,1
249,128,918,249,128,918,249,128,918,1
128,255,1149,128,255,1149,128,255,1149,1
255,130,918,255,130,918,255,130,918,1
130,233,1154,130,233,1154,130,233,1154,1
233,127,934,233,127,934,233,127,934,1
127,223,1174,127,223,1174,127,223,1174,1
223,135,943,223,135,943,223,135,943,1
135,291,1151,135,291,1151,135,291,1151,1
291,148,956,291,148,956,291,148,956,1
148,250,1171,148,250,1171,148,250,1171,1
250,130,938,250,130,938,250,130,938,1
130,196,1175,130,196,1175,130,196,1175,1
196,129,937,196,129,937,196,129,937,1
129,242,1145,129,242,1145,129,242,1145,1
242,127,927,242,127,927,242,127,927,1
127,258,1157,127,258,1157,127,258,1157,1
258,124,933,258,124,933,258,124,933,1
124,242,1141,124,242,1141,124,242,1141,1
242,142,908,242,142,908,242,142,908,1
142,250,1114,142,250,1114,142,250,1114,1
250,139,918,250,139,918,250,139,918,1
139,266,1140,139,266,1140,139,266,1140,1
266,125,931,266,125,931,266,125,931,1
125,251,1166,125,251,1166,125,251,1166,1
251,124,946,251,124,946,251,124,946,1
124,209,1176,124,209,1176,124,209,1176,1
209,131,942,209,131,942,209,131,942,1
131,193,1169,131,193,1169,131,193,1169,1
193,330,942,193,330,942,193,330,942,1
330,147,941,330,147,941,330,147,941,1
147,274,1161,147,274,1161,147,274,1161,1
274,135,960,274,135,960,274,135,960,1
135,242,1180,135,242,1180,135,242,1180,1
242,124,962,242,124,962,242,124,962,1
124,271,1195,124,271,1195,124,271,1195,1
271,128,964,271,128,964,271,128,964,1
128,126,1189,128,126,1189,128,126,1189,1
126,137,971,126,137,971,126,137,971,1
137,125,973,137,125,973,137,125,973,1
125,235,1193,125,235,1193,125,235,1193,1
235,135,967,235,135,967,235,135,967,1
135,220,1180,135,220,1180,135,220,1180,1
220,140,942,220,140,942,220,140,942,1
140,250,1157,140,250,1157,140,250,1157,1
250,133,942,250,133,942,250,133,942,1
133,250,1171,133,250,1171,133,250,1171,1
250,130,952,250,130,952,250,130,952,1
130,251,1170,130,251,1170,130,251,1170,1
251,132,945,251,132,945,251,132,945,1
132,230,1171,132,230,1171,132,230,1171,1
230,130,955,230,130,955,230,130,955,1
130,217,1171,130,217,1171,130,217,1171,1
217,137,970,217,137,970,217,137,970,1
137,264,1144,137,264,1144,137,264,1144,1
264,136,964,264,136,964,264,136,964,1
136,261,1150,136,261,1150,136,261,1150,1
261,136,936,261,136,936,261,136,936,1
136,215,1147,136,215,1147,136,215,1147,1
215,129,941,215,129,941,215,129,941,1
129,204,1174,129,204,1174,129,204,1174,1
204,124,945,204,124,945,204,124,945,1
124,232,1169,124,232,1169,124,232,1169,1
232,133,947,232,133,947,232,133,947,1
133,218,1159,133,218,1159,133,218,1159,1
218,138,940,218,138,940,218,138,940,1
138,208,1156,138,208,1156,138,208,1156,1
208,134,935,208,134,935,208,134,935,1
134,228,1166,134,228,1166,134,228,1166,1
228,138,939,228,138,939,228,138,939,1
138,238,1160,138,238,1160,138,238,1160,1
238,133,950,238,133,950,238,133,950,1
133,254,1185,133,254,1185,133,254,1185,1
254,125,948,254,125,948,254,125,948,1
125,205,1160,125,205,1160,125,205,1160,1
205,124,923,205,124,923,205,124,923,1
124,181,1153,124,181,1153,124,181,1153,1
181,135,925,181,135,925,181,135,925,1
135,125,1147,135,125,1147,135,125,1147,1
125,151,950,125,151,950,125,151,950,1
151,138,952,151,138,952,151,138,952,1
138,263,1169,138,263,1169,138,263,1169,1
263,135,938,263,135,938,263,135,938,1
135,223,1142,135,223,1142,135,223,1142,1
223,135,921,223,135,921,223,135,921,1
135,233,1149,135,233,1149,135,233,1149,1
233,129,945,233,129,945,233,129,945,1
129,256,1174,129,256,1174,129,256,1174,1
256,126,950,256,126,950,256,126,950,1
126,244,1167,126,244,1167,126,244,1167,1
244,135,965,244,135,965,244,135,965,1
135,238,1169,135,238,1169,135,238,1169,1
238,144,938,238,144,938,238,144,938,1
144,135,1150,144,135,1150,144,135,1150,1
135,126,945,135,126,945,135,126,945,1
126,135,941,126,135,941,126,135,941,1
135,242,1154,135,242,1154,135,242,1154,1
242,131,940,242,131,940,242,131,940,1
131,254,1170,131,254,1170,131,254,1170,1
254,126,948,254,126,948,254,126,948,1
126,241,1177,126,241,1177,126,241,1177,1
241,347,958,241,347,958,241,347,958,1
347,135,948,347,135,948,347,135,948,1
135,250,1167,135,250,1167,135,250,1167,1
250,132,941,250,132,941,250,132,941,1
132,261,1173,132,261,1173,132,261,1173,1
261,131,951,261,131,951,261,131,951,1
131,245,1177,131,245,1177,131,245,1177,1
245,132,937,245,132,937,245,132,937,1
132,198,1156,132,198,1156,132,198,1156,1
198,129,921,198,129,921,198,129,921,1
129,229,1166,129,229,1166,129,229,1166,1
229,208,952,229,208,952,229,208,952,1
208,188,951,208,188,951,208,188,951,1
188,139,957,188,139,957,188,139,957,1
139,137,1184,139,137,1184,139,137,1184,1
137,132,962,137,132,962,137,132,962,1
132,134,950,132,134,950,132,134,950,1
134,220,1178,134,220,1178,134,220,1178,1
220,124,937,220,124,937,220,124,937,1
124,252,1177,124,252,1177,124,252,1177,1
252,136,937,252,136,937,252,136,937,1
136,257,1162,136,257,1162,136,257,1162,1
257,130,934,257,130,934,257,130,934,1
130,211,1168,130,211,1168,130,211,1168,1
211,134,929,211,134,929,211,134,929,1
134,221,1161,134,221,1161,134,221,1161,1
221,132,932,221,132,932,221,132,932,1
132,244,1162,132,244,1162,132,244,1162,1
244,136,939,244,136,939,244,136,939,1
136,233,1183,136,233,1183,136,233,1183,1
233,131,929,233,131,929,233,131,929,1
131,222,1148,131,222,1148,131,222,1148,1
222,124,895,222,124,895,222,124,895,1
124,195,1138,124,195,1138,124,195,1138,1
195,132,891,195,132,891,195,132,891,1
132,218,1137,132,218,1137,132,218,1137,1
218,138,913,218,138,913,218,138,913,1
138,253,1152,138,253,1152,138,253,1152,1
253,136,931,253,136,931,253,136,931,1
136,234,1157,136,234,1157,136,234,1157,1
234,137,923,234,137,923,234,137,923,1
137,200,1164,137,200,1164,137,200,1164,1
200,133,929,200,133,929,200,133,929,1
133,225,1177,133,225,1177,133,225,1177,1
225,126,938,225,126,938,225,126,938,1
126,233,1172,126,233,1172,126,233,1172,1
233,126,904,233,126,904,233,126,904,1
126,200,1134,126,200,1134,126,200,1134,1
200,135,894,200,135,894,200,135,894,1
135,234,1134,135,234,1134,135,234,1134,1
234,135,915,234,135,915,234,135,915,1
135,260,1162,135,260,1162,135,260,1162,1
260,128,931,260,128,931,260,128,931,1
128,249,1168,128,249,1168,128,249,1168,1
249,137,945,249,137,945,249,137,945,1
137,253,1189,137,253,1189,137,253,1189,1
253,131,941,253,131,941,253,131,941,1
131,228,1173,131,228,1173,131,228,1173,1
228,126,946,228,126,946,228,126,946,1
126,239,1201,126,239,1201,126,239,1201,1
239,132,956,239,132,956,239,132,956,1
132,126,1192,132,126,1192,132,126,1192,1
126,155,955,126,155,955,126,155,955,1
155,144,950,155,144,950,155,144,950,1
144,253,1176,144,253,1176,144,253,1176,1
253,132,949,253,132,949,253,132,949,1
132,205,1194,132,205,1194,132,205,1194,1
205,130,957,205,130,957,205,130,957,1
130,237,1196,130,237,1196,130,237,1196,1
237,129,963,237,129,963,237,129,963,1
129,246,1191,129,246,1191,129,246,1191,1
246,121,962,246,121,962,246,121,962,1
121,242,1221,121,242,1221,121,242,1221,1
242,135,965,242,135,965,242,135,965,1
135,240,1191,135,240,1191,135,240,1191,1
240,133,942,240,133,942,240,133,942,1
133,251,1180,133,251,1180,133,251,1180,1
251,136,944,251,136,944,251,136,944,1
136,238,1172,136,238,1172,136,238,1172,1
238,132,952,238,132,952,238,132,952,1
132,218,1194,132,218,1194,132,218,1194,1
218,129,956,218,129,956,218,129,956,1
129,184,1197,129,184,1197,129,184,1197,1
184,123,964,184,123,964,184,123,964,1
123,193,1220,123,193,1220,123,193,1220,-1
193,141,961,193,141,961,193,141,961,1
141,248,1177,141,248,1177,141,248,1177,1
248,140,956,248,140,956,248,140,956,1
140,258,1163,140,258,1163,140,258,1163,1
258,130,949,258,130,949,258,130,949,1
130,229,1181,130,229,1181,130,229,1181,1
229,134,960,229,134,960,229,134,960,1
134,232,1198,134,232,1198,134,232,1198,1
232,127,970,232,127,970,232,127,970,1
127,240,1186,127,240,1186,127,240,1186,1
240,352,964,240,352,964,240,352,964,1
352,140,978,352,140,978,352,140,978,1
140,227,1202,140,227,1202,140,227,1202,1
227,137,972,227,137,972,227,137,972,1
137,252,1186,137,252,1186,137,252,1186,1
252,127,958,252,127,958,252,127,958,1
127,247,1185,127,247,1185,127,247,1185,1
247,126,964,247,126,964,247,126,964,1
126,223,1191,126,223,1191,126,223,1191,1
223,132,939,223,132,939,223,132,939,1
132,222,1147,132,222,1147,132,222,1147,1
222,358,933,222,358,933,222,358,933,1
358,139,945,358,139,945,358,139,945,1
139,275,1169,139,275,1169,139,275,1169,1
275,131,952,275,131,952,275,131,952,1
131,248,1166,131,248,1166,131,248,1166,1
248,125,962,248,125,962,248,125,962,1
125,227,1169,125,227,1169,125,227,1169,1
227,128,957,227,128,957,227,128,957,1
128,245,1179,128,245,1179,128,245,1179,1
245,128,946,245,128,946,245,128,946,1
128,237,1163,128,237,1163,128,237,1163,1
237,134,957,237,134,957,237,134,957,1
134,256,1177,134,256,1177,134,256,1177,1
256,139,931,256,139,931,256,139,931,1
139,217,1143,139,217,1143,139,217,1143,1
217,132,921,217,132,921,217,132,921,1
132,224,1154,132,224,1154,132,224,1154,1
224,378,934,224,378,934,224,378,934,1
378,133,945,378,133,945,378,133,945,1
133,250,1152,133,250,1152,133,250,1152,1
250,129,932,250,129,932,250,129,932,1
129,208,1154,129,208,1154,129,208,1154,1
208,133,934,208,133,934,208,133,934,1
133,267,1148,133,267,1148,133,267,1148,1
267,148,955,267,148,955,267,148,955,1
148,272,1166,148,272,1166,148,272,1166,1
272,134,951,272,134,951,272,134,951,1
134,225,1159,134,225,1159,134,225,1159,1
225,131,945,225,131,945,225,131,945,1
131,204,1162,131,204,1162,131,204,1162,1
204,129,939,204,129,939,204,129,939,1
129,217,1171,129,217,1171,129,217,1171,1
217,133,936,217,133,936,217,133,936,1
133,223,1159,133,223,1159,133,223,1159,1
223,141,942,223,141,942,223,141,942,1
141,257,1155,141,257,1155,141,257,1155,1
257,140,935,257,140,935,257,140,935,1
140,237,1127,140,237,1127,140,237,1127,1
237,136,917,237,136,917,237,136,917,1
136,243,1142,136,243,1142,136,243,1142,1
243,127,921,243,127,921,243,127,921,1
127,240,1132,127,240,1132,127,240,1132,1
240,128,918,240,128,918,240,128,918,1
128,220,1136,128,220,1136,128,220,1136,1
220,132,946,220,132,946,220,132,946,1
132,178,1131,132,178,1131,132,178,1131,-1
178,142,960,178,142,960,178,142,960,1
142,218,1130,142,218,1130,142,218,1130,1
218,137,947,218,137,947,218,137,947,1
137,213,1152,137,213,1152,137,213,1152,1
213,134,943,213,134,943,213,134,943,1
134,232,1177,134,232,1177,134,232,1177,1
232,138,950,232,138,950,232,138,950,1
138,223,1174,138,223,1174,138,223,1174,1
223,126,953,223,126,953,223,126,953,1
126,216,1192,126,216,1192,126,216,1192,1
216,125,958,216,125,958,216,125,958,1
125,205,1174,125,205,1174,125,205,1174,1
205,128,950,205,128,950,205,128,950,1
128,243,1183,128,243,1183,128,243,1183,1
243,139,940,243,139,940,243,139,940,1
139,214,1153,139,214,1153,139,214,1153,1
214,133,926,214,133,926,214,133,926,1
133,211,1148,133,211,1148,133,211,1148,1
211,124,925,211,124,925,211,124,925,1
124,261,1147,124,261,1147,124,261,1147,1
261,134,921,261,134,921,261,134,921,1
134,253,1136,134,253,1136,134,253,1136,1
253,129,905,253,129,905,253,129,905,1
129,201,1131,129,201,1131,129,201,1131,1
201,131,900,201,131,900,201,131,900,1
131,250,1136,131,250,1136,131,250,1136,1
250,130,917,250,130,917,250,130,917,1
130,273,1139,130,273,1139,130,273,1139,1
273,140,918,273,140,918,273,140,918,1
140,246,1135,140,246,1135,140,246,1135,1
246,133,898,246,133,898,246,133,898,1
133,211,1106,133,211,1106,133,211,1106,1
211,126,886,211,126,886,211,126,886,1
126,225,1136,126,225,1136,126,225,1136,1
225,133,912,225,133,912,225,133,912,1
133,226,1143,133,226,1143,133,226,1143,1
226,145,932,226,145,932,226,145,932,1
145,253,1150,145,253,1150,145,253,1150,1
253,133,929,253,133,929,253,133,929,1
133,226,1161,133,226,1161,133,226,1161,1
226,130,932,226,130,932,226,130,932,1
130,205,1167,130,205,1167,130,205,1167,1
205,130,925,205,130,925,205,130,925,1
130,235,1166,130,235,1166,130,235,1166,1
235,124,939,235,124,939,235,124,939,1
124,257,1170,124,257,1170,124,257,1170,1
257,126,933,257,126,933,257,126,933,1
126,226,1161,126,226,1161,126,226,1161,1
226,147,931,226,147,931,226,147,931,1
147,257,1160,147,257,1160,147,257,1160,1
257,142,928,257,142,928,257,142,928,1
142,257,1147,142,257,1147,142,257,1147,1
257,129,943,257,129,943,257,129,943,1
129,243,1178,129,243,1178,129,243,1178,1
243,128,949,243,128,949,243,128,949,1
128,214,1170,128,214,1170,128,214,1170,1
214,128,951,214,128,951,214,128,951,1
128,225,1183,128,225,1183,128,225,1183,1
225,207,956,225,207,956,225,207,956,1
207,156,973,207,156,973,207,156,973,1
156,137,960,156,137,960,156,137,960,1
137,273,1180,137,273,1180,137,273,1180,1
273,142,955,273,142,955,273,142,955,1
142,235,1188,142,235,1188,142,235,1188,1
235,127,948,235,127,948,235,127,948,1
127,233,1209,127,233,1209,127,233,1209,1
233,130,947,233,130,947,233,130,947,1
130,228,1182,130,228,1182,130,228,1182,1
228,125,948,228,125,948,228,125,948,1
125,214,1181,125,214,1181,125,214,1181,1
214,311,936,214,311,936,214,311,936,1
311,131,922,311,131,922,311,131,922,1
131,163,1178,131,163,1178,131,163,1178,1
163,131,933,163,131,933,163,131,933,1
131,150,1198,131,150,1198,131,150,1198,1
150,131,947,150,131,947,150,131,947,1
131,161,1188,131,161,1188,131,161,1188,1
161,127,950,161,127,950,161,127,950,1
127,171,1190,127,171,1190,127,171,1190,1
171,127,952,171,127,952,171,127,952,1
127,146,1181,127,146,1181,127,146,1181,1
146,262,943,146,262,943,146,262,943,1
262,121,953,262,121,953,262,121,953,1
121,157,1194,121,157,1194,121,157,1194,1
157,126,951,157,126,951,157,126,951,1
126,188,1186,126,188,1186,126,188,1186,1
188,173,964,188,173,964,188,173,964,1
173,148,963,173,148,963,173,148,963,1
148,297,1171,148,297,1171,148,297,1171,1
297,125,955,297,125,955,297,125,955,1
125,214,1185,125,214,1185,125,214,1185,1
214,132,953,214,132,953,214,132,953,1
132,165,1166,132,165,1166,132,165,1166,1
165,125,975,165,125,975,165,125,975,1
125,164,1206,125,164,1206,125,164,1206,1
164,125,953,164,125,953,164,125,953,1
125,147,1178,125,147,1178,125,147,1178,1
147,132,921,147,132,921,147,132,921,1
132,178,1162,132,178,1162,132,178,1162,1
178,126,934,178,126,934,178,126,934,1
126,133,940,126,133,940,126,133,940,1
133,154,1154,133,154,1154,133,154,1154,1
154,123,948,154,123,948,154,123,948,1
123,137,942,123,137,942,123,137,942,1
137,236,1161,137,236,1161,137,236,1161,1
236,131,943,236,131,943,236,131,943,1
131,236,1176,131,236,1176,131,236,1176,1
236,127,934,236,127,934,236,127,934,1
127,269,1160,127,269,1160,127,269,1160,1
269,127,931,269,127,931,269,127,931,1
127,270,1181,127,270,1181,127,270,1181,1
270,133,951,270,133,951,270,133,951,1
133,273,1175,133,273,1175,133,273,1175,1
273,136,949,273,136,949,273,136,949,1
136,265,1177,136,265,1177,136,265,1177,1
265,129,954,265,129,954,265,129,954,1
129,264,1185,129,264,1185,129,264,1185,1
264,128,960,264,128,960,264,128,960,1
128,208,1186,128,208,1186,128,208,1186,1
208,127,943,208,127,943,208,127,943,1
127,172,1180,127,172,1180,127,172,1180,1
172,317,937,172,317,937,172,317,937,1
317,142,941,317,142,941,317,142,941,1
142,222,1160,142,222,1160,142,222,1160,1
222,135,936,222,135,936,222,135,936,1
135,242,1161,135,242,1161,135,242,1161,1
242,126,930,242,126,930,242,126,930,1
126,132,1153,126,132,1153,126,132,1153,1
132,248,944,132,248,944,132,248,944,1
248,251,1162,248,251,1162,248,251,1162,1
251,132,942,251,132,942,251,132,942,1
132,227,1170,132,227,1170,132,227,1170,1
227,321,945,227,321,945,227,321,945,1
321,136,949,321,136,949,321,136,949,1
136,209,1175,136,209,1175,136,209,1175,1
209,139,939,209,139,939,209,139,939,1
139,185,1173,139,185,1173,139,185,1173,1
185,133,929,185,133,929,185,133,929,1
133,217,1167,133,217,1167,133,217,1167,1
217,128,939,217,128,939,217,128,939,1
128,257,1156,128,257,1156,128,257,1156,1
257,124,937,257,124,937,257,124,937,1
124,140,1159,124,140,1159,124,140,1159,1
140,125,951,140,125,951,140,125,951,1
125,342,947,125,342,947,125,342,947,1
342,138,951,342,138,951,342,138,951,1
138,186,1184,138,186,1184,138,186,1184,1
186,131,946,186,131,946,186,131,946,1
131,170,1182,131,170,1182,131,170,1182,1
170,136,949,170,136,949,170,136,949,1
136,145,1179,136,145,1179,136,145,1179,1
145,273,940,145,273,940,145,273,940,1
273,268,925,273,268,925,273,268,925,1
268,266,917,268,266,917,268,266,917,1
266,241,917,266,241,917,266,241,917,1
241,126,928,241,126,928,241,126,928,1
126,163,1151,126,163,1151,126,163,1151,1
163,136,937,163,136,937,163,136,937,1
136,235,1157,136,235,1157,136,235,1157,1
235,130,944,235,130,944,235,130,944,1
130,225,1160,130,225,1160,130,225,1160,1
225,340,953,225,340,953,225,340,953,1
340,128,956,340,128,956,340,128,956,1
128,133,1182,128,133,1182,128,133,1182,1
133,155,970,133,155,970,133,155,970,1
155,122,966,155,122,966,155,122,966,1
122,270,1170,122,270,1170,122,270,1170,1
270,134,964,270,134,964,270,134,964,1
134,158,1171,134,158,1171,134,158,1171,1
158,138,959,158,138,959,158,138,959,1
138,136,959,138,136,959,138,136,959,1
136,292,1171,136,292,1171,136,292,1171,1
292,132,952,292,132,952,292,132,952,1
132,265,1171,132,265,1171,132,265,1171,1
265,127,958,265,127,958,265,127,958,1
127,279,1183,127,279,1183,127,279,1183,1
279,133,951,279,133,951,279,133,951,1
133,271,1150,133,271,1150,133,271,1150,1
271,198,943,271,198,943,271,198,943,1
198,183,971,198,183,971,198,183,971,1
183,137,955,183,137,955,183,137,955,1
137,243,1170,137,243,1170,137,243,1170,1
243,137,923,243,137,923,243,137,923,1
137,221,1145,137,221,1145,137,221,1145,1
221,128,916,221,128,916,221,128,916,1
128,244,1148,128,244,1148,128,244,1148,1
244,127,932,244,127,932,244,127,932,1
127,124,1166,127,124,1166,127,124,1166,1
124,128,977,124,128,977,124,128,977,1
128,133,990,128,133,990,128,133,990,1
133,227,1201,133,227,1201,133,227,1201,1
227,128,957,227,128,957,227,128,957,1
128,155,1157,128,155,1157,128,155,1157,1
155,128,926,155,128,926,155,128,926,1
128,132,915,128,132,915,128,132,915,1
132,284,1129,132,284,1129,132,284,1129,1
284,138,911,284,138,911,284,138,911,1
138,262,1138,138,262,1138,138,262,1138,1
262,131,929,262,131,929,262,131,929,1
131,247,1146,131,247,1146,131,247,1146,1
247,124,933,247,124,933,247,124,933,1
124,197,1140,124,197,1140,124,197,1140,1
197,123,948,197,123,948,197,123,948,1
123,188,1142,123,188,1142,123,188,1142,1
188,139,944,188,139,944,188,139,944,1
139,272,1134,139,272,1134,139,272,1134,1
272,137,932,272,137,932,272,137,932,1
137,263,1148,137,263,1148,137,263,1148,1
263,134,908,263,134,908,263,134,908,1
134,222,1143,134,222,1143,134,222,1143,1
222,132,923,222,132,923,222,132,923,1
132,276,1168,132,276,1168,132,276,1168,1
276,128,957,276,128,957,276,128,957,1
128,149,1186,128,149,1186,128,149,1186,1
149,127,965,149,127,965,149,127,965,1
127,391,958,127,391,958,127,391,958,1
391,136,953,391,136,953,391,136,953,1
136,255,1188,136,255,1188,136,255,1188,1
255,139,948,255,139,948,255,139,948,1
139,237,1190,139,237,1190,139,237,1190,1
237,124,949,237,124,949,237,124,949,1
124,237,1186,124,237,1186,124,237,1186,1
237,126,926,237,126,926,237,126,926,1
126,234,1153,126,234,1153,126,234,1153,1
234,126,918,234,126,918,234,126,918,1
126,216,1149,126,216,1149,126,216,1149,1
216,121,938,216,121,938,216,121,938,1
121,193,1155,121,193,1155,121,193,1155,1
193,131,929,193,131,929,193,131,929,1
131,201,1174,131,201,1174,131,201,1174,1
201,129,928,201,129,928,201,129,928,1
129,125,1161,129,125,1161,129,125,1161,1
125,142,939,125,142,939,125,142,939,1
142,132,936,142,132,936,142,132,936,1
132,134,1165,132,134,1165,132,134,1165,1
134,136,930,134,136,930,134,136,930,1
136,130,924,136,130,924,136,130,924,1
130,239,1160,130,239,1160,130,239,1160,1
239,127,942,239,127,942,239,127,942,1
127,240,1186,127,240,1186,127,240,1186,1
240,122,965,240,122,965,240,122,965,1
122,282,1188,122,282,1188,122,282,1188,1
282,139,963,282,139,963,282,139,963,1
139,124,1184,139,124,1184,139,124,1184,1
124,158,972,124,158,972,124,158,972,1
158,139,957,158,139,957,158,139,957,1
139,248,1172,139,248,1172,139,248,1172,1
248,134,953,248,134,953,248,134,953,1
134,227,1174,134,227,1174,134,227,1174,1
227,130,942,227,130,942,227,130,942,1
130,219,1181,130,219,1181,130,219,1181,1
219,126,920,219,126,920,219,126,920,1
126,226,1174,126,226,1174,126,226,1174,1
226,133,958,226,133,958,226,133,958,1
133,265,1169,133,265,1169,133,265,1169,1
265,133,945,265,133,945,265,133,945,1
133,239,1183,133,239,1183,133,239,1183,1
239,139,953,239,139,953,239,139,953,1
139,224,1190,139,224,1190,139,224,1190,1
224,131,964,224,131,964,224,131,964,1
131,249,1200,131,249,1200,131,249,1200,1
249,128,961,249,128,961,249,128,961,1
128,249,1181,128,249,1181,128,249,1181,1
249,129,950,249,129,950,249,129,950,1
129,204,1189,129,204,1189,129,204,1189,1
204,137,952,204,137,952,204,137,952,1
137,193,1198,137,193,1198,137,193,1198,1
193,135,955,193,135,955,193,135,955,1
135,232,1187,135,232,1187,135,232,1187,1
232,130,960,232,130,960,232,130,960,1
130,255,1177,130,255,1177,130,255,1177,1
255,134,992,255,134,992,255,134,992,1
134,237,1214,134,237,1214,134,237,1214,1
237,128,966,237,128,966,237,128,966,1
128,199,1164,128,199,1164,128,199,1164,1
199,125,918,199,125,918,199,125,918,1
125,210,1150,125,210,1150,125,210,1150,1
210,146,917,210,146,917,210,146,917,1
146,279,1136,146,279,1136,146,279,1136,1
279,143,906,279,143,906,279,143,906,1
143,254,1133,143,254,1133,143,254,1133,1
254,129,918,254,129,918,254,129,918,1
129,207,1179,129,207,1179,129,207,1179,1
207,127,954,207,127,954,207,127,954,1
127,216,1190,127,216,1190,127,216,1190,1
216,126,950,216,126,950,216,126,950,1
126,236,1193,126,236,1193,126,236,1193,1
236,123,955,236,123,955,236,123,955,1
123,225,1209,123,225,1209,123,225,1209,1
225,134,968,225,134,968,225,134,968,1
134,225,1179,134,225,1179,134,225,1179,1
225,144,941,225,144,941,225,144,941,1
144,223,1165,144,223,1165,144,223,1165,1
223,131,926,223,131,926,223,131,926,1
131,229,1160,131,229,1160,131,229,1160,1
229,129,923,229,129,923,229,129,923,1
129,242,1164,129,242,1164,129,242,1164,1
242,129,929,242,129,929,242,129,929,1
129,217,1161,129,217,1161,129,217,1161,1
217,127,924,217,127,924,217,127,924,1
127,213,1174,127,213,1174,127,213,1174,1
213,137,933,213,137,933,213,137,933,1
137,227,1170,137,227,1170,137,227,1170,1
227,131,932,227,131,932,227,131,932,1
131,236,1177,131,236,1177,131,236,1177,1
236,136,924,236,136,924,236,136,924,1
136,210,1162,136,210,1162,136,210,1162,1
210,128,938,210,128,938,210,128,938,1
128,205,1201,128,205,1201,128,205,1201,1
205,121,954,205,121,954,205,121,954,1
121,223,1181,121,223,1181,121,223,1181,1
223,126,920,223,126,920,223,126,920,1
126,239,1152,126,239,1152,126,239,1152,1
239,144,903,239,144,903,239,144,903,1
144,218,1132,144,218,1132,144,218,1132,1
218,147,946,218,147,946,218,147,946,1
147,171,1213,147,171,1213,147,171,1213,1
171,134,993,171,134,993,171,134,993,1
134,211,1201,134,211,1201,134,211,1201,1
211,126,924,211,126,924,211,126,924,1
126,171,1137,126,171,1137,126,171,1137,1
171,128,888,171,128,888,171,128,888,1
128,129,878,128,129,878,128,129,878,1
129,151,1113,129,151,1113,129,151,1113,1
151,239,892,151,239,892,151,239,892,1
239,236,1138,239,236,1138,239,236,1138,1
236,140,905,236,140,905,236,140,905,1
140,295,1148,140,295,1148,140,295,1148,1
295,138,915,295,138,915,295,138,915,1
138,307,1170,138,307,1170,138,307,1170,1
307,220,933,307,220,933,307,220,933,1
220,164,937,220,164,937,220,164,937,1
164,125,928,164,125,928,164,125,928,1
125,192,1181,125,192,1181,125,192,1181,1
192,130,924,192,130,924,192,130,924,1
130,212,1174,130,212,1174,130,212,1174,1
212,394,934,212,394,934,212,394,934,1
394,140,950,394,140,950,394,140,950,1
140,281,1195,140,281,1195,140,281,1195,1
281,130,952,281,130,952,281,130,952,1
130,236,1190,130,236,1190,130,236,1190,1
236,126,962,236,126,962,236,126,962,1
126,246,1199,126,246,1199,126,246,1199,1
246,126,956,246,126,956,246,126,956,1
126,263,1213,126,263,1213,126,263,1213,1
263,127,965,263,127,965,263,127,965,1
127,246,1193,127,246,1193,127,246,1193,1
246,144,953,246,144,953,246,144,953,1
144,125,1194,144,125,1194,144,125,1194,1
125,158,955,125,158,955,125,158,955,1
158,132,962,158,132,962,158,132,962,1
132,130,1195,132,130,1195,132,130,1195,1
130,148,965,130,148,965,130,148,965,1
148,135,965,148,135,965,148,135,965,1
135,258,1201,135,258,1201,135,258,1201,1
258,136,958,258,136,958,258,136,958,1
136,211,1186,136,211,1186,136,211,1186,1
211,129,954,211,129,954,211,129,954,1
129,188,1193,129,188,1193,129,188,1193,1
188,125,947,188,125,947,188,125,947,1
125,228,1191,125,228,1191,125,228,1191,1
228,140,952,228,140,952,228,140,952,1
140,122,1185,140,122,1185,140,122,1185,1
122,177,954,122,177,954,122,177,954,1
177,136,943,177,136,943,177,136,943,1
136,251,1165,136,251,1165,136,251,1165,1
251,128,949,251,128,949,251,128,949,1
128,249,1176,128,249,1176,128,249,1176,1
249,132,941,249,132,941,249,132,941,1
132,268,1171,132,268,1171,132,268,1171,1
268,130,928,268,130,928,268,130,928,1
130,131,1159,130,131,1159,130,131,1159,1
131,132,934,131,132,934,131,132,934,1
132,129,941,132,129,941,132,129,941,1
129,265,1163,129,265,1163,129,265,1163,1
265,135,940,265,135,940,265,135,940,1
135,295,1157,135,295,1157,135,295,1157,1
295,141,898,295,141,898,295,141,898,1
141,133,1135,141,133,1135,141,133,1135,1
133,143,914,133,143,914,133,143,914,1
143,130,933,143,130,933,143,130,933,1
130,253,1197,130,253,1197,130,253,1197,1
253,130,994,253,130,994,253,130,994,1
130,210,1201,130,210,1201,130,210,1201,1
210,131,941,210,131,941,210,131,941,1
131,210,1167,131,210,1167,131,210,1167,1
210,146,944,210,146,944,210,146,944,1
146,258,1182,146,258,1182,146,258,1182,1
258,137,964,258,137,964,258,137,964,1
137,264,1186,137,264,1186,137,264,1186,1
264,136,953,264,136,953,264,136,953,1
136,235,1172,136,235,1172,136,235,1172,1
235,131,943,235,131,943,235,131,943,1
131,209,1169,131,209,1169,131,209,1169,1
209,122,954,209,122,954,209,122,954,1
122,220,1183,122,220,1183,122,220,1183,1
220,123,955,220,123,955,220,123,955,1
123,238,1192,123,238,1192,123,238,1192,1
238,145,951,238,145,951,238,145,951,1
145,273,1168,145,273,1168,145,273,1168,1
273,139,940,273,139,940,273,139,940,1
139,216,1202,139,216,1202,139,216,1202,1
216,128,1032,216,128,1032,216,128,1032,1
128,206,1276,128,206,1276,128,206,1276,1
206,132,1009,206,132,1009,206,132,1009,1
132,255,1204,132,255,1204,132,255,1204,1
255,126,913,255,126,913,255,126,913,1
126,255,1105,126,255,1105,126,255,1105,1
255,195,920,255,195,920,255,195,920,1
195,160,904,195,160,904,195,160,904,1
160,145,909,160,145,909,160,145,909,1
145,252,1111,145,252,1111,145,252,1111,1
252,138,906,252,138,906,252,138,906,1
138,273,1152,138,273,1152,138,273,1152,1
273,124,929,273,124,929,273,124,929,1
124,244,1162,124,244,1162,124,244,1162,1
244,124,929,244,124,929,244,124,929,1
124,203,1189,124,203,1189,124,203,1189,1
203,132,954,203,132,954,203,132,954,1
132,224,1202,132,224,1202,132,224,1202,1
224,121,956,224,121,956,224,121,956,1
121,259,1169,121,259,1169,121,259,1169,1
259,138,909,259,138,909,259,138,909,1
138,224,1145,138,224,1145,138,224,1145,1
224,137,911,224,137,911,224,137,911,1
137,195,1163,137,195,1163,137,195,1163,1
195,127,928,195,127,928,195,127,928,1
127,225,1168,127,225,1168,127,225,1168,1
225,134,939,225,134,939,225,134,939,1
134,229,1180,134,229,1180,134,229,1180,1
229,128,940,229,128,940,229,128,940,1
128,199,1181,128,199,1181,128,199,1181,1
199,358,944,199,358,944,199,358,944,1
358,138,932,358,138,932,358,138,932,1
138,263,1176,138,263,1176,138,263,1176,1
263,129,994,263,129,994,263,129,994,1
129,246,1246,129,246,1246,129,246,1246,1
246,124,978,246,124,978,246,124,978,1
124,210,1189,124,210,1189,124,210,1189,1
210,131,936,210,131,936,210,131,936,1
131,212,1161,131,212,1161,131,212,1161,1
212,132,922,212,132,922,212,132,922,1
132,214,1168,132,214,1168,132,214,1168,1
214,198,925,214,198,925,214,198,925,1
198,140,944,198,140,944,198,140,944,1
140,136,929,140,136,929,140,136,929,1
136,206,1165,136,206,1165,136,206,1165,1
206,142,939,206,142,939,206,142,939,1
142,212,1172,142,212,1172,142,212,1172,1
212,131,943,212,131,943,212,131,943,1
131,216,1181,131,216,1181,131,216,1181,1
216,132,933,216,132,933,216,132,933,1
132,233,1164,132,233,1164,132,233,1164,1
233,123,934,233,123,934,233,123,934,1
123,190,1184,123,190,1184,123,190,1184,1
190,124,956,190,124,956,190,124,956,1
124,183,1197,124,183,1197,124,183,1197,1
183,135,948,183,135,948,183,135,948,1
135,208,1196,135,208,1196,135,208,1196,1
208,132,1043,208,132,1043,208,132,1043,1
132,213,1292,132,213,1292,132,213,1292,1
213,135,1016,213,135,1016,213,135,1016,1
135,189,1194,135,189,1194,135,189,1194,1
189,131,907,189,131,907,189,131,907,1
131,238,1119,131,238,1119,131,238,1119,1
238,124,882,238,124,882,238,124,882,1
124,251,1116,124,251,1116,124,251,1116,1
251,129,906,251,129,906,251,129,906,1
129,226,1135,129,226,1135,129,226,1135,1
226,140,947,226,140,947,226,140,947,1
140,221,1166,140,221,1166,140,221,1166,1
221,145,967,221,145,967,221,145,967,1
145,246,1193,145,246,1193,145,246,1193,1
246,135,964,246,135,964,246,135,964,1
135,249,1198,135,249,1198,135,249,1198,1
249,133,965,249,133,965,249,133,965,1
133,263,1194,133,263,1194,133,263,1194,1
263,127,963,263,127,963,263,127,963,1
127,219,1198,127,219,1198,127,219,1198,1
219,123,953,219,123,953,219,123,953,1
123,195,1194,123,195,1194,123,195,1194,1
195,134,960,195,134,960,195,134,960,1
