215,215,846,215,215,846,215,215,846,-1
215,453,1332,215,453,1332,215,453,1332,1
453,125,815,453,125,815,453,125,815,-1
125,213,928,125,213,928,125,213,928,1
213,131,852,213,131,852,213,131,852,1
131,204,939,131,204,939,131,204,939,1
204,125,809,204,125,809,204,125,809,1
125,195,925,125,195,925,125,195,925,1
195,324,800,195,324,800,195,324,800,-1
324,214,827,324,214,827,324,214,827,1
214,232,1346,214,232,1346,214,232,1346,1
232,216,818,232,216,818,232,216,818,1
216,129,849,216,129,849,216,129,849,1
129,211,954,129,211,954,129,211,954,1
211,123,838,211,123,838,211,123,838,-1
123,194,959,123,194,959,123,194,959,1
194,123,837,194,123,837,194,123,837,1
123,187,932,123,187,932,123,187,932,1
187,131,819,187,131,819,187,131,819,1
131,203,942,131,203,942,131,203,942,1
203,210,833,203,210,833,203,210,833,1
210,242,1344,210,242,1344,210,242,1344,1
242,197,818,242,197,818,242,197,818,1
197,131,867,197,131,867,197,131,867,1
131,202,954,131,202,954,131,202,954,-1
202,124,834,202,124,834,202,124,834,-1
124,189,948,124,189,948,124,189,948,1
189,124,838,189,124,838,189,124,838,-1
124,206,959,124,206,959,124,206,959,1
206,123,838,206,123,838,206,123,838,-1
123,205,958,123,205,958,123,205,958,1
205,121,836,205,121,836,205,121,836,-1
121,190,947,121,190,947,121,190,947,1
190,127,838,190,127,838,190,127,838,-1
127,216,952,127,216,952,127,216,952,1
216,122,836,216,122,836,216,122,836,-1
122,213,969,122,213,969,122,213,969,-1
213,313,826,213,313,826,213,313,826,1
313,217,839,313,217,839,313,217,839,1
217,233,1389,217,233,1389,217,233,1389,1
233,216,820,233,216,820,233,216,820,1
216,220,828,216,220,828,216,220,828,1
220,190,1386,220,190,1386,220,190,1386,-1
190,143,808,190,143,808,190,143,808,-1
143,128,838,143,128,838,143,128,838,1
128,212,837,128,212,837,128,212,837,-1
212,202,1389,212,202,1389,212,202,1389,1
202,257,812,202,257,812,202,257,812,-1
257,130,847,257,130,847,257,130,847,1
130,193,959,130,193,959,130,193,959,-1
193,139,605,193,139,605,193,139,605,-1
139,201,830,139,201,830,139,201,830,1
201,132,844,201,132,844,201,132,844,1
132,304,965,132,304,965,132,304,965,1
304,238,834,304,238,834,304,238,834,1
238,220,844,238,220,844,238,220,844,1
220,251,1424,220,251,1424,220,251,1424,-1
251,206,852,251,206,852,251,206,852,1
206,134,853,206,134,853,206,134,853,1
134,184,962,134,184,962,134,184,962,-1
184,130,857,184,130,857,184,130,857,1
130,194,964,130,194,964,130,194,964,1
194,122,839,194,122,839,194,122,839,-1
122,193,963,122,193,963,122,193,963,1
193,123,816,193,123,816,193,123,816,-1
123,180,934,123,180,934,123,180,934,1
180,217,824,180,217,824,180,217,824,1
217,190,1372,217,190,1372,217,190,1372,-1
190,251,797,190,251,797,190,251,797,-1
251,215,816,251,215,816,251,215,816,1
215,254,1378,215,254,1378,215,254,1378,-1
254,189,798,254,189,798,254,189,798,1
189,129,820,189,129,820,189,129,820,-1
129,318,926,129,318,926,129,318,926,-1
318,221,791,318,221,791,318,221,791,1
221,212,822,221,212,822,221,212,822,1
212,313,1390,212,313,1390,212,313,1390,1
313,138,829,313,138,829,313,138,829,1
138,133,876,138,133,876,138,133,876,1
133,183,944,133,183,944,133,183,944,1
183,125,814,183,125,814,183,125,814,1
125,188,933,125,188,933,125,188,933,1
188,127,823,188,127,823,188,127,823,1
127,197,950,127,197,950,127,197,950,-1
197,126,820,197,126,820,197,126,820,1
126,190,939,126,190,939,126,190,939,1
190,210,804,190,210,804,190,210,804,1
210,184,1368,210,184,1368,210,184,1368,1
184,277,784,184,277,784,184,277,784,1
277,126,796,277,126,796,277,126,796,1
126,205,927,126,205,927,126,205,927,1
205,208,803,205,208,803,205,208,803,-1
208,226,1360,208,226,1360,208,226,1360,1
226,232,787,226,232,787,226,232,787,1
232,126,795,232,126,795,232,126,795,1
126,212,913,126,212,913,126,212,913,1
212,216,828,212,216,828,212,216,828,1
216,261,1400,216,261,1400,216,261,1400,-1
261,200,814,261,200,814,261,200,814,-1
200,130,852,200,130,852,200,130,852,1
130,200,956,130,200,956,130,200,956,-1
200,179,576,200,179,576,200,179,576,1
179,192,825,179,192,825,179,192,825,-1
192,128,835,192,128,835,192,128,835,-1
128,205,946,128,205,946,128,205,946,1
205,211,847,205,211,847,205,211,847,1
211,277,1390,211,277,1390,211,277,1390,1
277,176,839,277,176,839,277,176,839,1
176,216,811,176,216,811,176,216,811,1
216,263,1372,216,263,1372,216,263,1372,1
263,183,818,263,183,818,263,183,818,1
183,227,818,183,227,818,183,227,818,1
227,275,1377,227,275,1377,227,275,1377,1
275,146,816,275,146,816,275,146,816,1
146,127,835,146,127,835,146,127,835,1
127,205,936,127,205,936,127,205,936,1
205,126,818,205,126,818,205,126,818,1
126,193,924,126,193,924,126,193,924,1
193,124,811,193,124,811,193,124,811,1
124,195,920,124,195,920,124,195,920,1
195,127,794,195,127,794,195,127,794,1
127,214,914,127,214,914,127,214,914,1
214,122,815,214,122,815,214,122,815,1
122,209,925,122,209,925,122,209,925,1
209,125,805,209,125,805,209,125,805,1
125,227,936,125,227,936,125,227,936,1
227,126,804,227,126,804,227,126,804,1
126,216,941,126,216,941,126,216,941,1
216,125,817,216,125,817,216,125,817,1
125,198,925,125,198,925,125,198,925,1
198,216,800,198,216,800,198,216,800,1
216,256,1363,216,256,1363,216,256,1363,1
256,213,817,256,213,817,256,213,817,1
213,129,823,213,129,823,213,129,823,1
129,188,939,129,188,939,129,188,939,1
188,124,811,188,124,811,188,124,811,1
124,206,929,124,206,929,124,206,929,-1
206,122,809,206,122,809,206,122,809,1
122,205,939,122,205,939,122,205,939,1
205,121,813,205,121,813,205,121,813,1
121,197,929,121,197,929,121,197,929,1
197,125,804,197,125,804,197,125,804,1
125,194,928,125,194,928,125,194,928,1
194,124,796,194,124,796,194,124,796,1
124,205,923,124,205,923,124,205,923,1
205,210,812,205,210,812,205,210,812,-1
210,267,1340,210,267,1340,210,267,1340,1
267,199,819,267,199,819,267,199,819,1
199,133,838,199,133,838,199,133,838,1
133,214,940,133,214,940,133,214,940,1
214,122,826,214,122,826,214,122,826,1
122,215,963,122,215,963,122,215,963,1
215,123,839,215,123,839,215,123,839,-1
123,198,949,123,198,949,123,198,949,-1
198,123,823,198,123,823,198,123,823,1
123,205,930,123,205,930,123,205,930,-1
205,126,815,205,126,815,205,126,815,1
126,196,940,126,196,940,126,196,940,-1
196,175,593,196,175,593,196,175,593,-1
175,185,820,175,185,820,175,185,820,1
185,211,828,185,211,828,185,211,828,1
211,254,1365,211,254,1365,211,254,1365,1
254,215,828,254,215,828,254,215,828,-1
215,215,842,215,215,842,215,215,842,1
215,321,1350,215,321,1350,215,321,1350,1
321,125,830,321,125,830,321,125,830,-1
125,128,826,125,128,826,125,128,826,1
128,208,946,128,208,946,128,208,946,1
208,125,815,208,125,815,208,125,815,1
125,187,916,125,187,916,125,187,916,1
187,127,821,187,127,821,187,127,821,1
127,195,930,127,195,930,127,195,930,-1
195,127,797,195,127,797,195,127,797,1
127,200,918,127,200,918,127,200,918,1
200,123,807,200,123,807,200,123,807,1
123,197,922,123,197,922,123,197,922,1
197,129,800,197,129,800,197,129,800,1
129,194,904,129,194,904,129,194,904,1
194,123,798,194,123,798,194,123,798,1
123,210,911,123,210,911,123,210,911,1
210,121,786,210,121,786,210,121,786,1
121,208,916,121,208,916,121,208,916,1
208,125,817,208,125,817,208,125,817,1
125,202,904,125,202,904,125,202,904,1
202,123,780,202,123,780,202,123,780,-1
123,216,910,123,216,910,123,216,910,1
216,124,801,216,124,801,216,124,801,1
124,219,922,124,219,922,124,219,922,-1
219,123,794,219,123,794,219,123,794,1
123,205,912,123,205,912,123,205,912,1
205,123,789,205,123,789,205,123,789,-1
123,226,922,123,226,922,123,226,922,1
226,132,801,226,132,801,226,132,801,-1
132,207,903,132,207,903,132,207,903,1
207,124,803,207,124,803,207,124,803,1
124,206,929,124,206,929,124,206,929,-1
206,344,802,206,344,802,206,344,802,1
344,123,823,344,123,823,344,123,823,1
123,205,925,123,205,925,123,205,925,1
205,126,805,205,126,805,205,126,805,1
126,199,900,126,199,900,126,199,900,1
199,129,797,199,129,797,199,129,797,-1
129,217,933,129,217,933,129,217,933,-1
217,121,809,217,121,809,217,121,809,1
121,204,935,121,204,935,121,204,935,1
204,125,796,204,125,796,204,125,796,-1
125,198,898,125,198,898,125,198,898,1
198,130,808,198,130,808,198,130,808,1
130,209,923,130,209,923,130,209,923,-1
209,126,800,209,126,800,209,126,800,1
126,200,914,126,200,914,126,200,914,1
200,318,790,200,318,790,200,318,790,-1
318,124,827,318,124,827,318,124,827,1
124,202,916,124,202,916,124,202,916,1
202,123,803,202,123,803,202,123,803,-1
123,192,921,123,192,921,123,192,921,-1
192,127,786,192,127,786,192,127,786,1
127,200,905,127,200,905,127,200,905,-1
200,125,790,200,125,790,200,125,790,1
125,200,919,125,200,919,125,200,919,1
200,126,798,200,126,798,200,126,798,-1
126,201,919,126,201,919,126,201,919,-1
201,130,797,201,130,797,201,130,797,1
130,199,887,130,199,887,130,199,887,-1
199,125,779,199,125,779,199,125,779,1
125,204,898,125,204,898,125,204,898,-1
204,210,792,204,210,792,204,210,792,1
210,304,1316,210,304,1316,210,304,1316,-1
304,145,803,304,145,803,304,145,803,1
145,127,814,145,127,814,145,127,814,-1
127,204,928,127,204,928,127,204,928,1
204,128,811,204,128,811,204,128,811,-1
128,195,913,128,195,913,128,195,913,-1
195,124,805,195,124,805,195,124,805,1
124,189,908,124,189,908,124,189,908,1
189,121,812,189,121,812,189,121,812,1
121,197,926,121,197,926,121,197,926,1
197,125,802,197,125,802,197,125,802,1
125,201,941,125,201,941,125,201,941,1
201,121,829,201,121,829,201,121,829,-1
121,190,923,121,190,923,121,190,923,1
190,125,808,190,125,808,190,125,808,-1
125,192,945,125,192,945,125,192,945,1
192,215,829,192,215,829,192,215,829,1
215,259,1332,215,259,1332,215,259,1332,1
259,184,813,259,184,813,259,184,813,-1
184,133,831,184,133,831,184,133,831,-1
133,207,941,133,207,941,133,207,941,1
207,130,853,207,130,853,207,130,853,-1
130,198,942,130,198,942,130,198,942,1
198,126,834,198,126,834,198,126,834,-1
126,195,943,126,195,943,126,195,943,-1
195,333,841,195,333,841,195,333,841,1
333,124,842,333,124,842,333,124,842,1
124,194,952,124,194,952,124,194,952,1
194,215,835,194,215,835,194,215,835,1
215,230,1347,215,230,1347,215,230,1347,1
230,218,826,230,218,826,230,218,826,1
218,216,825,218,216,825,218,216,825,1
216,191,1352,216,191,1352,216,191,1352,1
191,261,810,191,261,810,191,261,810,1
261,132,861,261,132,861,261,132,861,1
132,123,956,132,123,956,132,123,956,1
123,299,1371,123,299,1371,123,299,1371,1
299,131,837,299,131,837,299,131,837,-1
131,129,833,131,129,833,131,129,833,1
129,213,949,129,213,949,129,213,949,1
213,123,847,213,123,847,213,123,847,1
123,193,936,123,193,936,123,193,936,-1
193,218,822,193,218,822,193,218,822,1
218,249,1353,218,249,1353,218,249,1353,-1
249,195,810,249,195,810,249,195,810,1
195,131,804,195,131,804,195,131,804,1
131,196,902,131,196,902,131,196,902,1
196,211,808,196,211,808,196,211,808,-1
211,245,1333,211,245,1333,211,245,1333,1
245,209,804,245,209,804,245,209,804,-1
209,134,821,209,134,821,209,134,821,-1
134,193,911,134,193,911,134,193,911,1
193,122,817,193,122,817,193,122,817,1
122,206,933,122,206,933,122,206,933,-1
206,125,841,206,125,841,206,125,841,1
125,194,938,125,194,938,125,194,938,1
194,127,832,194,127,832,194,127,832,-1
127,186,925,127,186,925,127,186,925,1
186,214,815,186,214,815,186,214,815,1
214,283,1353,214,283,1353,214,283,1353,-1
283,163,820,283,163,820,283,163,820,-1
163,130,831,163,130,831,163,130,831,1
130,214,920,130,214,920,130,214,920,-1
214,128,829,214,128,829,214,128,829,1
128,200,934,128,200,934,128,200,934,1
200,125,816,200,125,816,200,125,816,-1
125,191,928,125,191,928,125,191,928,1
191,122,830,191,122,830,191,122,830,1
122,209,923,122,209,923,122,209,923,1
209,128,828,209,128,828,209,128,828,1
128,192,925,128,192,925,128,192,925,1
192,126,802,192,126,802,192,126,802,-1
126,194,931,126,194,931,126,194,931,1
194,332,809,194,332,809,194,332,809,1
332,122,840,332,122,840,332,122,840,1
122,199,938,122,199,938,122,199,938,1
199,125,832,199,125,832,199,125,832,1
125,193,948,125,193,948,125,193,948,-1
193,126,833,193,126,833,193,126,833,1
126,208,942,126,208,942,126,208,942,1
208,122,818,208,122,818,208,122,818,1
122,193,934,122,193,934,122,193,934,1
193,208,809,193,208,809,193,208,809,1
208,217,1360,208,217,1360,208,217,1360,-1
217,241,806,217,241,806,217,241,806,1
241,129,821,241,129,821,241,129,821,1
129,190,934,129,190,934,129,190,934,1
190,208,809,190,208,809,190,208,809,1
208,445,1368,208,445,1368,208,445,1368,-1
445,130,821,445,130,821,445,130,821,1
130,189,909,130,189,909,130,189,909,-1
189,217,823,189,217,823,189,217,823,1
217,431,1355,217,431,1355,217,431,1355,1
431,221,797,431,221,797,431,221,797,1
221,179,1374,221,179,1374,221,179,1374,-1
179,266,786,179,266,786,179,266,786,1
266,129,802,266,129,802,266,129,802,1
129,183,911,129,183,911,129,183,911,1
183,205,795,183,205,795,183,205,795,-1
205,433,1333,205,433,1333,205,433,1333,-1
433,128,823,433,128,823,433,128,823,1
128,181,924,128,181,924,128,181,924,-1
181,125,808,181,125,808,181,125,808,1
125,203,920,125,203,920,125,203,920,-1
203,126,808,203,126,808,203,126,808,-1
126,203,944,126,203,944,126,203,944,1
203,122,821,203,122,821,203,122,821,1
122,197,929,122,197,929,122,197,929,-1
197,218,811,197,218,811,197,218,811,1
218,321,1331,218,321,1331,218,321,1331,1
321,163,811,321,163,811,321,163,811,-1
163,130,819,163,130,819,163,130,819,1
130,195,921,130,195,921,130,195,921,1
195,218,820,195,218,820,195,218,820,-1
218,243,1347,218,243,1347,218,243,1347,-1
243,232,843,243,232,843,243,232,843,1
232,133,845,232,133,845,232,133,845,-1
133,223,937,133,223,937,133,223,937,1
223,215,828,223,215,828,223,215,828,-1
215,205,1364,215,205,1364,215,205,1364,1
205,261,819,205,261,819,205,261,819,-1
261,131,839,261,131,839,261,131,839,-1
131,206,946,131,206,946,131,206,946,1
206,211,831,206,211,831,206,211,831,1
211,308,1359,211,308,1359,211,308,1359,-1
308,147,834,308,147,834,308,147,834,-1
147,134,830,147,134,830,147,134,830,1
134,200,917,134,200,917,134,200,917,1
200,217,825,200,217,825,200,217,825,-1
217,226,1345,217,226,1345,217,226,1345,1
226,233,807,226,233,807,226,233,807,1
233,218,831,233,218,831,233,218,831,-1
218,221,1360,218,221,1360,218,221,1360,1
221,234,809,221,234,809,221,234,809,1
234,135,825,234,135,825,234,135,825,-1
135,195,926,135,195,926,135,195,926,1
195,211,820,195,211,820,195,211,820,1
211,235,1350,211,235,1350,211,235,1350,-1
235,204,816,235,204,816,235,204,816,-1
204,223,819,204,223,819,204,223,819,1
223,185,1361,223,185,1361,223,185,1361,-1
185,260,811,185,260,811,185,260,811,1
260,130,818,260,130,818,260,130,818,1
130,195,932,130,195,932,130,195,932,1
195,172,601,195,172,601,195,172,601,1
172,170,831,172,170,831,172,170,831,1
170,129,850,170,129,850,170,129,850,1
129,217,955,129,217,955,129,217,955,1
217,180,603,217,180,603,217,180,603,1
180,155,861,180,155,861,180,155,861,-1
155,213,862,155,213,862,155,213,862,1
213,184,1392,213,184,1392,213,184,1392,-1
184,269,829,184,269,829,184,269,829,1
269,222,837,269,222,837,269,222,837,1
222,448,1389,222,448,1389,222,448,1389,1
448,133,853,448,133,853,448,133,853,-1
133,205,951,133,205,951,133,205,951,-1
205,125,859,205,125,859,205,125,859,1
125,198,954,125,198,954,125,198,954,1
198,123,842,198,123,842,198,123,842,-1
123,199,954,123,199,954,123,199,954,1
199,125,821,199,125,821,199,125,821,1
125,219,944,125,219,944,125,219,944,-1
219,328,824,219,328,824,219,328,824,1
328,208,829,328,208,829,328,208,829,1
208,212,1357,208,212,1357,208,212,1357,-1
212,253,818,212,253,818,212,253,818,1
253,128,827,253,128,827,253,128,827,1
128,194,941,128,194,941,128,194,941,-1
194,122,594,194,122,594,194,122,594,1
122,241,818,122,241,818,122,241,818,1
241,135,819,241,135,819,241,135,819,-1
135,198,916,135,198,916,135,198,916,-1
198,126,801,198,126,801,198,126,801,1
126,193,911,126,193,911,126,193,911,1
193,124,808,193,124,808,193,124,808,1
124,198,936,124,198,936,124,198,936,1
198,213,554,198,213,554,198,213,554,-1
213,145,792,213,145,792,213,145,792,1
145,215,798,145,215,798,145,215,798,-1
215,253,1362,215,253,1362,215,253,1362,1
253,207,817,253,207,817,253,207,817,1
207,217,830,207,217,830,207,217,830,1
217,211,1356,217,211,1356,217,211,1356,1
211,241,808,211,241,808,211,241,808,1
241,135,840,241,135,840,241,135,840,1
135,201,934,135,201,934,135,201,934,1
201,124,824,201,124,824,201,124,824,1
124,190,932,124,190,932,124,190,932,1
190,124,824,190,124,824,190,124,824,1
124,211,939,124,211,939,124,211,939,1
211,126,819,211,126,819,211,126,819,1
126,208,937,126,208,937,126,208,937,1
208,315,818,208,315,818,208,315,818,1
315,127,809,315,127,809,315,127,809,1
127,206,939,127,206,939,127,206,939,-1
206,125,796,206,125,796,206,125,796,1
125,214,928,125,214,928,125,214,928,-1
214,125,805,214,125,805,214,125,805,1
125,214,934,125,214,934,125,214,934,1
214,127,805,214,127,805,214,127,805,1
127,212,936,127,212,936,127,212,936,-1
212,124,818,212,124,818,212,124,818,1
124,221,940,124,221,940,124,221,940,-1
221,125,802,221,125,802,221,125,802,-1
125,224,937,125,224,937,125,224,937,1
224,210,815,224,210,815,224,210,815,1
210,280,1356,210,280,1356,210,280,1356,-1
280,174,818,280,174,818,280,174,818,1
174,132,840,174,132,840,174,132,840,1
132,210,940,132,210,940,132,210,940,-1
210,123,799,210,123,799,210,123,799,1
123,197,922,123,197,922,123,197,922,1
197,215,811,197,215,811,197,215,811,-1
215,221,1359,215,221,1359,215,221,1359,1
221,234,791,221,234,791,221,234,791,1
234,214,827,234,214,827,234,214,827,-1
214,201,1362,214,201,1362,214,201,1362,1
201,260,813,201,260,813,201,260,813,1
260,130,853,260,130,853,260,130,853,-1
130,199,949,130,199,949,130,199,949,1
199,124,820,199,124,820,199,124,820,1
124,181,927,124,181,927,124,181,927,-1
181,219,828,181,219,828,181,219,828,-1
219,273,1380,219,273,1380,219,273,1380,1
273,171,827,273,171,827,273,171,827,1
171,217,819,171,217,819,171,217,819,1
217,265,1385,217,265,1385,217,265,1385,1
265,187,822,265,187,822,265,187,822,1
187,132,815,187,132,815,187,132,815,1
132,184,919,132,184,919,132,184,919,1
184,220,811,184,220,811,184,220,811,1
220,204,1355,220,204,1355,220,204,1355,1
204,242,793,204,242,793,204,242,793,1
242,133,829,242,133,829,242,133,829,-1
133,186,924,133,186,924,133,186,924,1
186,218,835,186,218,835,186,218,835,1
218,241,1385,218,241,1385,218,241,1385,1
241,206,829,241,206,829,241,206,829,1
206,134,813,206,134,813,206,134,813,1
134,202,920,134,202,920,134,202,920,1
202,215,827,202,215,827,202,215,827,1
215,263,1378,215,263,1378,215,263,1378,1
263,189,821,263,189,821,263,189,821,1
189,133,831,189,133,831,189,133,831,1
133,148,939,133,148,939,133,148,939,1
148,288,1401,148,288,1401,148,288,1401,1
288,139,833,288,139,833,288,139,833,1
139,128,826,139,128,826,139,128,826,1
128,189,932,128,189,932,128,189,932,1
189,214,831,189,214,831,189,214,831,1
214,242,1396,214,242,1396,214,242,1396,1
242,215,837,242,215,837,242,215,837,1
215,131,840,215,131,840,215,131,840,1
131,217,956,131,217,956,131,217,956,1
217,124,847,217,124,847,217,124,847,1
124,197,955,124,197,955,124,197,955,1
197,126,829,197,126,829,197,126,829,1
126,187,934,126,187,934,126,187,934,1
187,129,833,187,129,833,187,129,833,1
129,213,945,129,213,945,129,213,945,1
213,210,822,213,210,822,213,210,822,1
210,269,1360,210,269,1360,210,269,1360,1
269,179,828,269,179,828,269,179,828,1
179,137,841,179,137,841,179,137,841,-1
137,207,947,137,207,947,137,207,947,1
207,126,835,207,126,835,207,126,835,1
126,204,935,126,204,935,126,204,935,1
204,126,827,204,126,827,204,126,827,1
126,200,944,126,200,944,126,200,944,1
200,123,818,200,123,818,200,123,818,-1
123,199,946,123,199,946,123,199,946,1
199,210,825,199,210,825,199,210,825,1
210,269,1367,210,269,1367,210,269,1367,1
269,189,820,269,189,820,269,189,820,1
189,130,833,189,130,833,189,130,833,1
130,207,944,130,207,944,130,207,944,1
207,123,810,207,123,810,207,123,810,1
123,198,917,123,198,917,123,198,917,1
198,127,817,198,127,817,198,127,817,1
127,188,907,127,188,907,127,188,907,-1
188,124,807,188,124,807,188,124,807,-1
124,200,916,124,200,916,124,200,916,1
200,216,818,200,216,818,200,216,818,1
216,207,1369,216,207,1369,216,207,1369,-1
207,250,800,207,250,800,207,250,800,1
250,129,837,250,129,837,250,129,837,1
129,207,949,129,207,949,129,207,949,-1
207,129,845,207,129,845,207,129,845,1
129,208,940,129,208,940,129,208,940,1
208,125,827,208,125,827,208,125,827,-1
125,196,944,125,196,944,125,196,944,1
196,212,855,196,212,855,196,212,855,1
212,201,1388,212,201,1388,212,201,1388,-1
201,247,828,201,247,828,201,247,828,-1
247,213,844,247,213,844,247,213,844,1
213,236,1393,213,236,1393,213,236,1393,-1
236,220,842,236,220,842,236,220,842,1
220,135,846,220,135,846,220,135,846,1
135,195,958,135,195,958,135,195,958,1
195,315,859,195,315,859,195,315,859,-1
315,213,841,315,213,841,315,213,841,1
213,220,1380,213,220,1380,213,220,1380,1
220,232,825,220,232,825,220,232,825,1
232,133,849,232,133,849,232,133,849,1
133,188,953,133,188,953,133,188,953,1
188,126,843,188,126,843,188,126,843,1
126,193,961,126,193,961,126,193,961,1
193,212,831,193,212,831,193,212,831,1
212,449,1357,212,449,1357,212,449,1357,-1
449,217,865,449,217,865,449,217,865,1
217,231,1368,217,231,1368,217,231,1368,-1
231,211,818,231,211,818,231,211,818,1
211,130,846,211,130,846,211,130,846,1
130,201,943,130,201,943,130,201,943,1
201,214,576,201,214,576,201,214,576,-1
214,134,826,214,134,826,214,134,826,-1
134,131,843,134,131,843,134,131,843,1
131,186,941,131,186,941,131,186,941,-1
186,214,844,186,214,844,186,214,844,1
214,205,1396,214,205,1396,214,205,1396,-1
205,225,846,205,225,846,205,225,846,-1
225,133,847,225,133,847,225,133,847,1
133,182,940,133,182,940,133,182,940,1
182,216,851,182,216,851,182,216,851,1
216,260,1384,216,260,1384,216,260,1384,1
260,165,834,260,165,834,260,165,834,1
165,131,849,165,131,849,165,131,849,-1
131,185,944,131,185,944,131,185,944,1
185,126,867,185,126,867,185,126,867,1
126,198,976,126,198,976,126,198,976,1
198,124,596,198,124,596,198,124,596,1
124,201,850,124,201,850,124,201,850,1
201,210,859,201,210,859,201,210,859,-1
210,220,1404,210,220,1404,210,220,1404,1
220,237,843,220,237,843,220,237,843,1
237,214,868,237,214,868,237,214,868,1
214,216,1394,214,216,1394,214,216,1394,1
216,234,844,216,234,844,216,234,844,1
234,128,878,234,128,878,234,128,878,1
128,197,984,128,197,984,128,197,984,1
197,196,603,197,196,603,197,196,603,1
196,143,860,196,143,860,196,143,860,1
143,134,879,143,134,879,143,134,879,1
134,201,958,134,201,958,134,201,958,1
201,212,844,201,212,844,201,212,844,1
212,260,1368,212,260,1368,212,260,1368,1
260,181,837,260,181,837,260,181,837,1
181,132,844,181,132,844,181,132,844,1
132,193,958,132,193,958,132,193,958,1
193,211,847,193,211,847,193,211,847,1
211,213,1370,211,213,1370,211,213,1370,1
213,232,836,213,232,836,213,232,836,1
232,133,855,232,133,855,232,133,855,1
133,188,951,133,188,951,133,188,951,1
188,210,850,188,210,850,188,210,850,1
210,447,1392,210,447,1392,210,447,1392,1
447,130,854,447,130,854,447,130,854,1
130,196,963,130,196,963,130,196,963,1
196,209,848,196,209,848,196,209,848,1
209,224,1372,209,224,1372,209,224,1372,1
224,221,820,224,221,820,224,221,820,1
221,131,847,221,131,847,221,131,847,1
131,194,942,131,194,942,131,194,942,1
194,214,853,194,214,853,194,214,853,1
214,250,1399,214,250,1399,214,250,1399,1
250,194,851,250,194,851,250,194,851,1
194,212,859,194,212,859,194,212,859,1
212,266,1421,212,266,1421,212,266,1421,1
266,184,865,266,184,865,266,184,865,1
184,133,892,184,133,892,184,133,892,1
133,176,982,133,176,982,133,176,982,1
176,124,878,176,124,878,176,124,878,1
124,177,975,124,177,975,124,177,975,1
177,122,861,177,122,861,177,122,861,1
122,193,982,122,193,982,122,193,982,1
193,123,857,193,123,857,193,123,857,1
123,182,981,123,182,981,123,182,981,1
182,124,865,182,124,865,182,124,865,1
124,195,957,124,195,957,124,195,957,1
195,124,847,195,124,847,195,124,847,1
124,205,967,124,205,967,124,205,967,1
205,311,842,205,311,842,205,311,842,1
311,210,849,311,210,849,311,210,849,1
210,323,1385,210,323,1385,210,323,1385,1
323,136,849,323,136,849,323,136,849,1
136,218,852,136,218,852,136,218,852,1
218,198,1417,218,198,1417,218,198,1417,1
198,243,852,198,243,852,198,243,852,1
243,130,868,243,130,868,243,130,868,1
130,195,990,130,195,990,130,195,990,1
195,122,864,195,122,864,195,122,864,1
122,188,984,122,188,984,122,188,984,1
188,218,857,188,218,857,188,218,857,1
218,214,1421,218,214,1421,218,214,1421,1
214,228,845,214,228,845,214,228,845,1
228,129,840,228,129,840,228,129,840,1
129,189,963,129,189,963,129,189,963,1
189,224,865,189,224,865,189,224,865,1
224,252,1404,224,252,1404,224,252,1404,1
252,186,850,252,186,850,252,186,850,1
186,128,863,186,128,863,186,128,863,1
128,187,964,128,187,964,128,187,964,1
187,215,876,187,215,876,187,215,876,1
215,433,1422,215,433,1422,215,433,1422,1
433,131,859,433,131,859,433,131,859,-1
131,189,980,131,189,980,131,189,980,1
189,215,897,189,215,897,189,215,897,1
215,283,1429,215,283,1429,215,283,1429,1
283,137,874,283,137,874,283,137,874,1
137,135,873,137,135,873,137,135,873,1
135,193,988,135,193,988,135,193,988,-1
193,210,905,193,210,905,193,210,905,1
210,420,1430,210,420,1430,210,420,1430,1
420,134,879,420,134,879,420,134,879,1
134,183,986,134,183,986,134,183,986,1
183,212,881,183,212,881,183,212,881,1
212,201,1424,212,201,1424,212,201,1424,-1
201,233,859,201,233,859,201,233,859,1
233,134,877,233,134,877,233,134,877,1
134,193,953,134,193,953,134,193,953,1
193,122,864,193,122,864,193,122,864,1
122,196,972,122,196,972,122,196,972,1
196,126,843,196,126,843,196,126,843,-1
126,189,964,126,189,964,126,189,964,1
189,212,860,189,212,860,189,212,860,1
212,277,1383,212,277,1383,212,277,1383,1
277,158,852,277,158,852,277,158,852,1
158,217,851,158,217,851,158,217,851,1
217,212,1397,217,212,1397,217,212,1397,1
212,218,836,212,218,836,212,218,836,-1
218,127,835,218,127,835,218,127,835,-1
127,193,964,127,193,964,127,193,964,1
193,126,860,193,126,860,193,126,860,1
126,182,959,126,182,959,126,182,959,-1
182,122,846,182,122,846,182,122,846,1
122,188,960,122,188,960,122,188,960,1
188,122,837,188,122,837,188,122,837,-1
122,195,960,122,195,960,122,195,960,1
195,128,844,195,128,844,195,128,844,1
128,180,957,128,180,957,128,180,957,-1
180,123,846,180,123,846,180,123,846,1
123,193,961,123,193,961,123,193,961,1
193,320,833,193,320,833,193,320,833,-1
320,122,828,320,122,828,320,122,828,1
122,186,956,122,186,956,122,186,956,1
186,127,817,186,127,817,186,127,817,-1
127,191,915,127,191,915,127,191,915,1
191,124,823,191,124,823,191,124,823,-1
124,211,942,124,211,942,124,211,942,1
211,121,811,211,121,811,211,121,811,1
121,192,937,121,192,937,121,192,937,-1
192,122,840,192,122,840,192,122,840,1
122,196,951,122,196,951,122,196,951,1
196,126,836,196,126,836,196,126,836,-1
126,206,945,126,206,945,126,206,945,1
206,121,813,206,121,813,206,121,813,1
121,193,937,121,193,937,121,193,937,-1
193,206,840,193,206,840,193,206,840,1
206,196,1384,206,196,1384,206,196,1384,-1
196,247,807,196,247,807,196,247,807,1
247,213,831,247,213,831,247,213,831,1
213,201,1378,213,201,1378,213,201,1378,-1
201,247,825,201,247,825,201,247,825,1
247,131,847,247,131,847,247,131,847,1
131,195,958,131,195,958,131,195,958,-1
195,125,825,195,125,825,195,125,825,1
125,183,937,125,183,937,125,183,937,1
183,124,853,183,124,853,183,124,853,-1
124,200,965,124,200,965,124,200,965,-1
200,139,577,200,139,577,200,139,577,1
139,201,833,139,201,833,139,201,833,1
201,214,836,201,214,836,201,214,836,1
214,270,1397,214,270,1397,214,270,1397,1
270,171,831,270,171,831,270,171,831,1
171,135,823,171,135,823,171,135,823,1
135,180,932,135,180,932,135,180,932,1
180,212,839,180,212,839,180,212,839,1
212,251,1389,212,251,1389,212,251,1389,-1
251,185,844,251,185,844,251,185,844,1
185,131,849,185,131,849,185,131,849,1
131,184,952,131,184,952,131,184,952,-1
184,208,851,184,208,851,184,208,851,1
208,180,1393,208,180,1393,208,180,1393,-1
180,258,821,180,258,821,180,258,821,1
258,132,844,258,132,844,258,132,844,1
132,183,949,132,183,949,132,183,949,1
183,209,843,183,209,843,183,209,843,1
209,264,1395,209,264,1395,209,264,1395,1
264,171,831,264,171,831,264,171,831,1
171,132,845,171,132,845,171,132,845,1
132,188,940,132,188,940,132,188,940,-1
188,217,831,188,217,831,188,217,831,1
217,180,1380,217,180,1380,217,180,1380,1
180,261,806,180,261,806,180,261,806,1
261,129,837,261,129,837,261,129,837,1
129,188,941,129,188,941,129,188,941,1
188,220,832,188,220,832,188,220,832,-1
220,281,1381,220,281,1381,220,281,1381,1
281,163,830,281,163,830,281,163,830,1
163,121,826,163,121,826,163,121,826,1
121,187,941,121,187,941,121,187,941,1
187,209,822,187,209,822,187,209,822,1
209,197,1364,209,197,1364,209,197,1364,-1
197,234,791,197,234,791,197,234,791,1
234,130,818,234,130,818,234,130,818,1
130,190,910,130,190,910,130,190,910,1
190,123,804,190,123,804,190,123,804,1
123,191,887,123,191,887,123,191,887,1
191,124,789,191,124,789,191,124,789,1
124,198,918,124,198,918,124,198,918,1
198,126,790,198,126,790,198,126,790,1
126,207,918,126,207,918,126,207,918,1
207,122,788,207,122,788,207,122,788,1
122,202,913,122,202,913,122,202,913,1
202,327,809,202,327,809,202,327,809,1
327,128,803,327,128,803,327,128,803,1
128,197,940,128,197,940,128,197,940,1
197,124,814,197,124,814,197,124,814,1
124,199,927,124,199,927,124,199,927,1
199,124,791,199,124,791,199,124,791,1
124,212,918,124,212,918,124,212,918,1
212,216,808,212,216,808,212,216,808,-1
216,242,1330,216,242,1330,216,242,1330,1
242,208,795,242,208,795,242,208,795,1
208,125,815,208,125,815,208,125,815,-1
125,221,920,125,221,920,125,221,920,1
221,124,812,221,124,812,221,124,812,1
124,196,930,124,196,930,124,196,930,1
196,126,812,196,126,812,196,126,812,1
126,179,907,126,179,907,126,179,907,1
179,123,789,179,123,789,179,123,789,1
123,206,929,123,206,929,123,206,929,1
206,311,814,206,311,814,206,311,814,1
311,121,814,311,121,814,311,121,814,1
121,199,935,121,199,935,121,199,935,1
199,126,810,199,126,810,199,126,810,1
126,202,935,126,202,935,126,202,935,1
202,123,817,202,123,817,202,123,817,1
123,189,943,123,189,943,123,189,943,1
189,122,815,189,122,815,189,122,815,1
122,201,913,122,201,913,122,201,913,1
201,130,805,201,130,805,201,130,805,1
130,203,916,130,203,916,130,203,916,-1
203,125,806,203,125,806,203,125,806,-1
125,192,916,125,192,916,125,192,916,1
192,315,787,192,315,787,192,315,787,1
315,126,778,315,126,778,315,126,778,-1
126,204,909,126,204,909,126,204,909,1
204,123,796,204,123,796,204,123,796,1
123,199,906,123,199,906,123,199,906,-1
199,126,776,199,126,776,199,126,776,-1
126,201,896,126,201,896,126,201,896,1
201,322,785,201,322,785,201,322,785,1
322,124,784,322,124,784,322,124,784,1
124,193,903,124,193,903,124,193,903,1
193,130,778,193,130,778,193,130,778,1
130,194,883,130,194,883,130,194,883,-1
194,121,763,194,121,763,194,121,763,1
121,201,898,121,201,898,121,201,898,1
201,124,788,201,124,788,201,124,788,-1
124,186,901,124,186,901,124,186,901,1
186,126,789,186,126,789,186,126,789,1
126,194,894,126,194,894,126,194,894,1
194,327,780,194,327,780,194,327,780,1
327,127,782,327,127,782,327,127,782,1
127,195,905,127,195,905,127,195,905,-1
195,128,791,195,128,791,195,128,791,1
128,185,891,128,185,891,128,185,891,1
185,125,783,185,125,783,185,125,783,-1
125,200,892,125,200,892,125,200,892,1
200,125,794,200,125,794,200,125,794,1
125,203,903,125,203,903,125,203,903,1
203,123,796,203,123,796,203,123,796,1
123,179,900,123,179,900,123,179,900,1
179,124,785,179,124,785,179,124,785,1
124,189,902,124,189,902,124,189,902,1
189,211,778,189,211,778,189,211,778,1
211,246,1339,211,246,1339,211,246,1339,1
246,190,791,246,190,791,246,190,791,1
190,131,788,190,131,788,190,131,788,1
131,207,897,131,207,897,131,207,897,1
207,131,802,207,131,802,207,131,802,1
131,194,898,131,194,898,131,194,898,1
194,122,789,194,122,789,194,122,789,1
122,187,922,122,187,922,122,187,922,1
187,122,808,187,122,808,187,122,808,1
122,203,922,122,203,922,122,203,922,1
203,219,832,203,219,832,203,219,832,-1
219,233,1343,219,233,1343,219,233,1343,1
233,211,800,233,211,800,233,211,800,1
211,128,816,211,128,816,211,128,816,1
128,208,918,128,208,918,128,208,918,1
208,121,814,208,121,814,208,121,814,1
121,191,928,121,191,928,121,191,928,-1
191,121,805,191,121,805,191,121,805,1
121,201,924,121,201,924,121,201,924,1
201,124,805,201,124,805,201,124,805,1
124,208,916,124,208,916,124,208,916,1
208,124,794,208,124,794,208,124,794,1
124,188,898,124,188,898,124,188,898,-1
188,124,793,188,124,793,188,124,793,1
124,207,906,124,207,906,124,207,906,1
207,128,800,207,128,800,207,128,800,1
128,212,903,128,212,903,128,212,903,1
212,128,789,212,128,789,212,128,789,1
128,193,897,128,193,897,128,193,897,-1
193,206,811,193,206,811,193,206,811,1
206,279,1353,206,279,1353,206,279,1353,1
279,179,818,279,179,818,279,179,818,1
179,129,829,179,129,829,179,129,829,1
129,197,939,129,197,939,129,197,939,1
197,220,816,197,220,816,197,220,816,1
220,211,1382,220,211,1382,220,211,1382,-1
211,244,815,211,244,815,211,244,815,1
244,133,837,244,133,837,244,133,837,1
133,190,925,133,190,925,133,190,925,-1
190,223,840,190,223,840,190,223,840,1
223,292,1396,223,292,1396,223,292,1396,1
292,164,834,292,164,834,292,164,834,-1
164,127,827,164,127,827,164,127,827,1
127,190,924,127,190,924,127,190,924,-1
190,212,831,190,212,831,190,212,831,1
212,232,1390,212,232,1390,212,232,1390,1
232,204,830,232,204,830,232,204,830,1
204,134,829,204,134,829,204,134,829,1
134,189,921,134,189,921,134,189,921,1
189,210,840,189,210,840,189,210,840,-1
210,259,1390,210,259,1390,210,259,1390,1
259,171,833,259,171,833,259,171,833,-1
171,222,828,171,222,828,171,222,828,1
222,194,1377,222,194,1377,222,194,1377,1
194,245,811,194,245,811,194,245,811,1
245,124,833,245,124,833,245,124,833,-1
124,193,938,124,193,938,124,193,938,1
193,125,822,193,125,822,193,125,822,-1
125,180,922,125,180,922,125,180,922,1
180,211,815,180,211,815,180,211,815,1
211,219,1386,211,219,1386,211,219,1386,1
219,237,815,219,237,815,219,237,815,1
237,129,839,237,129,839,237,129,839,1
129,190,939,129,190,939,129,190,939,1
190,124,835,190,124,835,190,124,835,-1
124,201,928,124,201,928,124,201,928,-1
201,125,813,201,125,813,201,125,813,1
125,216,938,125,216,938,125,216,938,1
216,124,810,216,124,810,216,124,810,-1
124,196,922,124,196,922,124,196,922,1
196,121,828,196,121,828,196,121,828,1
121,199,947,121,199,947,121,199,947,-1
199,127,832,199,127,832,199,127,832,1
127,208,952,127,208,952,127,208,952,1
208,122,838,208,122,838,208,122,838,-1
122,197,931,122,197,931,122,197,931,-1
197,212,812,197,212,812,197,212,812,1
212,300,1360,212,300,1360,212,300,1360,-1
300,161,830,300,161,830,300,161,830,1
161,212,839,161,212,839,161,212,839,-1
212,298,1374,212,298,1374,212,298,1374,-1
298,161,827,298,161,827,298,161,827,1
161,133,836,161,133,836,161,133,836,1
133,206,942,133,206,942,133,206,942,1
206,122,845,206,122,845,206,122,845,-1
122,188,943,122,188,943,122,188,943,-1
188,217,840,188,217,840,188,217,840,1
217,294,1382,217,294,1382,217,294,1382,1
294,155,835,294,155,835,294,155,835,-1
155,219,823,155,219,823,155,219,823,1
219,262,1372,219,262,1372,219,262,1372,1
262,190,812,262,190,812,262,190,812,-1
190,216,840,190,216,840,190,216,840,1
216,292,1390,216,292,1390,216,292,1390,1
292,160,814,292,160,814,292,160,814,-1
160,129,818,160,129,818,160,129,818,1
129,205,906,129,205,906,129,205,906,1
205,123,829,205,123,829,205,123,829,-1
123,183,932,123,183,932,123,183,932,-1
183,129,826,183,129,826,183,129,826,1
129,188,919,129,188,919,129,188,919,-1
188,123,795,188,123,795,188,123,795,1
123,199,903,123,199,903,123,199,903,-1
199,211,797,199,211,797,199,211,797,1
211,283,1353,211,283,1353,211,283,1353,-1
283,171,794,283,171,794,283,171,794,-1
171,133,803,171,133,803,171,133,803,1
133,205,892,133,205,892,133,205,892,1
205,124,809,205,124,809,205,124,809,1
124,212,930,124,212,930,124,212,930,1
212,124,817,212,124,817,212,124,817,1
124,192,917,124,192,917,124,192,917,-1
192,123,801,192,123,801,192,123,801,1
123,199,924,123,199,924,123,199,924,1
199,217,809,199,217,809,199,217,809,1
217,207,1345,217,207,1345,217,207,1345,1
207,241,788,207,241,788,207,241,788,1
241,129,799,241,129,799,241,129,799,1
129,220,922,129,220,922,129,220,922,1
220,129,814,220,129,814,220,129,814,1
129,200,933,129,200,933,129,200,933,1
200,121,825,200,121,825,200,121,825,1
121,194,915,121,194,915,121,194,915,1
194,121,798,194,121,798,194,121,798,1
121,217,916,121,217,916,121,217,916,1
217,124,805,217,124,805,217,124,805,1
124,193,905,124,193,905,124,193,905,1
193,125,805,193,125,805,193,125,805,1
125,191,907,125,191,907,125,191,907,1
191,125,792,191,125,792,191,125,792,1
125,213,919,125,213,919,125,213,919,1
213,315,804,213,315,804,213,315,804,1
315,126,795,315,126,795,315,126,795,1
126,196,898,126,196,898,126,196,898,1
196,129,789,196,129,789,196,129,789,1
129,210,909,129,210,909,129,210,909,-1
210,125,796,210,125,796,210,125,796,1
125,201,912,125,201,912,125,201,912,1
201,124,791,201,124,791,201,124,791,1
124,199,895,124,199,895,124,199,895,1
199,128,796,199,128,796,199,128,796,1
128,206,918,128,206,918,128,206,918,1
206,126,798,206,126,798,206,126,798,-1
126,197,899,126,197,899,126,197,899,1
197,316,788,197,316,788,197,316,788,-1
316,125,782,316,125,782,316,125,782,1
125,199,890,125,199,890,125,199,890,1
199,125,788,199,125,788,199,125,788,1
125,200,898,125,200,898,125,200,898,-1
200,126,784,200,126,784,200,126,784,1
126,198,889,126,198,889,126,198,889,-1
198,123,779,198,123,779,198,123,779,1
123,197,896,123,197,896,123,197,896,1
197,124,790,197,124,790,197,124,790,1
124,194,890,124,194,890,124,194,890,-1
194,129,767,194,129,767,194,129,767,1
129,192,884,129,192,884,129,192,884,1
192,121,764,192,121,764,192,121,764,-1
121,203,876,121,203,876,121,203,876,1
203,123,762,203,123,762,203,123,762,-1
123,193,869,123,193,869,123,193,869,1
193,126,768,193,126,768,193,126,768,1
126,185,881,126,185,881,126,185,881,1
185,125,773,185,125,773,185,125,773,1
125,200,901,125,200,901,125,200,901,1
200,125,771,200,125,771,200,125,771,1
125,200,898,125,200,898,125,200,898,1
200,123,785,200,123,785,200,123,785,1
123,192,897,123,192,897,123,192,897,1
192,122,791,192,122,791,192,122,791,1
122,203,905,122,203,905,122,203,905,1
203,122,783,203,122,783,203,122,783,1
122,201,902,122,201,902,122,201,902,1
201,122,785,201,122,785,201,122,785,1
122,202,892,122,202,892,122,202,892,1
202,124,777,202,124,777,202,124,777,1
124,203,905,124,203,905,124,203,905,1
203,122,779,203,122,779,203,122,779,-1
122,201,901,122,201,901,122,201,901,1
201,122,787,201,122,787,201,122,787,1
122,196,905,122,196,905,122,196,905,1
196,127,794,196,127,794,196,127,794,1
127,207,914,127,207,914,127,207,914,1
207,128,770,207,128,770,207,128,770,1
128,194,886,128,194,886,128,194,886,1
194,121,773,194,121,773,194,121,773,1
121,203,893,121,203,893,121,203,893,1
203,122,789,203,122,789,203,122,789,1
122,211,903,122,211,903,122,211,903,1
211,125,783,211,125,783,211,125,783,1
125,193,905,125,193,905,125,193,905,1
193,125,786,193,125,786,193,125,786,1
125,198,886,125,198,886,125,198,886,-1
198,324,782,198,324,782,198,324,782,1
324,315,790,324,315,790,324,315,790,1
315,124,792,315,124,792,315,124,792,-1
124,195,887,124,195,887,124,195,887,1
195,123,786,195,123,786,195,123,786,1
123,211,918,123,211,918,123,211,918,1
211,123,794,211,123,794,211,123,794,1
123,203,915,123,203,915,123,203,915,1
203,122,787,203,122,787,203,122,787,1
122,192,904,122,192,904,122,192,904,1
192,130,800,192,130,800,192,130,800,1
130,211,918,130,211,918,130,211,918,1
211,126,809,211,126,809,211,126,809,1
126,208,924,126,208,924,126,208,924,1
208,312,792,208,312,792,208,312,792,1
312,127,798,312,127,798,312,127,798,1
127,202,901,127,202,901,127,202,901,-1
202,124,796,202,124,796,202,124,796,1
124,198,925,124,198,925,124,198,925,1
198,125,808,198,125,808,198,125,808,1
125,195,911,125,195,911,125,195,911,1
195,126,830,195,126,830,195,126,830,1
126,200,919,126,200,919,126,200,919,-1
200,125,810,200,125,810,200,125,810,1
125,194,926,125,194,926,125,194,926,1
194,126,808,194,126,808,194,126,808,1
126,198,921,126,198,921,126,198,921,1
198,122,822,198,122,822,198,122,822,1
122,207,936,122,207,936,122,207,936,1
207,123,823,207,123,823,207,123,823,1
123,194,939,123,194,939,123,194,939,1
194,127,824,194,127,824,194,127,824,1
127,190,937,127,190,937,127,190,937,-1
190,124,817,190,124,817,190,124,817,1
124,201,925,124,201,925,124,201,925,-1
201,126,814,201,126,814,201,126,814,1
126,198,913,126,198,913,126,198,913,1
198,129,817,198,129,817,198,129,817,1
129,196,918,129,196,918,129,196,918,-1
196,127,823,196,127,823,196,127,823,1
127,197,920,127,197,920,127,197,920,1
197,127,813,197,127,813,197,127,813,1
127,198,922,127,198,922,127,198,922,-1
198,123,813,198,123,813,198,123,813,1
123,193,921,123,193,921,123,193,921,1
193,126,796,193,126,796,193,126,796,1
126,187,923,126,187,923,126,187,923,1
187,126,804,187,126,804,187,126,804,-1
126,185,910,126,185,910,126,185,910,1
185,121,789,185,121,789,185,121,789,1
121,188,901,121,188,901,121,188,901,1
188,314,809,188,314,809,188,314,809,1
314,128,789,314,128,789,314,128,789,1
128,194,911,128,194,911,128,194,911,1
194,121,789,194,121,789,194,121,789,1
121,186,909,121,186,909,121,186,909,1
186,122,797,186,122,797,186,122,797,1
122,205,912,122,205,912,122,205,912,-1
205,219,803,205,219,803,205,219,803,1
219,238,1360,219,238,1360,219,238,1360,1
238,208,806,238,208,806,238,208,806,1
208,127,821,208,127,821,208,127,821,1
127,213,945,127,213,945,127,213,945,1
213,124,835,213,124,835,213,124,835,1
124,202,957,124,202,957,124,202,957,1
202,122,836,202,122,836,202,122,836,-1
122,194,947,122,194,947,122,194,947,1
194,128,837,194,128,837,194,128,837,1
128,208,950,128,208,950,128,208,950,1
208,208,853,208,208,853,208,208,853,1
208,207,1391,208,207,1391,208,207,1391,1
207,246,830,207,246,830,207,246,830,1
246,139,853,246,139,853,246,139,853,1
139,210,944,139,210,944,139,210,944,1
210,127,848,210,127,848,210,127,848,1
127,205,956,127,205,956,127,205,956,1
205,323,841,205,323,841,205,323,841,1
323,122,840,323,122,840,323,122,840,1
122,205,942,122,205,942,122,205,942,1
205,210,837,205,210,837,205,210,837,1
210,265,1386,210,265,1386,210,265,1386,1
265,200,823,265,200,823,265,200,823,1
200,130,830,200,130,830,200,130,830,1
130,213,932,130,213,932,130,213,932,1
213,123,844,213,123,844,213,123,844,-1
123,206,939,123,206,939,123,206,939,-1
206,131,869,206,131,869,206,131,869,1
131,193,939,131,193,939,131,193,939,1
193,126,829,193,126,829,193,126,829,-1
126,201,947,126,201,947,126,201,947,1
201,209,836,201,209,836,201,209,836,1
209,248,1381,209,248,1381,209,248,1381,-1
248,205,830,248,205,830,248,205,830,1
205,129,835,205,129,835,205,129,835,1
129,213,937,129,213,937,129,213,937,-1
213,131,844,213,131,844,213,131,844,1
131,196,942,131,196,942,131,196,942,1
196,122,822,196,122,822,196,122,822,-1
122,188,932,122,188,932,122,188,932,1
188,327,832,188,327,832,188,327,832,1
327,129,832,327,129,832,327,129,832,-1
129,188,924,129,188,924,129,188,924,1
188,214,813,188,214,813,188,214,813,1
214,217,1373,214,217,1373,214,217,1373,-1
217,240,821,217,240,821,217,240,821,1
240,126,844,240,126,844,240,126,844,1
126,196,952,126,196,952,126,196,952,-1
196,212,836,196,212,836,196,212,836,-1
212,210,1392,212,210,1392,212,210,1392,1
210,262,829,210,262,829,210,262,829,-1
262,129,846,262,129,846,262,129,846,1
129,200,951,129,200,951,129,200,951,-1
200,209,844,200,209,844,200,209,844,-1
209,257,1384,209,257,1384,209,257,1384,1
257,210,833,257,210,833,257,210,833,1
210,132,854,210,132,854,210,132,854,1
132,202,929,132,202,929,132,202,929,1
202,210,842,202,210,842,202,210,842,1
210,207,1375,210,207,1375,210,207,1375,-1
207,242,807,207,242,807,207,242,807,1
242,134,808,242,134,808,242,134,808,1
134,201,896,134,201,896,134,201,896,1
201,216,811,201,216,811,201,216,811,1
216,208,1357,216,208,1357,216,208,1357,-1
208,243,797,208,243,797,208,243,797,1
243,130,809,243,130,809,243,130,809,-1
130,204,901,130,204,901,130,204,901,1
204,214,845,204,214,845,204,214,845,1
214,261,1359,214,261,1359,214,261,1359,1
261,190,809,261,190,809,261,190,809,-1
190,222,822,190,222,822,190,222,822,1
222,273,1390,222,273,1390,222,273,1390,-1
273,180,826,273,180,826,273,180,826,1
180,134,821,180,134,821,180,134,821,1
134,187,912,134,187,912,134,187,912,1
187,219,832,187,219,832,187,219,832,1
219,193,1377,219,193,1377,219,193,1377,1
193,244,818,193,244,818,193,244,818,1
244,132,828,244,132,828,244,132,828,1
132,200,921,132,200,921,132,200,921,1
200,219,852,200,219,852,200,219,852,-1
219,225,1374,219,225,1374,219,225,1374,1
225,215,814,225,215,814,225,215,814,-1
215,126,813,215,126,813,215,126,813,1
126,192,914,126,192,914,126,192,914,1
192,208,829,192,208,829,192,208,829,1
208,274,1377,208,274,1377,208,274,1377,1
274,164,840,274,164,840,274,164,840,1
164,217,831,164,217,831,164,217,831,1
217,201,1377,217,201,1377,217,201,1377,1
201,244,809,201,244,809,201,244,809,1
244,133,833,244,133,833,244,133,833,1
133,176,920,133,176,920,133,176,920,1
176,222,824,176,222,824,176,222,824,1
222,305,1371,222,305,1371,222,305,1371,1
305,122,831,305,122,831,305,122,831,1
122,126,838,122,126,838,122,126,838,1
126,183,933,126,183,933,126,183,933,1
183,214,841,183,214,841,183,214,841,1
214,328,1383,214,328,1383,214,328,1383,1
328,132,828,328,132,828,328,132,828,1
132,128,833,132,128,833,132,128,833,1
128,210,934,128,210,934,128,210,934,1
210,211,834,210,211,834,210,211,834,1
211,183,1393,211,183,1393,211,183,1393,1
183,275,829,183,275,829,183,275,829,1
275,136,843,275,136,843,275,136,843,-1
136,197,937,136,197,937,136,197,937,1
197,121,858,197,121,858,197,121,858,1
121,209,960,121,209,960,121,209,960,1
209,124,837,209,124,837,209,124,837,1
124,197,961,124,197,961,124,197,961,-1
197,128,853,197,128,853,197,128,853,1
128,193,935,128,193,935,128,193,935,-1
193,123,848,193,123,848,193,123,848,1
123,201,957,123,201,957,123,201,957,1
201,124,846,201,124,846,201,124,846,1
124,206,952,124,206,952,124,206,952,1
206,126,827,206,126,827,206,126,827,1
126,191,933,126,191,933,126,191,933,1
191,122,827,191,122,827,191,122,827,1
122,191,952,122,191,952,122,191,952,1
191,129,593,191,129,593,191,129,593,1
129,232,831,129,232,831,129,232,831,1
232,130,855,232,130,855,232,130,855,1
130,194,941,130,194,941,130,194,941,1
194,213,843,194,213,843,194,213,843,1
213,237,1392,213,237,1392,213,237,1392,1
237,210,829,237,210,829,237,210,829,1
210,215,839,210,215,839,210,215,839,1
215,247,1402,215,247,1402,215,247,1402,1
247,208,822,247,208,822,247,208,822,1
208,135,831,208,135,831,208,135,831,1
135,185,931,135,185,931,135,185,931,1
185,126,823,185,126,823,185,126,823,1
126,180,920,126,180,920,126,180,920,-1
180,320,820,180,320,820,180,320,820,1
320,127,811,320,127,811,320,127,811,-1
127,193,927,127,193,927,127,193,927,1
193,127,813,193,127,813,193,127,813,1
127,186,928,127,186,928,127,186,928,1
186,327,821,186,327,821,186,327,821,1
327,210,803,327,210,803,327,210,803,1
210,293,1345,210,293,1345,210,293,1345,1
293,156,832,293,156,832,293,156,832,1
156,132,835,156,132,835,156,132,835,1
132,218,942,132,218,942,132,218,942,1
218,124,837,218,124,837,218,124,837,1
124,191,942,124,191,942,124,191,942,1
191,122,839,191,122,839,191,122,839,1
122,189,943,122,189,943,122,189,943,1
189,126,847,189,126,847,189,126,847,1
126,210,945,126,210,945,126,210,945,1
210,211,827,210,211,827,210,211,827,1
211,171,1369,211,171,1369,211,171,1369,1
171,280,802,171,280,802,171,280,802,1
280,131,828,280,131,828,280,131,828,-1
131,219,920,131,219,920,131,219,920,-1
219,121,828,219,121,828,219,121,828,1
121,208,944,121,208,944,121,208,944,-1
208,128,835,208,128,835,208,128,835,1
128,198,931,128,198,931,128,198,931,-1
198,124,824,198,124,824,198,124,824,-1
124,208,920,124,208,920,124,208,920,1
208,207,840,208,207,840,208,207,840,1
207,205,1369,207,205,1369,207,205,1369,1
205,266,813,205,266,813,205,266,813,1
266,129,839,266,129,839,266,129,839,1
129,216,946,129,216,946,129,216,946,1
216,321,832,216,321,832,216,321,832,1
321,122,831,321,122,831,321,122,831,1
122,189,940,122,189,940,122,189,940,1
189,121,823,189,121,823,189,121,823,-1
121,206,945,121,206,945,121,206,945,1
206,127,822,206,127,822,206,127,822,1
127,204,937,127,204,937,127,204,937,-1
204,121,827,204,121,827,204,121,827,-1
121,191,938,121,191,938,121,191,938,1
191,123,825,191,123,825,191,123,825,-1
123,208,945,123,208,945,123,208,945,1
208,130,840,208,130,840,208,130,840,-1
130,201,949,130,201,949,130,201,949,-1
201,121,826,201,121,826,201,121,826,1
121,192,932,121,192,932,121,192,932,1
192,121,824,192,121,824,192,121,824,1
121,205,929,121,205,929,121,205,929,-1
205,129,828,205,129,828,205,129,828,1
129,196,936,129,196,936,129,196,936,1
196,121,812,196,121,812,196,121,812,1
121,198,921,121,198,921,121,198,921,1
198,123,815,198,123,815,198,123,815,1
123,213,930,123,213,930,123,213,930,1
213,124,809,213,124,809,213,124,809,-1
124,195,916,124,195,916,124,195,916,-1
195,126,781,195,126,781,195,126,781,1
126,191,894,126,191,894,126,191,894,-1
191,131,781,191,131,781,191,131,781,1
131,210,889,131,210,889,131,210,889,-1
210,121,792,210,121,792,210,121,792,-1
121,192,901,121,192,901,121,192,901,1
192,205,789,192,205,789,192,205,789,1
205,206,1362,205,206,1362,205,206,1362,1
206,249,791,206,249,791,206,249,791,1
249,131,830,249,131,830,249,131,830,1
131,192,925,131,192,925,131,192,925,1
192,213,835,192,213,835,192,213,835,1
213,188,1396,213,188,1396,213,188,1396,1
188,263,819,188,263,819,188,263,819,-1
263,131,832,263,131,832,263,131,832,-1
131,193,935,131,193,935,131,193,935,1
193,128,823,193,128,823,193,128,823,-1
128,198,931,128,198,931,128,198,931,1
198,323,834,198,323,834,198,323,834,-1
323,127,811,323,127,811,323,127,811,-1
127,181,921,127,181,921,127,181,921,1
181,130,827,181,130,827,181,130,827,1
130,187,914,130,187,914,130,187,914,-1
187,124,815,187,124,815,187,124,815,1
124,205,927,124,205,927,124,205,927,1
205,124,812,205,124,812,205,124,812,1
124,203,924,124,203,924,124,203,924,1
203,125,822,203,125,822,203,125,822,-1
125,188,911,125,188,911,125,188,911,-1
188,122,810,188,122,810,188,122,810,1
122,211,924,122,211,924,122,211,924,-1
211,123,808,211,123,808,211,123,808,1
123,205,934,123,205,934,123,205,934,-1
205,326,829,205,326,829,205,326,829,-1
326,125,829,326,125,829,326,125,829,1
125,204,930,125,204,930,125,204,930,1
204,124,821,204,124,821,204,124,821,1
124,201,931,124,201,931,124,201,931,-1
201,122,805,201,122,805,201,122,805,1
122,203,924,122,203,924,122,203,924,1
203,124,827,203,124,827,203,124,827,1
124,216,940,124,216,940,124,216,940,1
216,131,823,216,131,823,216,131,823,1
131,190,933,131,190,933,131,190,933,-1
190,214,846,190,214,846,190,214,846,1
214,286,1377,214,286,1377,214,286,1377,1
286,181,837,286,181,837,286,181,837,1
181,129,848,181,129,848,181,129,848,1
129,200,945,129,200,945,129,200,945,-1
200,214,850,200,214,850,200,214,850,-1
214,260,1400,214,260,1400,214,260,1400,1
260,189,860,260,189,860,260,189,860,-1
189,131,861,189,131,861,189,131,861,1
131,195,960,131,195,960,131,195,960,-1
195,215,861,195,215,861,195,215,861,1
215,256,1402,215,256,1402,215,256,1402,-1
256,199,858,256,199,858,256,199,858,1
199,131,873,199,131,873,199,131,873,-1
131,186,956,131,186,956,131,186,956,-1
186,125,842,186,125,842,186,125,842,1
125,207,956,125,207,956,125,207,956,1
207,121,859,207,121,859,207,121,859,1
121,197,965,121,197,965,121,197,965,1
197,127,838,197,127,838,197,127,838,1
127,180,936,127,180,936,127,180,936,-1
180,217,828,180,217,828,180,217,828,-1
217,314,1375,217,314,1375,217,314,1375,1
314,140,861,314,140,861,314,140,861,-1
140,129,881,140,129,881,140,129,881,1
129,197,953,129,197,953,129,197,953,-1
197,217,845,197,217,845,197,217,845,-1
217,297,1388,217,297,1388,217,297,1388,1
297,153,877,297,153,877,297,153,877,1
153,132,857,153,132,857,153,132,857,1
132,191,944,132,191,944,132,191,944,1
191,124,877,191,124,877,191,124,877,-1
124,197,950,124,197,950,124,197,950,-1
197,126,831,197,126,831,197,126,831,1
126,193,948,126,193,948,126,193,948,-1
193,121,832,193,121,832,193,121,832,1
121,197,938,121,197,938,121,197,938,-1
197,209,829,197,209,829,197,209,829,1
209,259,1370,209,259,1370,209,259,1370,-1
259,187,831,259,187,831,259,187,831,1
187,132,836,187,132,836,187,132,836,-1
132,197,931,132,197,931,132,197,931,-1
197,215,830,197,215,830,197,215,830,1
215,443,1385,215,443,1385,215,443,1385,1
443,138,834,443,138,834,443,138,834,1
138,202,923,138,202,923,138,202,923,1
202,126,839,202,126,839,202,126,839,1
126,202,937,126,202,937,126,202,937,-1
202,121,831,202,121,831,202,121,831,1
121,187,933,121,187,933,121,187,933,1
187,123,829,187,123,829,187,123,829,1
123,193,923,123,193,923,123,193,923,1
193,122,811,193,122,811,193,122,811,1
122,202,933,122,202,933,122,202,933,-1
202,123,824,202,123,824,202,123,824,-1
123,194,924,123,194,924,123,194,924,1
194,316,821,194,316,821,194,316,821,1
316,123,799,316,123,799,316,123,799,-1
123,201,910,123,201,910,123,201,910,1
201,127,815,201,127,815,201,127,815,1
127,196,931,127,196,931,127,196,931,-1
196,123,809,196,123,809,196,123,809,1
123,201,914,123,201,914,123,201,914,1
201,124,827,201,124,827,201,124,827,-1
124,191,922,124,191,922,124,191,922,1
191,126,818,191,126,818,191,126,818,1
126,195,934,126,195,934,126,195,934,-1
195,124,804,195,124,804,195,124,804,-1
124,191,914,124,191,914,124,191,914,1
191,125,801,191,125,801,191,125,801,-1
125,205,927,125,205,927,125,205,927,1
205,129,814,205,129,814,205,129,814,-1
129,198,926,129,198,926,129,198,926,1
198,122,804,198,122,804,198,122,804,-1
122,186,913,122,186,913,122,186,913,1
186,122,815,186,122,815,186,122,815,-1
122,210,932,122,210,932,122,210,932,-1
210,210,824,210,210,824,210,210,824,1
210,268,1360,210,268,1360,210,268,1360,1
268,179,823,268,179,823,268,179,823,1
179,130,828,179,130,828,179,130,828,1
130,211,934,130,211,934,130,211,934,-1
211,123,825,211,123,825,211,123,825,1
123,194,938,123,194,938,123,194,938,-1
194,325,827,194,325,827,194,325,827,1
325,129,817,325,129,817,325,129,817,1
129,202,919,129,202,919,129,202,919,1
202,209,822,202,209,822,202,209,822,1
209,183,1373,209,183,1373,209,183,1373,-1
183,273,810,183,273,810,183,273,810,1
273,132,834,273,132,834,273,132,834,1
132,210,930,132,210,930,132,210,930,1
210,126,829,210,126,829,210,126,829,1
126,190,930,126,190,930,126,190,930,-1
190,124,813,190,124,813,190,124,813,1
124,191,905,124,191,905,124,191,905,-1
191,313,818,191,313,818,191,313,818,1
313,211,818,313,211,818,313,211,818,1
211,224,1361,211,224,1361,211,224,1361,-1
224,226,819,224,226,819,224,226,819,1
226,127,833,226,127,833,226,127,833,-1
127,203,915,127,203,915,127,203,915,1
203,124,818,203,124,818,203,124,818,1
124,198,927,124,198,927,124,198,927,-1
198,127,832,198,127,832,198,127,832,1
127,191,934,127,191,934,127,191,934,1
191,121,819,191,121,819,191,121,819,1
121,208,935,121,208,935,121,208,935,-1
208,207,819,208,207,819,208,207,819,1
207,286,1365,207,286,1365,207,286,1365,1
286,171,833,286,171,833,286,171,833,-1
171,132,840,171,132,840,171,132,840,1
132,216,950,132,216,950,132,216,950,-1
216,126,849,216,126,849,216,126,849,1
126,205,948,126,205,948,126,205,948,1
205,126,852,205,126,852,205,126,852,1
126,200,929,126,200,929,126,200,929,-1
200,125,846,200,125,846,200,125,846,-1
125,213,941,125,213,941,125,213,941,1
213,128,845,213,128,845,213,128,845,1
128,194,940,128,194,940,128,194,940,-1
194,212,818,194,212,818,194,212,818,1
212,221,1371,212,221,1371,212,221,1371,1
221,238,826,221,238,826,221,238,826,-1
238,129,835,238,129,835,238,129,835,-1
129,197,933,129,197,933,129,197,933,1
197,210,842,197,210,842,197,210,842,1
210,465,1386,210,465,1386,210,465,1386,-1
465,125,835,465,125,835,465,125,835,-1
125,201,938,125,201,938,125,201,938,1
201,209,851,201,209,851,201,209,851,1
209,185,1393,209,185,1393,209,185,1393,1
185,143,832,185,143,832,185,143,832,1
143,133,852,143,133,852,143,133,852,1
133,220,852,133,220,852,133,220,852,-1
220,212,1397,220,212,1397,220,212,1397,-1
212,257,842,212,257,842,212,257,842,1
257,131,859,257,131,859,257,131,859,-1
131,194,937,131,194,937,131,194,937,1
194,122,852,194,122,852,194,122,852,-1
122,210,934,122,210,934,122,210,934,1
210,125,832,210,125,832,210,125,832,-1
125,214,949,125,214,949,125,214,949,-1
214,121,829,214,121,829,214,121,829,1
121,194,934,121,194,934,121,194,934,1
194,212,826,194,212,826,194,212,826,1
212,237,1355,212,237,1355,212,237,1355,1
237,220,830,237,220,830,237,220,830,1
220,217,835,220,217,835,220,217,835,-1
217,200,1369,217,200,1369,217,200,1369,1
200,252,827,200,252,827,200,252,827,1
252,127,845,252,127,845,252,127,845,-1
127,204,954,127,204,954,127,204,954,1
204,128,837,204,128,837,204,128,837,-1
128,187,919,128,187,919,128,187,919,1
187,214,840,187,214,840,187,214,840,1
214,293,1368,214,293,1368,214,293,1368,-1
293,156,838,293,156,838,293,156,838,1
156,215,827,156,215,827,156,215,827,1
215,193,1356,215,193,1356,215,193,1356,1
193,132,801,193,132,801,193,132,801,-1
132,135,814,132,135,814,132,135,814,-1
135,133,818,135,133,818,135,133,818,1
133,206,907,133,206,907,133,206,907,-1
206,311,817,206,311,817,206,311,817,1
311,122,815,311,122,815,311,122,815,-1
122,203,918,122,203,918,122,203,918,-1
203,121,820,203,121,820,203,121,820,1
121,209,927,121,209,927,121,209,927,1
209,125,798,209,125,798,209,125,798,1
125,197,900,125,197,900,125,197,900,-1
197,210,787,197,210,787,197,210,787,1
210,214,1328,210,214,1328,210,214,1328,1
214,239,789,214,239,789,214,239,789,1
239,134,803,239,134,803,239,134,803,-1
134,197,886,134,197,886,134,197,886,1
197,215,818,197,215,818,197,215,818,-1
215,260,1353,215,260,1353,215,260,1353,1
260,189,808,260,189,808,260,189,808,1
189,128,835,189,128,835,189,128,835,-1
128,195,923,128,195,923,128,195,923,1
195,211,837,195,211,837,195,211,837,-1
211,268,1367,211,268,1367,211,268,1367,-1
268,186,837,268,186,837,268,186,837,1
186,127,831,186,127,831,186,127,831,1
127,202,927,127,202,927,127,202,927,-1
202,209,829,202,209,829,202,209,829,1
209,229,1353,209,229,1353,209,229,1353,1
229,224,790,229,224,790,229,224,790,-1
224,222,810,224,222,810,224,222,810,1
222,275,1360,222,275,1360,222,275,1360,1
275,179,813,275,179,813,275,179,813,-1
179,213,827,179,213,827,179,213,827,1
213,268,1357,213,268,1357,213,268,1357,1
268,176,812,268,176,812,268,176,812,-1
176,132,817,176,132,817,176,132,817,-1
132,203,925,132,203,925,132,203,925,1
203,121,833,203,121,833,203,121,833,-1
121,188,921,121,188,921,121,188,921,1
188,212,810,188,212,810,188,212,810,-1
212,229,1355,212,229,1355,212,229,1355,-1
229,223,806,229,223,806,229,223,806,1
223,134,820,223,134,820,223,134,820,1
134,197,918,134,197,918,134,197,918,1
197,208,808,197,208,808,197,208,808,1
208,235,1361,208,235,1361,208,235,1361,1
235,222,820,235,222,820,235,222,820,-1
222,131,819,222,131,819,222,131,819,-1
131,194,907,131,194,907,131,194,907,1
194,215,815,194,215,815,194,215,815,-1
215,295,1366,215,295,1366,215,295,1366,1
295,163,817,295,163,817,295,163,817,-1
163,130,836,163,130,836,163,130,836,1
130,194,923,130,194,923,130,194,923,-1
194,218,842,194,218,842,194,218,842,1
218,267,1379,218,267,1379,218,267,1379,-1
267,177,844,267,177,844,267,177,844,1
177,127,827,177,127,827,177,127,827,-1
127,198,909,127,198,909,127,198,909,1
198,212,824,198,212,824,198,212,824,-1
212,265,1356,212,265,1356,212,265,1356,-1
265,175,821,265,175,821,265,175,821,1
175,216,811,175,216,811,175,216,811,1
216,251,1353,216,251,1353,216,251,1353,1
251,193,808,251,193,808,251,193,808,-1
193,217,801,193,217,801,193,217,801,1
217,239,1344,217,239,1344,217,239,1344,-1
239,210,810,239,210,810,239,210,810,1
210,131,813,210,131,813,210,131,813,1
131,128,918,131,128,918,131,128,918,1
128,275,1365,128,275,1365,128,275,1365,1
275,149,812,275,149,812,275,149,812,1
149,131,831,149,131,831,149,131,831,-1
131,213,908,131,213,908,131,213,908,1
213,125,823,213,125,823,213,125,823,1
125,199,929,125,199,929,125,199,929,-1
199,126,811,199,126,811,199,126,811,1
126,197,926,126,197,926,126,197,926,1
197,327,821,197,327,821,197,327,821,1
327,205,820,327,205,820,327,205,820,-1
205,298,1340,205,298,1340,205,298,1340,-1
298,165,824,298,165,824,298,165,824,1
165,130,828,165,130,828,165,130,828,-1
130,216,937,130,216,937,130,216,937,1
216,323,842,216,323,842,216,323,842,-1
323,123,848,323,123,848,323,123,848,-1
123,198,936,123,198,936,123,198,936,1
198,124,816,198,124,816,198,124,816,1
124,210,923,124,210,923,124,210,923,1
210,126,816,210,126,816,210,126,816,-1
126,204,926,126,204,926,126,204,926,-1
204,121,816,204,121,816,204,121,816,1
121,193,908,121,193,908,121,193,908,-1
193,327,801,193,327,801,193,327,801,1
327,128,795,327,128,795,327,128,795,-1
128,201,913,128,201,913,128,201,913,1
201,123,814,201,123,814,201,123,814,-1
123,204,921,123,204,921,123,204,921,1
204,121,807,204,121,807,204,121,807,-1
121,202,922,121,202,922,121,202,922,1
202,128,796,202,128,796,202,128,796,-1
128,192,894,128,192,894,128,192,894,1
192,122,811,192,122,811,192,122,811,-1
122,195,917,122,195,917,122,195,917,1
195,125,812,195,125,812,195,125,812,-1
125,207,918,125,207,918,125,207,918,-1
207,125,796,207,125,796,207,125,796,1
125,185,927,125,185,927,125,185,927,1
185,124,814,185,124,814,185,124,814,1
124,190,922,124,190,922,124,190,922,1
190,124,825,190,124,825,190,124,825,1
124,210,931,124,210,931,124,210,931,1
210,125,812,210,125,812,210,125,812,1
125,190,914,125,190,914,125,190,914,1
190,125,815,190,125,815,190,125,815,1
125,186,927,125,186,927,125,186,927,1
186,125,801,186,125,801,186,125,801,1
125,206,923,125,206,923,125,206,923,1
206,121,811,206,121,811,206,121,811,1
121,190,929,121,190,929,121,190,929,1
190,123,826,190,123,826,190,123,826,1
123,200,931,123,200,931,123,200,931,1
200,124,826,200,124,826,200,124,826,1
124,206,940,124,206,940,124,206,940,1
206,206,820,206,206,820,206,206,820,-1
206,180,1373,206,180,1373,206,180,1373,-1
180,269,804,180,269,804,180,269,804,1
269,135,834,269,135,834,269,135,834,-1
135,207,957,135,207,957,135,207,957,1
207,127,847,207,127,847,207,127,847,-1
127,193,946,127,193,946,127,193,946,1
193,325,837,193,325,837,193,325,837,-1
325,324,851,325,324,851,325,324,851,-1
324,122,816,324,122,816,324,122,816,1
122,195,919,122,195,919,122,195,919,1
195,217,789,195,217,789,195,217,789,-1
217,257,1341,217,257,1341,217,257,1341,1
257,207,805,257,207,805,257,207,805,1
207,213,803,207,213,803,207,213,803,-1
213,211,1345,213,211,1345,213,211,1345,1
211,250,790,211,250,790,211,250,790,-1
250,132,799,250,132,799,250,132,799,1
132,208,901,132,208,901,132,208,901,1
208,122,772,208,122,772,208,122,772,1
122,196,875,122,196,875,122,196,875,1
196,206,773,196,206,773,196,206,773,1
206,219,1320,206,219,1320,206,219,1320,1
219,247,764,219,247,764,219,247,764,-1
247,219,777,247,219,777,247,219,777,-1
219,207,1323,219,207,1323,219,207,1323,1
207,247,767,207,247,767,207,247,767,-1
247,130,804,247,130,804,247,130,804,1
130,206,896,130,206,896,130,206,896,-1
206,131,816,206,131,816,206,131,816,1
131,192,895,131,192,895,131,192,895,-1
192,211,801,192,211,801,192,211,801,1
211,311,1334,211,311,1334,211,311,1334,-1
311,146,811,311,146,811,311,146,811,-1
146,133,824,146,133,824,146,133,824,1
133,206,899,133,206,899,133,206,899,1
206,212,810,206,212,810,206,212,810,-1
212,252,1347,212,252,1347,212,252,1347,1
252,212,811,252,212,811,252,212,811,-1
212,212,834,212,212,834,212,212,834,1
212,226,1364,212,226,1364,212,226,1364,1
226,234,812,226,234,812,226,234,812,1
234,134,817,234,134,817,234,134,817,-1
134,194,905,134,194,905,134,194,905,1
194,126,806,194,126,806,194,126,806,-1
126,190,897,126,190,897,126,190,897,1
190,318,796,190,318,796,190,318,796,1
318,314,803,318,314,803,318,314,803,-1
314,122,797,314,122,797,314,122,797,1
122,190,894,122,190,894,122,190,894,1
190,125,795,190,125,795,190,125,795,-1
125,209,908,125,209,908,125,209,908,-1
209,121,804,209,121,804,209,121,804,1
121,204,913,121,204,913,121,204,913,-1
204,127,788,204,127,788,204,127,788,1
127,194,880,127,194,880,127,194,880,-1
194,130,805,194,130,805,194,130,805,1
130,217,906,130,217,906,130,217,906,-1
217,124,813,217,124,813,217,124,813,-1
124,210,904,124,210,904,124,210,904,1
210,321,788,210,321,788,210,321,788,1
321,127,792,321,127,792,321,127,792,-1
127,211,906,127,211,906,127,211,906,1
211,124,803,211,124,803,211,124,803,1
124,201,910,124,201,910,124,201,910,-1
201,124,784,201,124,784,201,124,784,1
124,207,896,124,207,896,124,207,896,-1
207,122,790,207,122,790,207,122,790,1
122,206,914,122,206,914,122,206,914,1
206,124,816,206,124,816,206,124,816,-1
124,192,918,124,192,918,124,192,918,1
192,217,812,192,217,812,192,217,812,1
217,273,1341,217,273,1341,217,273,1341,1
273,190,811,273,190,811,273,190,811,-1
190,126,802,190,126,802,190,126,802,1
126,198,911,126,198,911,126,198,911,-1
198,127,823,198,127,823,198,127,823,1
127,202,903,127,202,903,127,202,903,1
202,125,806,202,125,806,202,125,806,1
125,207,921,125,207,921,125,207,921,-1
207,126,828,207,126,828,207,126,828,1
126,198,941,126,198,941,126,198,941,-1
198,125,817,198,125,817,198,125,817,1
125,192,911,125,192,911,125,192,911,1
192,122,819,192,122,819,192,122,819,-1
122,197,942,122,197,942,122,197,942,1
197,128,827,197,128,827,197,128,827,1
128,196,926,128,196,926,128,196,926,1
196,121,802,196,121,802,196,121,802,1
121,191,922,121,191,922,121,191,922,-1
191,121,803,191,121,803,191,121,803,1
121,190,914,121,190,914,121,190,914,1
190,127,802,190,127,802,190,127,802,1
127,189,919,127,189,919,127,189,919,1
189,313,804,189,313,804,189,313,804,1
313,124,793,313,124,793,313,124,793,-1
124,206,905,124,206,905,124,206,905,1
206,125,809,206,125,809,206,125,809,-1
125,190,920,125,190,920,125,190,920,1
190,209,811,190,209,811,190,209,811,1
209,227,1362,209,227,1362,209,227,1362,-1
227,228,809,227,228,809,227,228,809,1
228,127,821,228,127,821,228,127,821,1
127,200,919,127,200,919,127,200,919,1
200,212,802,200,212,802,200,212,802,-1
212,181,1356,212,181,1356,212,181,1356,1
181,271,793,181,271,793,181,271,793,-1
271,131,809,271,131,809,271,131,809,1
131,189,914,131,189,914,131,189,914,1
189,122,802,189,122,802,189,122,802,-1
122,210,916,122,210,916,122,210,916,1
210,127,823,210,127,823,210,127,823,-1
127,201,927,127,201,927,127,201,927,1
201,123,808,201,123,808,201,123,808,1
123,187,916,123,187,916,123,187,916,1
187,121,784,187,121,784,187,121,784,-1
121,206,895,121,206,895,121,206,895,-1
206,123,793,206,123,793,206,123,793,1
123,207,922,123,207,922,123,207,922,-1
207,123,813,207,123,813,207,123,813,1
123,184,922,123,184,922,123,184,922,-1
184,124,794,184,124,794,184,124,794,-1
124,205,919,124,205,919,124,205,919,1
205,329,804,205,329,804,205,329,804,1
329,125,807,329,125,807,329,125,807,-1
125,203,925,125,203,925,125,203,925,-1
203,125,828,203,125,828,203,125,828,1
125,197,930,125,197,930,125,197,930,1
197,123,807,197,123,807,197,123,807,-1
123,207,935,123,207,935,123,207,935,1
207,212,814,207,212,814,207,212,814,1
212,190,1361,212,190,1361,212,190,1361,-1
190,270,786,190,270,786,190,270,786,1
270,130,814,270,130,814,270,130,814,1
130,208,923,130,208,923,130,208,923,-1
208,127,825,208,127,825,208,127,825,1
127,210,921,127,210,921,127,210,921,1
210,123,818,210,123,818,210,123,818,-1
123,194,909,123,194,909,123,194,909,-1
194,123,790,194,123,790,194,123,790,1
123,210,905,123,210,905,123,210,905,-1
210,213,794,210,213,794,210,213,794,1
213,243,1334,213,243,1334,213,243,1334,-1
243,207,766,243,207,766,243,207,766,-1
207,126,781,207,126,781,207,126,781,1
126,223,897,126,223,897,126,223,897,1
223,125,803,223,125,803,223,125,803,1
125,200,912,125,200,912,125,200,912,1
200,125,804,200,125,804,200,125,804,1
125,193,909,125,193,909,125,193,909,-1
193,123,810,193,123,810,193,123,810,-1
123,213,916,123,213,916,123,213,916,1
213,121,802,213,121,802,213,121,802,-1
121,200,924,121,200,924,121,200,924,1
200,125,809,200,125,809,200,125,809,-1
125,198,920,125,198,920,125,198,920,1
198,131,815,198,131,815,198,131,815,-1
131,207,919,131,207,919,131,207,919,1
207,315,825,207,315,825,207,315,825,-1
315,210,813,315,210,813,315,210,813,1
210,203,1371,210,203,1371,210,203,1371,-1
203,131,819,203,131,819,203,131,819,1
131,136,834,131,136,834,131,136,834,-1
136,216,828,136,216,828,136,216,828,-1
216,188,1383,216,188,1383,216,188,1383,1
188,267,817,188,267,817,188,267,817,1
267,132,846,267,132,846,267,132,846,1
132,199,953,132,199,953,132,199,953,1
199,318,847,199,318,847,199,318,847,1
318,218,834,318,218,834,318,218,834,1
218,322,1390,218,322,1390,218,322,1390,1
322,126,837,322,126,837,322,126,837,1
126,129,824,126,129,824,126,129,824,1
129,200,936,129,200,936,129,200,936,1
200,127,843,200,127,843,200,127,843,1
127,198,943,127,198,943,127,198,943,1
198,220,826,198,220,826,198,220,826,1
220,246,1380,220,246,1380,220,246,1380,1
246,195,824,246,195,824,246,195,824,1
195,125,826,195,125,826,195,125,826,1
125,208,951,125,208,951,125,208,951,1
208,125,844,208,125,844,208,125,844,1
125,202,950,125,202,950,125,202,950,1
202,125,831,202,125,831,202,125,831,1
125,196,951,125,196,951,125,196,951,1
196,219,838,196,219,838,196,219,838,-1
219,214,1408,219,214,1408,219,214,1408,-1
214,239,840,214,239,840,214,239,840,1
239,135,849,239,135,849,239,135,849,-1
135,190,940,135,190,940,135,190,940,1
190,125,852,190,125,852,190,125,852,-1
125,206,971,125,206,971,125,206,971,1
206,327,859,206,327,859,206,327,859,-1
327,121,857,327,121,857,327,121,857,1
121,209,972,121,209,972,121,209,972,-1
209,123,845,209,123,845,209,123,845,-1
123,195,948,123,195,948,123,195,948,1
195,126,831,195,126,831,195,126,831,1
126,207,942,126,207,942,126,207,942,-1
207,123,834,207,123,834,207,123,834,1
123,205,950,123,205,950,123,205,950,1
205,126,834,205,126,834,205,126,834,1
126,187,941,126,187,941,126,187,941,-1
187,128,831,187,128,831,187,128,831,-1
128,196,952,128,196,952,128,196,952,1
196,188,576,196,188,576,196,188,576,-1
188,165,850,188,165,850,188,165,850,-1
165,126,835,165,126,835,165,126,835,1
126,192,941,126,192,941,126,192,941,-1
192,128,835,192,128,835,192,128,835,-1
128,187,929,128,187,929,128,187,929,1
187,125,832,187,125,832,187,125,832,1
125,192,936,125,192,936,125,192,936,-1
192,123,831,192,123,831,192,123,831,1
123,196,941,123,196,941,123,196,941,1
196,127,822,196,127,822,196,127,822,1
127,182,929,127,182,929,127,182,929,1
182,121,824,182,121,824,182,121,824,1
121,200,934,121,200,934,121,200,934,1
200,212,801,200,212,801,200,212,801,-1
212,313,1368,212,313,1368,212,313,1368,1
313,140,827,313,140,827,313,140,827,1
140,131,841,140,131,841,140,131,841,-1
131,209,938,131,209,938,131,209,938,1
209,126,840,209,126,840,209,126,840,-1
126,210,956,126,210,956,126,210,956,-1
210,123,829,210,123,829,210,123,829,1
123,192,930,123,192,930,123,192,930,1
192,125,830,192,125,830,192,125,830,1
125,212,957,125,212,957,125,212,957,-1
212,127,835,212,127,835,212,127,835,1
127,208,955,127,208,955,127,208,955,-1
208,124,856,208,124,856,208,124,856,1
124,193,956,124,193,956,124,193,956,1
193,121,842,193,121,842,193,121,842,1
121,217,954,121,217,954,121,217,954,-1
217,124,841,217,124,841,217,124,841,1
124,203,935,124,203,935,124,203,935,1
203,125,825,203,125,825,203,125,825,1
125,193,929,125,193,929,125,193,929,-1
193,123,821,193,123,821,193,123,821,1
123,218,957,123,218,957,123,218,957,1
218,121,837,218,121,837,218,121,837,1
121,211,943,121,211,943,121,211,943,1
211,122,815,211,122,815,211,122,815,-1
122,207,923,122,207,923,122,207,923,1
207,128,818,207,128,818,207,128,818,1
128,217,920,128,217,920,128,217,920,1
217,121,824,217,121,824,217,121,824,-1
121,205,917,121,205,917,121,205,917,1
205,121,803,205,121,803,205,121,803,1
121,215,923,121,215,923,121,215,923,1
215,126,833,215,126,833,215,126,833,1
126,206,921,126,206,921,126,206,921,1
206,125,806,206,125,806,206,125,806,1
125,188,902,125,188,902,125,188,902,1
188,215,779,188,215,779,188,215,779,1
215,225,1333,215,225,1333,215,225,1333,-1
225,229,783,225,229,783,225,229,783,1
229,133,815,229,133,815,229,133,815,-1
133,198,897,133,198,897,133,198,897,1
198,222,818,198,222,818,198,222,818,1
222,213,1387,222,213,1387,222,213,1387,1
213,231,820,213,231,820,213,231,820,-1
231,127,822,231,127,822,231,127,822,1
127,207,922,127,207,922,127,207,922,-1
207,213,819,207,213,819,207,213,819,1
213,231,1381,213,231,1381,213,231,1381,1
231,208,830,231,208,830,231,208,830,1
208,134,840,208,134,840,208,134,840,-1
134,196,917,134,196,917,134,196,917,1
196,211,824,196,211,824,196,211,824,-1
211,242,1387,211,242,1387,211,242,1387,1
242,208,832,242,208,832,242,208,832,1
208,140,834,208,140,834,208,140,834,1
140,195,917,140,195,917,140,195,917,-1
195,211,840,195,211,840,195,211,840,1
211,202,1378,211,202,1378,211,202,1378,1
202,252,832,202,252,832,202,252,832,1
252,132,846,252,132,846,252,132,846,1
132,193,919,132,193,919,132,193,919,-1
193,212,850,193,212,850,193,212,850,1
212,262,1384,212,262,1384,212,262,1384,-1
262,175,842,262,175,842,262,175,842,1
175,131,822,175,131,822,175,131,822,1
131,185,911,131,185,911,131,185,911,1
185,211,837,185,211,837,185,211,837,-1
211,277,1368,211,277,1368,211,277,1368,1
277,172,830,277,172,830,277,172,830,1
172,132,837,172,132,837,172,132,837,1
132,180,904,132,180,904,132,180,904,1
180,212,820,180,212,820,180,212,820,1
212,288,1351,212,288,1351,212,288,1351,-1
288,155,810,288,155,810,288,155,810,1
155,221,807,155,221,807,155,221,807,-1
221,188,1355,221,188,1355,221,188,1355,-1
188,257,806,188,257,806,188,257,806,1
257,213,818,257,213,818,257,213,818,1
213,226,1355,213,226,1355,213,226,1355,-1
226,214,813,226,214,813,226,214,813,1
214,132,849,214,132,849,214,132,849,1
132,201,926,132,201,926,132,201,926,-1
201,122,834,201,122,834,201,122,834,1
122,188,932,122,188,932,122,188,932,1
188,122,830,188,122,830,188,122,830,-1
122,187,925,122,187,925,122,187,925,-1
187,126,838,187,126,838,187,126,838,1
126,193,926,126,193,926,126,193,926,-1
193,121,831,193,121,831,193,121,831,1
121,189,946,121,189,946,121,189,946,1
189,162,591,189,162,591,189,162,591,-1
162,181,815,162,181,815,162,181,815,1
181,127,808,181,127,808,181,127,808,-1
127,206,917,127,206,917,127,206,917,1
206,320,841,206,320,841,206,320,841,1
320,124,842,320,124,842,320,124,842,1
124,193,932,124,193,932,124,193,932,1
193,212,809,193,212,809,193,212,809,1
212,248,1334,212,248,1334,212,248,1334,1
248,204,816,248,204,816,248,204,816,-1
204,224,828,204,224,828,204,224,828,1
224,232,1350,224,232,1350,224,232,1350,-1
232,218,801,232,218,801,232,218,801,1
218,125,814,218,125,814,218,125,814,1
125,212,937,125,212,937,125,212,937,1
212,122,816,212,122,816,212,122,816,1
122,192,906,122,192,906,122,192,906,-1
192,211,822,192,211,822,192,211,822,1
211,246,1330,211,246,1330,211,246,1330,-1
246,203,809,246,203,809,246,203,809,1
203,214,808,203,214,808,203,214,808,1
214,239,1337,214,239,1337,214,239,1337,1
239,204,802,239,204,802,239,204,802,1
204,137,822,204,137,822,204,137,822,1
137,193,916,137,193,916,137,193,916,-1
193,122,813,193,122,813,193,122,813,1
122,190,902,122,190,902,122,190,902,1
190,324,794,190,324,794,190,324,794,1
324,122,828,324,122,828,324,122,828,1
122,202,925,122,202,925,122,202,925,1
202,122,807,202,122,807,202,122,807,1
122,193,923,122,193,923,122,193,923,1
193,123,814,193,123,814,193,123,814,1
123,213,927,123,213,927,123,213,927,1
213,317,828,213,317,828,213,317,828,1
317,209,801,317,209,801,317,209,801,1
209,471,1342,209,471,1342,209,471,1342,1
471,128,818,471,128,818,471,128,818,1
128,197,933,128,197,933,128,197,933,1
197,207,598,197,207,598,197,207,598,-1
207,146,833,207,146,833,207,146,833,1
146,125,836,146,125,836,146,125,836,1
125,212,943,125,212,943,125,212,943,-1
212,121,828,212,121,828,212,121,828,1
121,194,911,121,194,911,121,194,911,1
194,124,823,194,124,823,194,124,823,1
124,202,915,124,202,915,124,202,915,1
202,321,807,202,321,807,202,321,807,1
321,122,802,321,122,802,321,122,802,1
122,197,909,122,197,909,122,197,909,-1
197,127,803,197,127,803,197,127,803,1
127,196,893,127,196,893,127,196,893,1
196,121,794,196,121,794,196,121,794,1
121,210,910,121,210,910,121,210,910,1
210,122,793,210,122,793,210,122,793,1
122,192,904,122,192,904,122,192,904,-1
192,124,800,192,124,800,192,124,800,1
124,193,908,124,193,908,124,193,908,-1
193,124,809,193,124,809,193,124,809,1
124,201,916,124,201,916,124,201,916,1
201,127,805,201,127,805,201,127,805,-1
127,192,912,127,192,912,127,192,912,1
192,124,824,192,124,824,192,124,824,1
124,195,912,124,195,912,124,195,912,1
195,121,808,195,121,808,195,121,808,1
121,200,913,121,200,913,121,200,913,1
200,322,807,200,322,807,200,322,807,-1
322,122,824,322,122,824,322,122,824,1
122,202,922,122,202,922,122,202,922,1
202,122,833,202,122,833,202,122,833,-1
122,202,939,122,202,939,122,202,939,1
202,123,830,202,123,830,202,123,830,1
123,198,935,123,198,935,123,198,935,1
198,123,814,198,123,814,198,123,814,1
123,192,905,123,192,905,123,192,905,1
192,121,815,192,121,815,192,121,815,1
121,207,931,121,207,931,121,207,931,1
207,127,829,207,127,829,207,127,829,1
127,200,933,127,200,933,127,200,933,1
200,124,828,200,124,828,200,124,828,1
124,191,921,124,191,921,124,191,921,1
191,122,822,191,122,822,191,122,822,1
122,211,928,122,211,928,122,211,928,-1
211,212,816,211,212,816,211,212,816,1
212,208,1352,212,208,1352,212,208,1352,-1
208,242,800,208,242,800,208,242,800,1
242,124,822,242,124,822,242,124,822,1
124,212,920,124,212,920,124,212,920,1
212,122,843,212,122,843,212,122,843,1
122,196,921,122,196,921,122,196,921,-1
196,122,821,196,122,821,196,122,821,-1
122,187,918,122,187,918,122,187,918,1
187,213,823,187,213,823,187,213,823,-1
213,270,1336,213,270,1336,213,270,1336,1
270,171,833,270,171,833,270,171,833,-1
171,218,829,171,218,829,171,218,829,-1
218,205,1365,218,205,1365,218,205,1365,1
205,246,823,205,246,823,205,246,823,1
246,130,850,246,130,850,246,130,850,1
130,209,943,130,209,943,130,209,943,-1
209,318,842,209,318,842,209,318,842,-1
318,124,843,318,124,843,318,124,843,1
124,193,943,124,193,943,124,193,943,1
193,121,837,193,121,837,193,121,837,-1
121,214,951,121,214,951,121,214,951,1
214,122,850,214,122,850,214,122,850,1
122,209,959,122,209,959,122,209,959,-1
209,123,838,209,123,838,209,123,838,-1
123,200,946,123,200,946,123,200,946,1
200,325,833,200,325,833,200,325,833,1
325,127,851,325,127,851,325,127,851,1
127,203,959,127,203,959,127,203,959,1
203,121,849,203,121,849,203,121,849,1
121,200,954,121,200,954,121,200,954,1
200,322,839,200,322,839,200,322,839,1
322,126,848,322,126,848,322,126,848,1
126,195,960,126,195,960,126,195,960,1
195,126,845,195,126,845,195,126,845,1
126,190,932,126,190,932,126,190,932,1
190,123,825,190,123,825,190,123,825,1
123,217,946,123,217,946,123,217,946,1
217,126,841,217,126,841,217,126,841,1
126,199,945,126,199,945,126,199,945,1
199,121,824,199,121,824,199,121,824,1
121,196,944,121,196,944,121,196,944,1
196,124,839,196,124,839,196,124,839,1
124,224,936,124,224,936,124,224,936,1
224,121,836,224,121,836,224,121,836,1
121,217,951,121,217,951,121,217,951,1
217,124,851,217,124,851,217,124,851,1
124,194,945,124,194,945,124,194,945,1
194,125,844,194,125,844,194,125,844,1
125,217,952,125,217,952,125,217,952,1
217,125,838,217,125,838,217,125,838,1
125,206,944,125,206,944,125,206,944,1
206,208,857,206,208,857,206,208,857,1
208,231,1365,208,231,1365,208,231,1365,1
231,235,832,231,235,832,231,235,832,1
235,209,855,235,209,855,235,209,855,1
209,191,1377,209,191,1377,209,191,1377,1
191,273,836,191,273,836,191,273,836,1
273,130,852,273,130,852,273,130,852,1
130,219,954,130,219,954,130,219,954,1
219,309,868,219,309,868,219,309,868,1
309,131,853,309,131,853,309,131,853,1
131,183,926,131,183,926,131,183,926,1
183,122,828,183,122,828,183,122,828,1
122,197,943,122,197,943,122,197,943,1
197,122,836,197,122,836,197,122,836,1
122,196,938,122,196,938,122,196,938,1
196,128,831,196,128,831,196,128,831,1
128,185,914,128,185,914,128,185,914,1
185,320,822,185,320,822,185,320,822,1
320,121,834,320,121,834,320,121,834,-1
121,204,928,121,204,928,121,204,928,1
204,122,816,204,122,816,204,122,816,-1
122,194,932,122,194,932,122,194,932,1
194,122,829,194,122,829,194,122,829,1
122,200,937,122,200,937,122,200,937,1
200,121,823,200,121,823,200,121,823,1
121,197,925,121,197,925,121,197,925,1
197,123,797,197,123,797,197,123,797,1
123,197,891,123,197,891,123,197,891,1
197,121,808,197,121,808,197,121,808,1
121,211,909,121,211,909,121,211,909,1
211,127,791,211,127,791,211,127,791,1
127,198,887,127,198,887,127,198,887,1
198,121,786,198,121,786,198,121,786,1
121,204,880,121,204,880,121,204,880,1
204,123,779,204,123,779,204,123,779,1
123,219,890,123,219,890,123,219,890,-1
219,127,796,219,127,796,219,127,796,1
127,199,870,127,199,870,127,199,870,1
199,211,769,199,211,769,199,211,769,1
211,234,1313,211,234,1313,211,234,1313,1
234,236,788,234,236,788,234,236,788,1
236,218,798,236,218,798,236,218,798,1
218,206,1343,218,206,1343,218,206,1343,-1
206,273,804,206,273,804,206,273,804,1
273,223,821,273,223,821,273,223,821,1
223,213,1360,223,213,1360,223,213,1360,1
213,124,807,213,124,807,213,124,807,1
124,139,830,124,139,830,124,139,830,1
139,134,823,139,134,823,139,134,823,1
134,225,910,134,225,910,134,225,910,1
225,339,817,225,339,817,225,339,817,1
339,123,804,339,123,804,339,123,804,1
123,214,892,123,214,892,123,214,892,1
214,126,793,214,126,793,214,126,793,1
126,211,911,126,211,911,126,211,911,1
211,123,792,211,123,792,211,123,792,1
123,212,903,123,212,903,123,212,903,-1
212,126,799,212,126,799,212,126,799,1
126,220,898,126,220,898,126,220,898,1
220,124,805,220,124,805,220,124,805,1
124,217,913,124,217,913,124,217,913,1
217,123,817,217,123,817,217,123,817,1
123,219,928,123,219,928,123,219,928,1
219,222,797,219,222,797,219,222,797,1
222,473,1348,222,473,1348,222,473,1348,1
473,126,797,473,126,797,473,126,797,1
126,228,883,126,228,883,126,228,883,1
228,207,795,228,207,795,228,207,795,1
207,248,1346,207,248,1346,207,248,1346,1
