193,193,970,193,193,970,193,193,970,-1
193,214,1018,193,214,1018,193,214,1018,1
214,213,974,214,213,974,214,213,974,1
213,294,1034,213,294,1034,213,294,1034,1
294,125,966,294,125,966,294,125,966,1
125,141,1023,125,141,1023,125,141,1023,1
141,149,974,141,149,974,141,149,974,1
149,202,924,149,202,924,149,202,924,1
202,205,987,202,205,987,202,205,987,1
205,124,979,205,124,979,205,124,979,1
124,184,1034,124,184,1034,124,184,1034,1
184,200,983,184,200,983,184,200,983,1
200,268,1029,200,268,1029,200,268,1029,1
268,134,962,268,134,962,268,134,962,1
134,209,1016,134,209,1016,134,209,1016,1
209,205,992,209,205,992,209,205,992,1
205,279,1044,205,279,1044,205,279,1044,1
279,231,994,279,231,994,279,231,994,1
231,161,992,231,161,992,231,161,992,1
161,121,986,161,121,986,161,121,986,1
121,123,1026,121,123,1026,121,123,1026,1
123,146,979,123,146,979,123,146,979,1
146,121,982,146,121,982,146,121,982,1
121,256,1032,121,256,1032,121,256,1032,1
256,121,976,256,121,976,256,121,976,1
121,291,1046,121,291,1046,121,291,1046,1
291,129,975,291,129,975,291,129,975,1
129,277,1019,129,277,1019,129,277,1019,1
277,125,970,277,125,970,277,125,970,1
125,267,1029,125,267,1029,125,267,1029,1
267,123,964,267,123,964,267,123,964,1
123,190,1040,123,190,1040,123,190,1040,1
190,195,982,190,195,982,190,195,982,1
195,263,1022,195,263,1022,195,263,1022,1
263,210,988,263,210,988,263,210,988,1
210,173,984,210,173,984,210,173,984,1
173,128,955,173,128,955,173,128,955,1
128,209,1031,128,209,1031,128,209,1031,1
209,199,972,209,199,972,209,199,972,1
199,276,1014,199,276,1014,199,276,1014,1
276,391,977,276,391,977,276,391,977,1
391,233,960,391,233,960,391,233,960,1
233,149,960,233,149,960,233,149,960,1
149,125,961,149,125,961,149,125,961,1
125,259,1022,125,259,1022,125,259,1022,1
259,131,964,259,131,964,259,131,964,1
131,202,1024,131,202,1024,131,202,1024,1
202,212,990,202,212,990,202,212,990,1
212,290,1026,212,290,1026,212,290,1026,1
290,130,976,290,130,976,290,130,976,1
130,178,1033,130,178,1033,130,178,1033,1
178,213,989,178,213,989,178,213,989,1
213,280,1040,213,280,1040,213,280,1040,1
280,122,990,280,122,990,280,122,990,1
122,289,1032,122,289,1032,122,289,1032,1
289,245,989,289,245,989,289,245,989,1
245,162,968,245,162,968,245,162,968,1
162,130,967,162,130,967,162,130,967,1
130,208,1011,130,208,1011,130,208,1011,1
208,225,975,208,225,975,208,225,975,1
225,283,1025,225,283,1025,225,283,1025,1
283,125,990,283,125,990,283,125,990,1
125,188,1022,125,188,1022,125,188,1022,1
188,208,987,188,208,987,188,208,987,1
208,275,1030,208,275,1030,208,275,1030,1
275,187,974,275,187,974,275,187,974,1
187,205,995,187,205,995,187,205,995,1
205,130,976,205,130,976,205,130,976,1
130,277,1017,130,277,1017,130,277,1017,1
277,132,959,277,132,959,277,132,959,1
132,290,1013,132,290,1013,132,290,1013,1
290,389,991,290,389,991,290,389,991,1
389,124,984,389,124,984,389,124,984,1
124,264,1022,124,264,1022,124,264,1022,1
264,199,988,264,199,988,264,199,988,1
199,186,985,199,186,985,199,186,985,1
186,136,961,186,136,961,186,136,961,1
136,282,1022,136,282,1022,136,282,1022,1
282,121,956,282,121,956,282,121,956,1
121,189,1018,121,189,1018,121,189,1018,-1
189,225,973,189,225,973,189,225,973,1
225,197,1034,225,197,1034,225,197,1034,1
197,199,993,197,199,993,197,199,993,1
199,261,1044,199,261,1044,199,261,1044,1
261,213,989,261,213,989,261,213,989,1
213,169,983,213,169,983,213,169,983,1
169,190,968,169,190,968,169,190,968,1
190,207,1006,190,207,1006,190,207,1006,1
207,123,988,207,123,988,207,123,988,1
123,197,1044,123,197,1044,123,197,1044,1
197,199,992,197,199,992,197,199,992,1
199,189,1038,199,189,1038,199,189,1038,1
189,207,994,189,207,994,189,207,994,1
207,183,1056,207,183,1056,207,183,1056,1
183,201,999,183,201,999,183,201,999,1
201,170,1056,201,170,1056,201,170,1056,1
170,203,989,170,203,989,170,203,989,1
203,158,1042,203,158,1042,203,158,1042,1
158,207,997,158,207,997,158,207,997,1
207,189,1061,207,189,1061,207,189,1061,1
189,213,1001,189,213,1001,189,213,1001,1
213,188,1056,213,188,1056,213,188,1056,1
188,202,997,188,202,997,188,202,997,1
202,266,1034,202,266,1034,202,266,1034,1
266,122,981,266,122,981,266,122,981,1
122,253,1066,122,253,1066,122,253,1066,1
253,371,1014,253,371,1014,253,371,1014,1
371,274,983,371,274,983,371,274,983,1
274,225,984,274,225,984,274,225,984,1
225,276,1042,225,276,1042,225,276,1042,1
276,126,987,276,126,987,276,126,987,1
126,266,1045,126,266,1045,126,266,1045,1
266,124,978,266,124,978,266,124,978,1
124,270,1037,124,270,1037,124,270,1037,1
270,125,981,270,125,981,270,125,981,1
125,248,1045,125,248,1045,125,248,1045,1
248,290,995,248,290,995,248,290,995,1
290,195,995,290,195,995,290,195,995,-1
195,121,1061,195,121,1061,195,121,1061,1
121,161,1018,121,161,1018,121,161,1018,1
161,131,987,161,131,987,161,131,987,1
131,121,1069,131,121,1069,131,121,1069,1
121,148,1005,121,148,1005,121,148,1005,1
148,122,988,148,122,988,148,122,988,1
122,183,1047,122,183,1047,122,183,1047,1
183,206,1002,183,206,1002,183,206,1002,1
206,122,1063,206,122,1063,206,122,1063,1
122,144,1010,122,144,1010,122,144,1010,1
144,124,1001,144,124,1001,144,124,1001,1
124,246,1046,124,246,1046,124,246,1046,1
246,212,1019,246,212,1019,246,212,1019,1
212,147,1022,212,147,1022,212,147,1022,1
147,133,1017,147,133,1017,147,133,1017,1
133,182,1049,133,182,1049,133,182,1049,1
182,214,1013,182,214,1013,182,214,1013,1
214,263,1062,214,263,1062,214,263,1062,1
263,121,998,263,121,998,263,121,998,1
121,260,1073,121,260,1073,121,260,1073,1
260,130,990,260,130,990,260,130,990,1
130,170,1070,130,170,1070,130,170,1070,1
170,202,1007,170,202,1007,170,202,1007,1
202,164,1054,202,164,1054,202,164,1054,1
164,190,996,164,190,996,164,190,996,1
190,171,1051,190,171,1051,190,171,1051,1
171,219,995,171,219,995,171,219,995,1
219,191,1044,219,191,1044,219,191,1044,1
191,205,999,191,205,999,191,205,999,1
205,263,1028,205,263,1028,205,263,1028,1
263,193,990,263,193,990,263,193,990,1
193,187,1009,193,187,1009,193,187,1009,1
187,124,978,187,124,978,187,124,978,1
124,252,1051,124,252,1051,124,252,1051,1
252,227,1005,252,227,1005,252,227,1005,1
227,131,992,227,131,992,227,131,992,1
131,189,1011,131,189,1011,131,189,1011,1
189,131,1025,189,131,1025,189,131,1025,1
131,195,1086,131,195,1086,131,195,1086,1
195,187,994,195,187,994,195,187,994,1
187,217,1012,187,217,1012,187,217,1012,1
217,242,1029,217,242,1029,217,242,1029,1
242,125,1018,242,125,1018,242,125,1018,1
125,268,1045,125,268,1045,125,268,1045,1
268,122,994,268,122,994,268,122,994,1
122,248,1044,122,248,1044,122,248,1044,1
248,202,993,248,202,993,248,202,993,1
202,160,1007,202,160,1007,202,160,1007,1
160,128,983,160,128,983,160,128,983,1
128,265,1061,128,265,1061,128,265,1061,1
265,130,984,265,130,984,265,130,984,1
130,271,1030,130,271,1030,130,271,1030,1
271,125,979,271,125,979,271,125,979,1
125,172,1046,125,172,1046,125,172,1046,1
172,195,1002,172,195,1002,172,195,1002,1
195,263,1038,195,263,1038,195,263,1038,1
263,121,965,263,121,965,263,121,965,1
121,256,1024,121,256,1024,121,256,1024,1
256,367,985,256,367,985,256,367,985,1
367,132,957,367,132,957,367,132,957,1
132,270,1008,132,270,1008,132,270,1008,-1
270,126,947,270,126,947,270,126,947,1
126,200,1012,126,200,1012,126,200,1012,1
200,190,969,200,190,969,200,190,969,1
190,268,1020,190,268,1020,190,268,1020,1
268,121,958,268,121,958,268,121,958,1
121,265,1012,121,265,1012,121,265,1012,1
265,216,963,265,216,963,265,216,963,1
216,154,969,216,154,969,216,154,969,1
154,121,973,154,121,973,154,121,973,1
121,279,1027,121,279,1027,121,279,1027,1
279,123,960,279,123,960,279,123,960,1
123,281,1021,123,281,1021,123,281,1021,1
281,133,952,281,133,952,281,133,952,1
133,182,1019,133,182,1019,133,182,1019,1
182,202,977,182,202,977,182,202,977,1
202,265,1026,202,265,1026,202,265,1026,1
265,125,974,265,125,974,265,125,974,1
125,264,1012,125,264,1012,125,264,1012,1
264,197,973,264,197,973,264,197,973,1
197,182,981,197,182,981,197,182,981,1
182,125,952,182,125,952,182,125,952,1
125,282,1032,125,282,1032,125,282,1032,1
282,125,977,282,125,977,282,125,977,1
125,200,1021,125,200,1021,125,200,1021,1
200,196,978,200,196,978,200,196,978,1
196,277,1028,196,277,1028,196,277,1028,1
277,204,962,277,204,962,277,204,962,1
204,174,978,204,174,978,204,174,978,-1
174,125,962,174,125,962,174,125,962,1
125,188,1004,125,188,1004,125,188,1004,1
188,202,962,188,202,962,188,202,962,1
202,189,1024,202,189,1024,202,189,1024,1
189,218,975,189,218,975,189,218,975,1
218,203,1018,218,203,1018,218,203,1018,1
203,205,970,203,205,970,203,205,970,1
205,273,1019,205,273,1019,205,273,1019,1
273,123,964,273,123,964,273,123,964,1
123,183,1026,123,183,1026,123,183,1026,1
183,201,968,183,201,968,183,201,968,1
201,276,1025,201,276,1025,201,276,1025,1
276,216,968,276,216,968,276,216,968,1
216,179,980,216,179,980,216,179,980,1
179,132,983,179,132,983,179,132,983,1
132,195,1024,132,195,1024,132,195,1024,1
195,214,980,195,214,980,195,214,980,-1
214,276,1042,214,276,1042,214,276,1042,1
276,125,985,276,125,985,276,125,985,1
125,208,1021,125,208,1021,125,208,1021,1
208,189,989,208,189,989,208,189,989,1
189,259,1052,189,259,1052,189,259,1052,-1
259,124,999,259,124,999,259,124,999,-1
124,392,1033,124,392,1033,124,392,1033,1
392,205,982,392,205,982,392,205,982,1
205,213,1009,205,213,1009,205,213,1009,1
213,195,1035,213,195,1035,213,195,1035,-1
195,207,1017,195,207,1017,195,207,1017,1
207,182,1050,207,182,1050,207,182,1050,1
182,220,1014,182,220,1014,182,220,1014,1
220,187,1057,220,187,1057,220,187,1057,1
187,192,1020,187,192,1020,187,192,1020,-1
192,170,1055,192,170,1055,192,170,1055,1
170,206,998,170,206,998,170,206,998,1
206,288,1048,206,288,1048,206,288,1048,1
288,133,986,288,133,986,288,133,986,1
133,177,1056,133,177,1056,133,177,1056,-1
177,218,1002,177,218,1002,177,218,1002,1
218,269,1032,218,269,1032,218,269,1032,1
269,128,1004,269,128,1004,269,128,1004,1
128,268,1043,128,268,1043,128,268,1043,1
268,121,961,268,121,961,268,121,961,1
121,259,1035,121,259,1035,121,259,1035,1
259,221,982,259,221,982,259,221,982,1
221,152,968,221,152,968,221,152,968,1
152,136,961,152,136,961,152,136,961,1
136,197,1030,136,197,1030,136,197,1030,1
197,211,979,197,211,979,197,211,979,1
211,187,1024,211,187,1024,211,187,1024,1
187,203,1004,187,203,1004,187,203,1004,1
203,182,1050,203,182,1050,203,182,1050,-1
182,207,1003,182,207,1003,182,207,1003,1
207,183,1036,207,183,1036,207,183,1036,1
183,201,988,183,201,988,183,201,988,1
201,184,1043,201,184,1043,201,184,1043,1
184,183,996,184,183,996,184,183,996,1
183,286,1035,183,286,1035,183,286,1035,1
286,128,1008,286,128,1008,286,128,1008,1
128,279,1054,128,279,1054,128,279,1054,-1
279,128,1003,279,128,1003,279,128,1003,1
128,190,1034,128,190,1034,128,190,1034,1
190,206,990,190,206,990,190,206,990,1
206,189,1052,206,189,1052,206,189,1052,1
189,213,995,189,213,995,189,213,995,-1
213,258,1023,213,258,1023,213,258,1023,1
258,126,990,258,126,990,258,126,990,1
126,249,1043,126,249,1043,126,249,1043,1
249,129,994,249,129,994,249,129,994,1
129,208,1041,129,208,1041,129,208,1041,-1
208,206,1003,208,206,1003,208,206,1003,1
206,276,1048,206,276,1048,206,276,1048,1
276,121,982,276,121,982,276,121,982,1
121,262,1064,121,262,1064,121,262,1064,1
262,127,999,262,127,999,262,127,999,-1
127,182,1035,127,182,1035,127,182,1035,1
182,207,988,182,207,988,182,207,988,1
207,256,1056,207,256,1056,207,256,1056,1
256,374,1063,256,374,1063,256,374,1063,1
374,139,1021,374,139,1021,374,139,1021,1
139,277,1048,139,277,1048,139,277,1048,1
277,124,991,277,124,991,277,124,991,1
124,263,1048,124,263,1048,124,263,1048,1
263,122,989,263,122,989,263,122,989,1
122,257,1030,122,257,1030,122,257,1030,1
257,121,961,257,121,961,257,121,961,1
121,267,1010,121,267,1010,121,267,1010,1
267,212,973,267,212,973,267,212,973,1
212,147,986,212,147,986,212,147,986,1
147,123,985,147,123,985,147,123,985,1
123,189,1038,123,189,1038,123,189,1038,1
189,225,976,189,225,976,189,225,976,1
225,183,1036,225,183,1036,225,183,1036,1
183,213,984,183,213,984,183,213,984,1
213,259,1045,213,259,1045,213,259,1045,1
259,124,974,259,124,974,259,124,974,1
124,259,1040,124,259,1040,124,259,1040,1
259,210,997,259,210,997,259,210,997,1
210,174,998,210,174,998,210,174,998,1
174,186,998,174,186,998,174,186,998,1
186,196,999,186,196,999,186,196,999,1
196,128,976,196,128,976,196,128,976,1
128,283,1032,128,283,1032,128,283,1032,1
283,130,969,283,130,969,283,130,969,1
130,198,1017,130,198,1017,130,198,1017,1
198,187,970,198,187,970,198,187,970,1
187,125,1019,187,125,1019,187,125,1019,1
125,150,965,125,150,965,125,150,965,-1
150,303,944,150,303,944,150,303,944,-1
303,208,950,303,208,950,303,208,950,1
208,258,1014,208,258,1014,208,258,1014,1
258,125,949,258,125,949,258,125,949,1
125,275,1009,125,275,1009,125,275,1009,1
275,133,964,275,133,964,275,133,964,1
133,195,1008,133,195,1008,133,195,1008,1
195,219,957,195,219,957,195,219,957,1
219,176,1012,219,176,1012,219,176,1012,1
176,208,959,176,208,959,176,208,959,1
208,264,1008,208,264,1008,208,264,1008,1
264,125,953,264,125,953,264,125,953,1
125,276,1011,125,276,1011,125,276,1011,1
276,192,950,276,192,950,276,192,950,1
192,193,966,192,193,966,192,193,966,1
193,126,962,193,126,962,193,126,962,1
126,195,1007,126,195,1007,126,195,1007,1
195,225,956,195,225,956,195,225,956,1
225,278,1023,225,278,1023,225,278,1023,1
278,196,980,278,196,980,278,196,980,1
196,185,963,196,185,963,196,185,963,1
185,126,946,185,126,946,185,126,946,1
126,178,1003,126,178,1003,126,178,1003,1
178,212,955,178,212,955,178,212,955,-1
212,253,1009,212,253,1009,212,253,1009,1
253,126,967,253,126,967,253,126,967,1
126,281,1011,126,281,1011,126,281,1011,1
281,126,947,281,126,947,281,126,947,1
126,195,1035,126,195,1035,126,195,1035,-1
195,219,980,195,219,980,195,219,980,1
219,176,1030,219,176,1030,219,176,1030,1
176,202,982,176,202,982,176,202,982,-1
202,183,1051,202,183,1051,202,183,1051,1
183,201,1000,183,201,1000,183,201,1000,1
201,267,1065,201,267,1065,201,267,1065,1
267,215,1013,267,215,1013,267,215,1013,1
215,261,1088,215,261,1088,215,261,1088,1
261,147,988,261,147,988,261,147,988,1
147,156,999,147,156,999,147,156,999,1
156,136,994,156,136,994,156,136,994,1
136,262,1042,136,262,1042,136,262,1042,1
262,217,1004,262,217,1004,262,217,1004,1
217,163,999,217,163,999,217,163,999,1
163,125,1002,163,125,1002,163,125,1002,1
125,177,1043,125,177,1043,125,177,1043,1
177,195,1006,177,195,1006,177,195,1006,1
195,158,1036,195,158,1036,195,158,1036,1
158,207,987,158,207,987,158,207,987,1
207,275,1048,207,275,1048,207,275,1048,-1
275,128,993,275,128,993,275,128,993,1
128,258,1058,128,258,1058,128,258,1058,1
258,131,986,258,131,986,258,131,986,1
131,264,1044,131,264,1044,131,264,1044,1
264,122,976,264,122,976,264,122,976,1
122,177,1058,122,177,1058,122,177,1058,1
177,199,1001,177,199,1001,177,199,1001,1
199,182,1059,199,182,1059,199,182,1059,1
182,191,1006,182,191,1006,182,191,1006,1
191,180,1055,191,180,1055,191,180,1055,1
180,215,1009,180,215,1009,180,215,1009,1
215,276,1065,215,276,1065,215,276,1065,1
276,126,990,276,126,990,276,126,990,-1
126,270,1040,126,270,1040,126,270,1040,1
270,126,995,270,126,995,270,126,995,1
126,283,1046,126,283,1046,126,283,1046,1
283,125,978,283,125,978,283,125,978,1
125,189,1041,125,189,1041,125,189,1041,-1
189,194,992,189,194,992,189,194,992,1
194,254,1028,194,254,1028,194,254,1028,1
254,131,992,254,131,992,254,131,992,1
131,303,1034,131,303,1034,131,303,1034,1
303,218,907,303,218,907,303,218,907,-1
218,181,1002,218,181,1002,218,181,1002,1
181,126,991,181,126,991,181,126,991,1
126,276,1034,126,276,1034,126,276,1034,1
276,131,965,276,131,965,276,131,965,1
131,269,1034,131,269,1034,131,269,1034,1
269,223,989,269,223,989,269,223,989,1
223,157,976,223,157,976,223,157,976,1
157,196,971,157,196,971,157,196,971,1
196,194,977,196,194,977,196,194,977,1
194,125,944,194,125,944,194,125,944,1
125,288,1029,125,288,1029,125,288,1029,1
288,126,947,288,126,947,288,126,947,1
126,270,1010,126,270,1010,126,270,1010,1
270,314,963,270,314,963,270,314,963,-1
314,207,957,314,207,957,314,207,957,1
207,252,1012,207,252,1012,207,252,1012,1
252,126,974,252,126,974,252,126,974,1
126,247,1004,126,247,1004,126,247,1004,1
247,181,953,247,181,953,247,181,953,1
181,136,1005,181,136,1005,181,136,1005,-1
136,190,1038,136,190,1038,136,190,1038,1
190,202,952,190,202,952,190,202,952,1
202,220,968,202,220,968,202,220,968,1
220,243,1013,220,243,1013,220,243,1013,1
243,135,979,243,135,979,243,135,979,1
135,249,1006,135,249,1006,135,249,1006,1
249,123,979,249,123,979,249,123,979,1
123,244,1031,123,244,1031,123,244,1031,1
244,121,957,244,121,957,244,121,957,-1
121,243,999,121,243,999,121,243,999,1
243,130,964,243,130,964,243,130,964,1
130,171,1002,130,171,1002,130,171,1002,1
171,223,970,171,223,970,171,223,970,1
223,257,1038,223,257,1038,223,257,1038,1
257,363,978,257,363,978,257,363,978,1
363,131,997,363,131,997,363,131,997,1
131,175,1035,131,175,1035,131,175,1035,1
175,192,995,175,192,995,175,192,995,1
192,239,1043,192,239,1043,192,239,1043,-1
239,216,968,239,216,968,239,216,968,1
216,156,972,216,156,972,216,156,972,1
156,132,972,156,132,972,156,132,972,1
132,130,1015,132,130,1015,132,130,1015,1
130,139,956,130,139,956,130,139,956,1
139,132,981,139,132,981,139,132,981,1
132,258,1031,132,258,1031,132,258,1031,1
258,186,994,258,186,994,258,186,994,1
186,190,1017,186,190,1017,186,190,1017,1
190,129,1011,190,129,1011,190,129,1011,1
129,255,1053,129,255,1053,129,255,1053,-1
255,129,1006,255,129,1006,255,129,1006,1
129,239,1035,129,239,1035,129,239,1035,1
239,127,1006,239,127,1006,239,127,1006,1
127,218,1044,127,218,1044,127,218,1044,1
218,160,1073,218,160,1073,218,160,1073,1
160,169,1033,160,169,1033,160,169,1033,-1
169,143,982,169,143,982,169,143,982,1
143,126,988,143,126,988,143,126,988,1
126,181,1025,126,181,1025,126,181,1025,1
181,209,983,181,209,983,181,209,983,1
209,198,1034,209,198,1034,209,198,1034,1
198,197,983,198,197,983,198,197,983,1
197,186,1026,197,186,1026,197,186,1026,1
186,181,976,186,181,976,186,181,976,1
181,197,1039,181,197,1039,181,197,1039,1
197,270,1064,197,270,1064,197,270,1064,1
270,144,995,270,144,995,270,144,995,1
144,132,1020,144,132,1020,144,132,1020,1
132,290,975,132,290,975,132,290,975,1
290,130,1010,290,130,1010,290,130,1010,1
130,260,1032,130,260,1032,130,260,1032,-1
260,125,1005,260,125,1005,260,125,1005,1
125,274,1032,125,274,1032,125,274,1032,1
274,121,984,274,121,984,274,121,984,1
121,390,1033,121,390,1033,121,390,1033,1
390,251,970,390,251,970,390,251,970,-1
251,133,982,251,133,982,251,133,982,1
133,278,1016,133,278,1016,133,278,1016,1
278,135,1000,278,135,1000,278,135,1000,1
135,189,1038,135,189,1038,135,189,1038,1
189,201,1004,189,201,1004,189,201,1004,1
201,190,1045,201,190,1045,201,190,1045,1
190,200,1003,190,200,1003,190,200,1003,1
200,168,1035,200,168,1035,200,168,1035,1
168,186,1031,168,186,1031,168,186,1031,1
186,217,998,186,217,998,186,217,998,1
217,209,995,217,209,995,217,209,995,-1
209,276,1020,209,276,1020,209,276,1020,1
276,132,986,276,132,986,276,132,986,1
132,286,1044,132,286,1044,132,286,1044,1
286,194,994,286,194,994,286,194,994,1
194,194,1008,194,194,1008,194,194,1008,-1
194,123,1003,194,123,1003,194,123,1003,1
123,403,1036,123,403,1036,123,403,1036,-1
403,171,970,403,171,970,403,171,970,1
171,207,979,171,207,979,171,207,979,1
207,195,1031,207,195,1031,207,195,1031,1
195,213,1001,195,213,1001,195,213,1001,1
213,188,1018,213,188,1018,213,188,1018,1
188,219,994,188,219,994,188,219,994,1
219,188,1036,219,188,1036,219,188,1036,1
188,197,994,188,197,994,188,197,994,1
197,177,1033,197,177,1033,197,177,1033,1
177,206,985,177,206,985,177,206,985,1
206,271,1048,206,271,1048,206,271,1048,1
271,209,997,271,209,997,271,209,997,1
209,164,986,209,164,986,209,164,986,1
164,130,999,164,130,999,164,130,999,1
130,199,1038,130,199,1038,130,199,1038,1
199,204,1001,199,204,1001,199,204,1001,1
204,279,1051,204,279,1051,204,279,1051,1
279,122,977,279,122,977,279,122,977,1
122,270,1017,122,270,1017,122,270,1017,-1
270,209,960,270,209,960,270,209,960,1
209,170,997,209,170,997,209,170,997,1
170,125,993,170,125,993,170,125,993,1
125,180,1043,125,180,1043,125,180,1043,1
180,198,990,180,198,990,180,198,990,1
198,199,1056,198,199,1056,198,199,1056,1
199,209,1007,199,209,1007,199,209,1007,1
209,246,1053,209,246,1053,209,246,1053,1
246,143,1059,246,143,1059,246,143,1059,1
143,195,1040,143,195,1040,143,195,1040,1
195,219,1011,195,219,1011,195,219,1011,1
219,259,1063,219,259,1063,219,259,1063,1
259,302,1014,259,302,1014,259,302,1014,1
302,201,1027,302,201,1027,302,201,1027,1
201,196,1078,201,196,1078,201,196,1078,1
196,206,1024,196,206,1024,196,206,1024,1
206,282,1075,206,282,1075,206,282,1075,-1
282,126,1006,282,126,1006,282,126,1006,1
126,277,1079,126,277,1079,126,277,1079,1
277,125,1026,277,125,1026,277,125,1026,1
125,274,1051,125,274,1051,125,274,1051,1
274,122,1011,274,122,1011,274,122,1011,1
122,216,1064,122,216,1064,122,216,1064,1
216,144,1052,216,144,1052,216,144,1052,1
144,177,1048,144,177,1048,144,177,1048,-1
177,213,1004,177,213,1004,177,213,1004,1
213,168,1059,213,168,1059,213,168,1059,1
168,155,1004,168,155,1004,168,155,1004,1
155,127,1009,155,127,1009,155,127,1009,1
127,276,1054,127,276,1054,127,276,1054,-1
276,133,1002,276,133,1002,276,133,1002,-1
133,176,1047,133,176,1047,133,176,1047,1
176,277,993,176,277,993,176,277,993,1
277,290,1028,277,290,1028,277,290,1028,1
290,138,1001,290,138,1001,290,138,1001,1
138,139,1001,138,139,1001,138,139,1001,-1
139,202,996,139,202,996,139,202,996,1
202,214,1009,202,214,1009,202,214,1009,1
214,123,929,214,123,929,214,123,929,1
123,280,1053,123,280,1053,123,280,1053,1
280,127,1003,280,127,1003,280,127,1003,1
127,177,1050,127,177,1050,127,177,1050,1
177,202,986,177,202,986,177,202,986,1
202,228,1044,202,228,1044,202,228,1044,1
228,215,1090,228,215,1090,228,215,1090,1
215,206,994,215,206,994,215,206,994,1
206,131,991,206,131,991,206,131,991,1
131,238,1050,131,238,1050,131,238,1050,1
238,134,982,238,134,982,238,134,982,1
134,276,1066,134,276,1066,134,276,1066,1
276,126,1023,276,126,1023,276,126,1023,1
126,263,1071,126,263,1071,126,263,1071,1
263,188,1008,263,188,1008,263,188,1008,1
188,248,1100,188,248,1100,188,248,1100,1
248,125,993,248,125,993,248,125,993,1
125,180,999,125,180,999,125,180,999,1
180,213,1023,180,213,1023,180,213,1023,1
213,163,1034,213,163,1034,213,163,1034,1
163,271,1030,163,271,1030,163,271,1030,1
271,225,1033,271,225,1033,271,225,1033,1
225,259,1071,225,259,1071,225,259,1071,1
259,131,1009,259,131,1009,259,131,1009,1
131,165,1043,131,165,1043,131,165,1043,1
165,207,1002,165,207,1002,165,207,1002,1
207,160,1064,207,160,1064,207,160,1064,1
160,206,1010,160,206,1010,160,206,1010,1
206,246,1051,206,246,1051,206,246,1051,1
246,126,973,246,126,973,246,126,973,1
126,229,1034,126,229,1034,126,229,1034,1
229,191,964,229,191,964,229,191,964,1
191,166,984,191,166,984,191,166,984,1
166,134,983,166,134,983,166,134,983,1
134,262,1038,134,262,1038,134,262,1038,1
262,128,972,262,128,972,262,128,972,1
128,241,1014,128,241,1014,128,241,1014,1
241,124,989,241,124,989,241,124,989,1
124,171,1017,124,171,1017,124,171,1017,1
171,201,972,171,201,972,171,201,972,1
201,173,1047,201,173,1047,201,173,1047,1
173,211,993,173,211,993,173,211,993,1
211,238,1078,211,238,1078,211,238,1078,1
238,201,1026,238,201,1026,238,201,1026,1
201,176,1000,201,176,1000,201,176,1000,1
176,136,998,176,136,998,176,136,998,1
136,182,1045,136,182,1045,136,182,1045,1
182,220,984,182,220,984,182,220,984,1
220,242,1035,220,242,1035,220,242,1035,1
242,123,988,242,123,988,242,123,988,1
123,177,1023,123,177,1023,123,177,1023,1
177,200,980,177,200,980,177,200,980,1
200,154,1038,200,154,1038,200,154,1038,1
154,214,983,154,214,983,154,214,983,1
214,239,1049,214,239,1049,214,239,1049,1
239,126,996,239,126,996,239,126,996,1
126,264,1047,126,264,1047,126,264,1047,1
264,132,1002,264,132,1002,264,132,1002,1
132,265,1052,132,265,1052,132,265,1052,1
265,131,1004,265,131,1004,265,131,1004,1
131,252,1047,131,252,1047,131,252,1047,1
252,125,998,252,125,998,252,125,998,1
125,181,1048,125,181,1048,125,181,1048,1
181,198,995,181,198,995,181,198,995,1
198,190,1050,198,190,1050,198,190,1050,1
190,182,1002,190,182,1002,190,182,1002,1
182,177,1051,182,177,1051,182,177,1051,1
177,213,987,177,213,987,177,213,987,1
213,208,1052,213,208,1052,213,208,1052,1
208,206,1009,208,206,1009,208,206,1009,1
206,203,1061,206,203,1061,206,203,1061,1
203,186,1017,203,186,1017,203,186,1017,1
186,266,1057,186,266,1057,186,266,1057,1
266,130,1017,266,130,1017,266,130,1017,1
130,171,1033,130,171,1033,130,171,1033,1
171,201,995,171,201,995,171,201,995,1
201,249,1052,201,249,1052,201,249,1052,1
249,128,999,249,128,999,249,128,999,1
128,259,1062,128,259,1062,128,259,1062,1
259,132,988,259,132,988,259,132,988,1
132,252,1037,132,252,1037,132,252,1037,1
252,172,1125,252,172,1125,252,172,1125,1
172,328,569,172,328,569,172,328,569,1
328,145,981,328,145,981,328,145,981,1
145,219,981,145,219,981,145,219,981,1
219,236,1027,219,236,1027,219,236,1027,1
236,123,991,236,123,991,236,123,991,1
123,227,1043,123,227,1043,123,227,1043,1
227,128,982,227,128,982,227,128,982,1
128,164,1037,128,164,1037,128,164,1037,1
164,213,986,164,213,986,164,213,986,1
213,264,1052,213,264,1052,213,264,1052,1
264,126,979,264,126,979,264,126,979,-1
126,233,1032,126,233,1032,126,233,1032,1
233,367,969,233,367,969,233,367,969,1
367,286,952,367,286,952,367,286,952,1
286,194,974,286,194,974,286,194,974,1
194,242,1024,194,242,1024,194,242,1024,-1
242,124,968,242,124,968,242,124,968,1
124,184,1043,124,184,1043,124,184,1043,1
184,198,988,184,198,988,184,198,988,1
198,186,1050,198,186,1050,198,186,1050,1
186,205,991,186,205,991,186,205,991,1
205,165,1051,205,165,1051,205,165,1051,1
165,201,994,165,201,994,165,201,994,1
201,177,1064,201,177,1064,201,177,1064,1
177,195,1003,177,195,1003,177,195,1003,1
195,248,1039,195,248,1039,195,248,1039,1
248,201,980,248,201,980,248,201,980,1
201,176,993,201,176,993,201,176,993,1
176,125,979,176,125,979,176,125,979,1
125,260,1051,125,260,1051,125,260,1051,1
260,124,981,260,124,981,260,124,981,1
124,177,1030,124,177,1030,124,177,1030,1
177,211,976,177,211,976,177,211,976,1
211,185,1056,211,185,1056,211,185,1056,1
185,188,993,185,188,993,185,188,993,1
188,160,1030,188,160,1030,188,160,1030,1
160,207,973,160,207,973,160,207,973,1
207,249,1042,207,249,1042,207,249,1042,1
249,386,999,249,386,999,249,386,999,1
386,126,952,386,126,952,386,126,952,1
126,269,1023,126,269,1023,126,269,1023,1
269,122,938,269,122,938,269,122,938,1
122,201,1041,122,201,1041,122,201,1041,1
201,140,1057,201,140,1057,201,140,1057,1
140,156,1004,140,156,1004,140,156,1004,1
156,152,956,156,152,956,156,152,956,1
152,372,955,152,372,955,152,372,955,1
372,124,970,372,124,970,372,124,970,-1
124,235,1012,124,235,1012,124,235,1012,-1
235,125,952,235,125,952,235,125,952,-1
125,188,1026,125,188,1026,125,188,1026,-1
188,208,983,188,208,983,188,208,983,-1
208,252,1047,208,252,1047,208,252,1047,-1
252,191,1099,252,191,1099,252,191,1099,-1
191,206,976,191,206,976,191,206,976,-1
206,375,941,206,375,941,206,375,941,-1
375,223,964,375,223,964,375,223,964,1
223,315,1010,223,315,1010,223,315,1010,1
315,208,967,315,208,967,315,208,967,1
208,137,961,208,137,961,208,137,961,1
137,190,1017,137,190,1017,137,190,1017,1
190,205,984,190,205,984,190,205,984,1
205,182,1029,205,182,1029,205,182,1029,1
182,191,978,182,191,978,182,191,978,1
191,177,1025,191,177,1025,191,177,1025,1
177,212,974,177,212,974,177,212,974,1
212,255,1045,212,255,1045,212,255,1045,1
255,354,1004,255,354,1004,255,354,1004,1
354,213,1000,354,213,1000,354,213,1000,1
213,181,989,213,181,989,213,181,989,1
181,125,970,181,125,970,181,125,970,1
125,132,1043,125,132,1043,125,132,1043,1
132,144,977,132,144,977,132,144,977,1
144,126,970,144,126,970,144,126,970,1
126,251,1019,126,251,1019,126,251,1019,1
251,127,971,251,127,971,251,127,971,1
127,183,1021,127,183,1021,127,183,1021,1
183,207,970,183,207,970,183,207,970,1
207,257,1039,207,257,1039,207,257,1039,1
257,280,977,257,280,977,257,280,977,1
280,219,972,280,219,972,280,219,972,1
219,281,1039,219,281,1039,219,281,1039,1
281,127,964,281,127,964,281,127,964,1
127,188,1025,127,188,1025,127,188,1025,-1
188,213,973,188,213,973,188,213,973,1
213,259,1034,213,259,1034,213,259,1034,1
259,125,966,259,125,966,259,125,966,1
125,183,1024,125,183,1024,125,183,1024,1
183,201,979,183,201,979,183,201,979,-1
201,196,1037,201,196,1037,201,196,1037,1
196,128,1043,196,128,1043,196,128,1043,1
128,320,1022,128,320,1022,128,320,1022,1
320,129,984,320,129,984,320,129,984,1
129,190,1026,129,190,1026,129,190,1026,1
190,219,989,190,219,989,190,219,989,1
219,182,1057,219,182,1057,219,182,1057,1
182,201,985,182,201,985,182,201,985,-1
201,258,1043,201,258,1043,201,258,1043,1
258,126,993,258,126,993,258,126,993,1
126,187,1043,126,187,1043,126,187,1043,1
187,197,990,187,197,990,187,197,990,1
197,153,1033,197,153,1033,197,153,1033,1
153,212,996,153,212,996,153,212,996,1
212,189,1062,212,189,1062,212,189,1062,-1
189,214,1017,189,214,1017,189,214,1017,1
214,189,1069,214,189,1069,214,189,1069,1
189,213,1007,189,213,1007,189,213,1007,1
213,263,1069,213,263,1069,213,263,1069,1
263,228,1003,263,228,1003,263,228,1003,1
228,156,996,228,156,996,228,156,996,1
156,126,995,156,126,995,156,126,995,1
126,182,1050,126,182,1050,126,182,1050,1
182,190,993,182,190,993,182,190,993,1
190,274,1052,190,274,1052,190,274,1052,1
274,133,971,274,133,971,274,133,971,1
133,184,1020,133,184,1020,133,184,1020,1
184,194,1037,184,194,1037,184,194,1037,1
194,301,965,194,301,965,194,301,965,1
301,198,978,301,198,978,301,198,978,1
198,193,989,198,193,989,198,193,989,1
193,130,985,193,130,985,193,130,985,1
130,268,1020,130,268,1020,130,268,1020,1
268,122,975,268,122,975,268,122,975,1
122,165,1029,122,165,1029,122,165,1029,1
165,213,987,165,213,987,165,213,987,1
213,183,1025,213,183,1025,213,183,1025,1
183,198,1045,183,198,1045,183,198,1045,1
198,210,970,198,210,970,198,210,970,1
210,225,986,210,225,986,210,225,986,1
225,166,1012,225,166,1012,225,166,1012,1
166,212,974,166,212,974,166,212,974,1
212,259,1023,212,259,1023,212,259,1023,1
259,124,982,259,124,982,259,124,982,1
124,258,1022,124,258,1022,124,258,1022,1
258,268,954,258,268,954,258,268,954,1
268,256,1068,268,256,1068,268,256,1068,1
256,257,964,256,257,964,256,257,964,1
257,131,957,257,131,957,257,131,957,1
131,194,1017,131,194,1017,131,194,1017,1
194,202,977,194,202,977,194,202,977,1
202,179,1034,202,179,1034,202,179,1034,1
179,199,977,179,199,977,179,199,977,1
199,188,1028,199,188,1028,199,188,1028,1
188,197,995,188,197,995,188,197,995,1
197,250,1057,197,250,1057,197,250,1057,1
250,121,1062,250,121,1062,250,121,1062,1
121,266,1047,121,266,1047,121,266,1047,1
266,128,1063,266,128,1063,266,128,1063,1
128,184,1016,128,184,1016,128,184,1016,1
184,207,953,184,207,953,184,207,953,1
207,171,981,207,171,981,207,171,981,1
171,212,933,171,212,933,171,212,933,1
212,243,985,212,243,985,212,243,985,1
243,184,941,243,184,941,243,184,941,1
184,199,975,184,199,975,184,199,975,1
199,197,963,199,197,963,199,197,963,1
197,174,991,197,174,991,197,174,991,1
174,125,962,174,125,962,174,125,962,1
125,178,986,125,178,986,125,178,986,1
178,218,946,178,218,946,178,218,946,1
218,136,1001,218,136,1001,218,136,1001,1
136,136,957,136,136,957,136,136,957,1
136,330,952,136,330,952,136,330,952,1
330,217,1010,330,217,1010,330,217,1010,1
217,206,969,217,206,969,217,206,969,1
206,121,941,206,121,941,206,121,941,1
121,171,1011,121,171,1011,121,171,1011,1
171,189,948,171,189,948,171,189,948,1
189,266,999,189,266,999,189,266,999,1
266,130,956,266,130,956,266,130,956,1
130,178,1014,130,178,1014,130,178,1014,1
178,217,958,178,217,958,178,217,958,1
217,181,1006,217,181,1006,217,181,1006,1
181,203,978,181,203,978,181,203,978,1
203,184,1042,203,184,1042,203,184,1042,-1
184,194,975,184,194,975,184,194,975,1
194,183,1027,194,183,1027,194,183,1027,1
183,190,998,183,190,998,183,190,998,1
190,184,1045,190,184,1045,190,184,1045,1
184,205,978,184,205,978,184,205,978,1
205,194,1007,205,194,1007,205,194,1007,1
194,202,967,194,202,967,194,202,967,1
202,189,1023,202,189,1023,202,189,1023,1
189,218,970,189,218,970,189,218,970,1
218,167,1020,218,167,1020,218,167,1020,1
167,218,969,167,218,969,167,218,969,1
218,269,1030,218,269,1030,218,269,1030,1
269,299,973,269,299,973,269,299,973,1
299,193,983,299,193,983,299,193,983,-1
193,183,1048,193,183,1048,193,183,1048,1
183,204,1051,183,204,1051,183,204,1051,1
204,302,988,204,302,988,204,302,988,1
302,139,983,302,139,983,302,139,983,1
139,201,1016,139,201,1016,139,201,1016,1
201,195,997,201,195,997,201,195,997,1
195,288,1039,195,288,1039,195,288,1039,1
288,389,971,288,389,971,288,389,971,1
389,193,970,389,193,970,389,193,970,1
193,203,989,193,203,989,193,203,989,-1
203,132,949,203,132,949,203,132,949,1
132,291,1021,132,291,1021,132,291,1021,1
291,123,974,291,123,974,291,123,974,1
123,304,1029,123,304,1029,123,304,1029,1
304,206,919,304,206,919,304,206,919,1
206,194,992,206,194,992,206,194,992,1
194,124,985,194,124,985,194,124,985,1
124,189,1024,124,189,1024,124,189,1024,1
189,212,975,189,212,975,189,212,975,1
212,367,1025,212,367,1025,212,367,1025,1
367,236,956,367,236,956,367,236,956,1
236,231,972,236,231,972,236,231,972,1
231,208,1013,231,208,1013,231,208,1013,1
208,201,985,208,201,985,208,201,985,1
201,276,1011,201,276,1011,201,276,1011,1
276,126,962,276,126,962,276,126,962,1
126,203,1031,126,203,1031,126,203,1031,1
203,198,988,203,198,988,203,198,988,1
198,273,1023,198,273,1023,198,273,1023,1
273,200,946,273,200,946,273,200,946,1
200,186,984,200,186,984,200,186,984,1
186,133,955,186,133,955,186,133,955,1
133,295,1043,133,295,1043,133,295,1043,1
295,125,978,295,125,978,295,125,978,1
125,272,1029,125,272,1029,125,272,1029,1
272,124,1011,272,124,1011,272,124,1011,1
124,188,1039,124,188,1039,124,188,1039,1
188,208,986,188,208,986,188,208,986,1
208,142,1051,208,142,1051,208,142,1051,1
142,137,997,142,137,997,142,137,997,1
137,218,999,137,218,999,137,218,999,1
218,135,978,218,135,978,218,135,978,1
135,208,1102,135,208,1102,135,208,1102,1
208,140,996,208,140,996,208,140,996,1
140,231,988,140,231,988,140,231,988,1
231,278,1041,231,278,1041,231,278,1041,1
278,208,979,278,208,979,278,208,979,1
208,184,984,208,184,984,208,184,984,1
184,122,958,184,122,958,184,122,958,1
122,267,1037,122,267,1037,122,267,1037,1
267,122,975,267,122,975,267,122,975,1
122,255,1045,122,255,1045,122,255,1045,1
255,124,990,255,124,990,255,124,990,1
124,160,1025,124,160,1025,124,160,1025,1
160,287,1039,160,287,1039,160,287,1039,1
287,238,974,287,238,974,287,238,974,1
238,131,976,238,131,976,238,131,976,1
131,257,1030,131,257,1030,131,257,1030,1
257,127,958,257,127,958,257,127,958,1
127,182,1015,127,182,1015,127,182,1015,1
182,201,980,182,201,980,182,201,980,1
201,259,1038,201,259,1038,201,259,1038,1
259,124,968,259,124,968,259,124,968,1
124,160,1016,124,160,1016,124,160,1016,1
160,219,968,160,219,968,160,219,968,1
219,276,1037,219,276,1037,219,276,1037,1
276,132,954,276,132,954,276,132,954,1
132,200,1026,132,200,1026,132,200,1026,1
200,202,987,200,202,987,200,202,987,1
202,258,1029,202,258,1029,202,258,1029,1
258,382,965,258,382,965,258,382,965,1
382,121,957,382,121,957,382,121,957,1
121,271,1030,121,271,1030,121,271,1030,1
271,203,980,271,203,980,271,203,980,1
203,193,981,203,193,981,203,193,981,1
193,125,968,193,125,968,193,125,968,1
125,289,1038,125,289,1038,125,289,1038,1
289,130,955,289,130,955,289,130,955,1
130,276,1035,130,276,1035,130,276,1035,1
276,217,967,276,217,967,276,217,967,1
217,180,992,217,180,992,217,180,992,1
180,214,969,180,214,969,180,214,969,1
214,303,1027,214,303,1027,214,303,1027,1
303,181,989,303,181,989,303,181,989,1
181,225,993,181,225,993,181,225,993,1
225,292,1027,225,292,1027,225,292,1027,1
292,128,931,292,128,931,292,128,931,1
128,289,1036,128,289,1036,128,289,1036,1
289,162,980,289,162,980,289,162,980,1
162,140,995,162,140,995,162,140,995,1
140,202,983,140,202,983,140,202,983,1
202,422,1039,202,422,1039,202,422,1039,1
422,228,984,422,228,984,422,228,984,1
228,141,974,228,141,974,228,141,974,1
141,276,1008,141,276,1008,141,276,1008,1
276,121,962,276,121,962,276,121,962,1
121,190,1044,121,190,1044,121,190,1044,1
190,224,978,190,224,978,190,224,978,1
224,245,1027,224,245,1027,224,245,1027,1
245,121,967,245,121,967,245,121,967,1
121,274,1032,121,274,1032,121,274,1032,1
274,121,960,274,121,960,274,121,960,1
121,253,1021,121,253,1021,121,253,1021,1
253,203,947,253,203,947,253,203,947,1
203,185,960,203,185,960,203,185,960,1
185,126,949,185,126,949,185,126,949,1
126,269,1029,126,269,1029,126,269,1029,1
269,128,953,269,128,953,269,128,953,1
128,188,1009,128,188,1009,128,188,1009,1
188,207,969,188,207,969,188,207,969,1
207,121,1040,207,121,1040,207,121,1040,1
121,140,983,121,140,983,121,140,983,1
140,202,989,140,202,989,140,202,989,1
202,221,984,202,221,984,202,221,984,1
221,147,1031,221,147,1031,221,147,1031,1
147,163,976,147,163,976,147,163,976,1
163,128,1004,163,128,1004,163,128,1004,1
128,269,1032,128,269,1032,128,269,1032,1
269,134,988,269,134,988,269,134,988,1
134,181,1040,134,181,1040,134,181,1040,1
181,214,983,181,214,983,181,214,983,1
214,182,1038,214,182,1038,214,182,1038,1
182,202,983,182,202,983,182,202,983,1
202,384,1058,202,384,1058,202,384,1058,1
384,156,974,384,156,974,384,156,974,1
156,265,984,156,265,984,156,265,984,1
265,232,1005,265,232,1005,265,232,1005,1
232,165,990,232,165,990,232,165,990,1
165,185,988,165,185,988,165,185,988,1
185,207,913,185,207,913,185,207,913,1
207,182,1011,207,182,1011,207,182,1011,1
182,131,992,182,131,992,182,131,992,1
131,246,1048,131,246,1048,131,246,1048,1
246,125,984,246,125,984,246,125,984,1
125,160,1044,125,160,1044,125,160,1044,1
160,207,992,160,207,992,160,207,992,1
207,239,1034,207,239,1034,207,239,1034,1
239,205,990,239,205,990,239,205,990,1
205,161,989,205,161,989,205,161,989,1
161,133,956,161,133,956,161,133,956,1
133,184,1030,133,184,1030,133,184,1030,1
184,206,970,184,206,970,184,206,970,1
206,171,1004,206,171,1004,206,171,1004,1
171,213,969,171,213,969,171,213,969,1
213,267,1033,213,267,1033,213,267,1033,1
267,123,989,267,123,989,267,123,989,1
123,255,1024,123,255,1024,123,255,1024,1
255,121,980,255,121,980,255,121,980,1
121,173,1031,121,173,1031,121,173,1031,1
173,195,966,173,195,966,173,195,966,-1
195,282,1013,195,282,1013,195,282,1013,1
282,131,919,282,131,919,282,131,919,-1
131,185,1022,131,185,1022,131,185,1022,1
185,212,958,185,212,958,185,212,958,1
212,191,1015,212,191,1015,212,191,1015,-1
191,204,977,191,204,977,191,204,977,1
204,264,1031,204,264,1031,204,264,1031,1
264,210,965,264,210,965,264,210,965,1
210,167,975,210,167,975,210,167,975,1
167,121,982,167,121,982,167,121,982,1
121,172,1038,121,172,1038,121,172,1038,1
172,206,985,172,206,985,172,206,985,1
206,194,1034,206,194,1034,206,194,1034,1
194,213,976,194,213,976,194,213,976,1
213,478,1037,213,478,1037,213,478,1037,1
478,182,967,478,182,967,478,182,967,1
182,138,960,182,138,960,182,138,960,1
138,165,1013,138,165,1013,138,165,1013,1
165,201,977,165,201,977,165,201,977,1
201,246,1027,201,246,1027,201,246,1027,1
246,210,974,246,210,974,246,210,974,1
210,181,976,210,181,976,210,181,976,1
181,132,927,181,132,927,181,132,927,1
132,182,1027,132,182,1027,132,182,1027,1
182,214,982,182,214,982,182,214,982,1
214,239,1035,214,239,1035,214,239,1035,1
239,199,986,239,199,986,239,199,986,1
199,128,989,199,128,989,199,128,989,1
128,213,976,128,213,976,128,213,976,1
213,264,1029,213,264,1029,213,264,1029,1
264,198,981,264,198,981,264,198,981,1
198,172,985,198,172,985,198,172,985,1
172,134,968,172,134,968,172,134,968,1
134,189,1019,134,189,1019,134,189,1019,1
189,219,989,189,219,989,189,219,989,1
219,195,1041,219,195,1041,219,195,1041,1
195,213,984,195,213,984,195,213,984,1
213,265,1037,213,265,1037,213,265,1037,1
265,124,983,265,124,983,265,124,983,1
124,190,1023,124,190,1023,124,190,1023,1
190,206,984,190,206,984,190,206,984,1
206,258,1064,206,258,1064,206,258,1064,1
258,222,1008,258,222,1008,258,222,1008,1
222,171,1002,222,171,1002,222,171,1002,1
171,129,1006,171,129,1006,171,129,1006,1
129,212,1051,129,212,1051,129,212,1051,1
212,208,1021,212,208,1021,212,208,1021,1
208,243,1060,208,243,1060,208,243,1060,1
243,318,1074,243,318,1074,243,318,1074,1
318,212,994,318,212,994,318,212,994,1
212,266,1059,212,266,1059,212,266,1059,1
266,215,1007,266,215,1007,266,215,1007,1
215,152,991,215,152,991,215,152,991,1
152,135,1005,152,135,1005,152,135,1005,1
135,278,1046,135,278,1046,135,278,1046,1
278,125,996,278,125,996,278,125,996,1
125,274,1045,125,274,1045,125,274,1045,1
274,127,950,274,127,950,274,127,950,1
127,172,1028,127,172,1028,127,172,1028,1
172,207,970,172,207,970,172,207,970,1
207,257,1041,207,257,1041,207,257,1041,1
257,126,962,257,126,962,257,126,962,1
126,198,1013,126,198,1013,126,198,1013,1
198,162,1059,198,162,1059,198,162,1059,1
162,184,953,162,184,953,162,184,953,1
184,224,976,184,224,976,184,224,976,1
224,276,997,224,276,997,224,276,997,1
276,132,924,276,132,924,276,132,924,1
132,265,1006,132,265,1006,132,265,1006,1
265,311,970,265,311,970,265,311,970,1
311,242,975,311,242,975,311,242,975,1
242,196,1078,242,196,1078,242,196,1078,1
196,141,971,196,141,971,196,141,971,1
141,228,962,141,228,962,141,228,962,1
228,187,1024,228,187,1024,228,187,1024,1
187,217,1048,187,217,1048,187,217,1048,1
217,240,967,217,240,967,217,240,967,1
240,158,973,240,158,973,240,158,973,1
158,361,896,158,361,896,158,361,896,1
361,129,980,361,129,980,361,129,980,1
129,153,989,129,153,989,129,153,989,1
153,200,939,153,200,939,153,200,939,1
200,244,989,200,244,989,200,244,989,1
244,122,900,244,122,900,244,122,900,1
122,154,1014,122,154,1014,122,154,1014,1
154,201,981,154,201,981,154,201,981,1
201,242,1016,201,242,1016,201,242,1016,1
242,129,961,242,129,961,242,129,961,1
129,248,1004,129,248,1004,129,248,1004,1
248,130,959,248,130,959,248,130,959,1
130,232,1026,130,232,1026,130,232,1026,1
232,128,961,232,128,961,232,128,961,1
128,151,1007,128,151,1007,128,151,1007,1
151,197,968,151,197,968,151,197,968,1
197,235,1012,197,235,1012,197,235,1012,1
235,124,964,235,124,964,235,124,964,1
124,223,1020,124,223,1020,124,223,1020,1
223,133,947,223,133,947,223,133,947,1
133,156,1027,133,156,1027,133,156,1027,1
156,209,1001,156,209,1001,156,209,1001,1
209,222,1031,209,222,1031,209,222,1031,1
222,132,958,222,132,958,222,132,958,1
132,236,1038,132,236,1038,132,236,1038,1
236,207,1033,236,207,1033,236,207,1033,1
207,142,985,207,142,985,207,142,985,1
142,339,964,142,339,964,142,339,964,1
339,125,979,339,125,979,339,125,979,1
125,222,1020,125,222,1020,125,222,1020,1
222,132,973,222,132,973,222,132,973,1
132,158,1029,132,158,1029,132,158,1029,1
158,208,986,158,208,986,158,208,986,1
208,248,1031,208,248,1031,208,248,1031,1
248,347,946,248,347,946,248,347,946,1
347,126,987,347,126,987,347,126,987,1
126,223,1064,126,223,1064,126,223,1064,1
223,123,1028,223,123,1028,223,123,1028,1
123,137,1049,123,137,1049,123,137,1049,1
137,200,972,137,200,972,137,200,972,1
200,135,1033,200,135,1033,200,135,1033,1
135,219,999,135,219,999,135,219,999,1
219,232,1060,219,232,1060,219,232,1060,1
232,122,999,232,122,999,232,122,999,1
122,239,1031,122,239,1031,122,239,1031,1
239,127,1001,239,127,1001,239,127,1001,1
127,141,1035,127,141,1035,127,141,1035,1
141,210,970,141,210,970,141,210,970,1
210,232,1037,210,232,1037,210,232,1037,1
232,338,1024,232,338,1024,232,338,1024,1
338,257,965,338,257,965,338,257,965,1
257,201,994,257,201,994,257,201,994,1
201,132,1032,201,132,1032,201,132,1032,1
132,210,972,132,210,972,132,210,972,1
210,236,1008,210,236,1008,210,236,1008,1
236,265,949,236,265,949,236,265,949,1
265,200,927,265,200,927,265,200,927,1
200,136,996,200,136,996,200,136,996,1
136,195,960,136,195,960,136,195,960,1
195,135,1016,195,135,1016,195,135,1016,1
135,194,981,135,194,981,135,194,981,1
194,209,1055,194,209,1055,194,209,1055,1
209,342,991,209,342,991,209,342,991,1
342,126,977,342,126,977,342,126,977,1
126,223,1047,126,223,1047,126,223,1047,1
223,337,987,223,337,987,223,337,987,1
337,247,972,337,247,972,337,247,972,1
247,202,1002,247,202,1002,247,202,1002,1
202,219,1082,202,219,1082,202,219,1082,1
219,326,1016,219,326,1016,219,326,1016,1
326,198,987,326,198,987,326,198,987,1
198,246,993,198,246,993,198,246,993,1
246,155,1045,246,155,1045,246,155,1045,1
155,200,977,155,200,977,155,200,977,1
200,221,1023,200,221,1023,200,221,1023,1
221,121,964,221,121,964,221,121,964,1
121,213,1048,121,213,1048,121,213,1048,1
213,340,970,213,340,970,213,340,970,1
340,207,991,340,207,991,340,207,991,1
207,121,995,207,121,995,207,121,995,1
121,319,998,121,319,998,121,319,998,1
319,350,1003,319,350,1003,319,350,1003,1
350,128,985,350,128,985,350,128,985,1
128,229,1058,128,229,1058,128,229,1058,1
229,255,980,229,255,980,229,255,980,1
255,200,1013,255,200,1013,255,200,1013,1
200,211,1061,200,211,1061,200,211,1061,1
211,337,1025,211,337,1025,211,337,1025,1
337,331,982,337,331,982,337,331,982,1
331,309,987,331,309,987,331,309,987,1
309,217,1001,309,217,1001,309,217,1001,1
217,149,1001,217,149,1001,217,149,1001,1
149,194,956,149,194,956,149,194,956,1
194,140,1000,194,140,1000,194,140,1000,1
140,208,983,140,208,983,140,208,983,1
208,238,989,208,238,989,208,238,989,1
238,208,1048,238,208,1048,238,208,1048,1
208,295,999,208,295,999,208,295,999,1
295,191,987,295,191,987,295,191,987,1
191,147,1013,191,147,1013,191,147,1013,1
147,322,1017,147,322,1017,147,322,1017,1
322,121,972,322,121,972,322,121,972,1
121,234,1031,121,234,1031,121,234,1031,1
234,242,998,234,242,998,234,242,998,1
242,201,986,242,201,986,242,201,986,1
201,212,1071,201,212,1071,201,212,1071,1
212,240,1035,212,240,1035,212,240,1035,1
240,196,999,240,196,999,240,196,999,1
196,211,1066,196,211,1066,196,211,1066,1
211,239,981,211,239,981,211,239,981,1
239,197,989,239,197,989,239,197,989,1
197,213,1027,197,213,1027,197,213,1027,1
213,196,936,213,196,936,213,196,936,1
196,157,958,196,157,958,196,157,958,1
157,327,954,157,327,954,157,327,954,1
327,330,975,327,330,975,327,330,975,1
330,326,943,330,326,943,330,326,943,1
326,327,967,326,327,967,326,327,967,1
327,262,979,327,262,979,327,262,979,1
262,195,975,262,195,975,262,195,975,1
195,232,1050,195,232,1050,195,232,1050,1
232,195,953,232,195,953,232,195,953,1
195,158,973,195,158,973,195,158,973,1
158,330,944,158,330,944,158,330,944,1
330,327,997,330,327,997,330,327,997,1
327,338,964,327,338,964,327,338,964,1
338,336,947,338,336,947,338,336,947,1
336,346,964,336,346,964,336,346,964,1
346,357,966,346,357,966,346,357,966,1
357,124,993,357,124,993,357,124,993,1
124,133,1023,124,133,1023,124,133,1023,1
133,197,956,133,197,956,133,197,956,1
197,231,1021,197,231,1021,197,231,1021,1
231,328,998,231,328,998,231,328,998,1
328,334,978,328,334,978,328,334,978,1
334,125,995,334,125,995,334,125,995,1
125,244,1033,125,244,1033,125,244,1033,1
244,122,979,244,122,979,244,122,979,1
122,246,1012,122,246,1012,122,246,1012,1
246,121,992,246,121,992,246,121,992,1
121,247,1025,121,247,1025,121,247,1025,1
247,203,1013,247,203,1013,247,203,1013,1
203,151,984,203,151,984,203,151,984,1
151,191,951,151,191,951,151,191,951,1
191,163,974,191,163,974,191,163,974,1
163,329,953,163,329,953,163,329,953,1
329,131,965,329,131,965,329,131,965,1
131,261,1009,131,261,1009,131,261,1009,1
261,123,966,261,123,966,261,123,966,1
123,241,1020,123,241,1020,123,241,1020,1
241,368,975,241,368,975,241,368,975,1
368,357,930,368,357,930,368,357,930,1
357,239,1008,357,239,1008,357,239,1008,1
239,212,976,239,212,976,239,212,976,1
212,227,1082,212,227,1082,212,227,1082,1
227,125,947,227,125,947,227,125,947,1
125,247,1003,125,247,1003,125,247,1003,1
247,368,966,247,368,966,247,368,966,1
368,342,966,368,342,966,368,342,966,1
342,124,997,342,124,997,342,124,997,-1
124,232,1024,124,232,1024,124,232,1024,1
232,339,979,232,339,979,232,339,979,1
339,327,1009,339,327,1009,339,327,1009,1
327,198,1018,327,198,1018,327,198,1018,1
198,181,1003,198,181,1003,198,181,1003,-1
181,195,949,181,195,949,181,195,949,1
195,167,984,195,167,984,195,167,984,1
167,214,929,167,214,929,167,214,929,1
214,140,986,214,140,986,214,140,986,1
140,354,975,140,354,975,140,354,975,1
354,196,978,354,196,978,354,196,978,1
196,158,989,196,158,989,196,158,989,1
158,195,970,158,195,970,158,195,970,1
195,140,984,195,140,984,195,140,984,1
140,208,1011,140,208,1011,140,208,1011,1
208,165,990,208,165,990,208,165,990,1
165,129,1004,165,129,1004,165,129,1004,1
129,258,1039,129,258,1039,129,258,1039,1
258,204,952,258,204,952,258,204,952,1
204,159,968,204,159,968,204,159,968,1
159,221,986,159,221,986,159,221,986,1
221,155,981,221,155,981,221,155,981,1
155,271,969,155,271,969,155,271,969,1
271,196,954,271,196,954,271,196,954,1
196,233,1016,196,233,1016,196,233,1016,1
233,392,972,233,392,972,233,392,972,1
392,125,995,392,125,995,392,125,995,1
125,264,1031,125,264,1031,125,264,1031,1
264,209,955,264,209,955,264,209,955,1
209,146,952,209,146,952,209,146,952,1
146,124,949,146,124,949,146,124,949,1
124,177,1006,124,177,1006,124,177,1006,1
177,201,966,177,201,966,177,201,966,1
201,158,1016,201,158,1016,201,158,1016,1
158,196,969,158,196,969,158,196,969,1
196,234,1026,196,234,1026,196,234,1026,1
234,237,969,234,237,969,234,237,969,1
237,146,971,237,146,971,237,146,971,1
146,128,964,146,128,964,146,128,964,1
128,164,1013,128,164,1013,128,164,1013,1
164,212,979,164,212,979,164,212,979,1
212,237,1041,212,237,1041,212,237,1041,1
237,370,977,237,370,977,237,370,977,1
370,197,957,370,197,957,370,197,957,1
197,155,982,197,155,982,197,155,982,1
155,344,975,155,344,975,155,344,975,1
344,230,978,344,230,978,344,230,978,1
230,146,995,230,146,995,230,146,995,1
146,122,971,146,122,971,146,122,971,1
122,253,1055,122,253,1055,122,253,1055,1
253,124,992,253,124,992,253,124,992,1
124,133,1042,124,133,1042,124,133,1042,1
133,177,1027,133,177,1027,133,177,1027,1
177,182,1023,177,182,1023,177,182,1023,1
182,171,1031,182,171,1031,182,171,1031,1
171,288,1035,171,288,1035,171,288,1035,1
288,151,1003,288,151,1003,288,151,1003,1
151,344,1083,151,344,1083,151,344,1083,1
344,131,992,344,131,992,344,131,992,1
131,154,1023,131,154,1023,131,154,1023,1
154,176,957,154,176,957,154,176,957,1
176,127,924,176,127,924,176,127,924,1
127,171,1009,127,171,1009,127,171,1009,1
171,189,965,171,189,965,171,189,965,1
189,251,1011,189,251,1011,189,251,1011,1
251,280,952,251,280,952,251,280,952,1
280,200,965,280,200,965,280,200,965,1
200,148,1028,200,148,1028,200,148,1028,1
148,188,967,148,188,967,148,188,967,1
188,256,1024,188,256,1024,188,256,1024,1
256,123,965,256,123,965,256,123,965,1
123,170,1011,123,170,1011,123,170,1011,1
170,208,957,170,208,957,170,208,957,1
208,248,1043,208,248,1043,208,248,1043,1
248,365,1019,248,365,1019,248,365,1019,1
365,208,992,365,208,992,365,208,992,1
208,155,1000,208,155,1000,208,155,1000,1
155,199,1004,155,199,1004,155,199,1004,1
199,146,998,199,146,998,199,146,998,1
146,123,991,146,123,991,146,123,991,1
123,268,1042,123,268,1042,123,268,1042,1
268,307,988,268,307,988,268,307,988,1
307,199,1015,307,199,1015,307,199,1015,1
199,238,1060,199,238,1060,199,238,1060,1
238,122,1015,238,122,1015,238,122,1015,1
122,162,1045,122,162,1045,122,162,1045,1
162,193,984,162,193,984,162,193,984,1
193,250,1053,193,250,1053,193,250,1053,1
250,205,1005,250,205,1005,250,205,1005,1
205,144,999,205,144,999,205,144,999,1
144,378,994,144,378,994,144,378,994,1
378,216,965,378,216,965,378,216,965,1
216,168,984,216,168,984,216,168,984,1
168,209,962,168,209,962,168,209,962,1
209,161,985,209,161,985,209,161,985,1
161,360,972,161,360,972,161,360,972,1
360,212,971,360,212,971,360,212,971,1
212,156,973,212,156,973,212,156,973,1
156,198,959,156,198,959,156,198,959,1
198,164,982,198,164,982,198,164,982,1
164,218,987,164,218,987,164,218,987,1
218,170,976,218,170,976,218,170,976,1
170,125,990,170,125,990,170,125,990,1
125,180,1016,125,180,1016,125,180,1016,1
180,198,978,180,198,978,180,198,978,1
198,264,1043,198,264,1043,198,264,1043,1
264,228,982,264,228,982,264,228,982,1
228,137,974,228,137,974,228,137,974,1
137,264,984,137,264,984,137,264,984,1
264,280,1014,264,280,1014,264,280,1014,1
280,221,956,280,221,956,280,221,956,1
221,311,941,221,311,941,221,311,941,1
311,202,976,311,202,976,311,202,976,1
202,172,992,202,172,992,202,172,992,1
172,201,973,172,201,973,172,201,973,1
201,261,1015,201,261,1015,201,261,1015,1
261,340,977,261,340,977,261,340,977,1
340,202,1043,340,202,1043,340,202,1043,1
202,179,1011,202,179,1011,202,179,1011,1
179,121,1015,179,121,1015,179,121,1015,1
121,264,1035,121,264,1035,121,264,1035,1
264,125,993,264,125,993,264,125,993,1
125,262,1022,125,262,1022,125,262,1022,1
262,123,994,262,123,994,262,123,994,1
123,246,1030,123,246,1030,123,246,1030,1
246,215,979,246,215,979,246,215,979,1
215,162,986,215,162,986,215,162,986,1
162,362,991,162,362,991,162,362,991,1
362,370,986,362,370,986,362,370,986,1
370,121,997,370,121,997,370,121,997,1
121,181,1039,121,181,1039,121,181,1039,1
181,124,1064,181,124,1064,181,124,1064,1
124,144,1091,124,144,1091,124,144,1091,1
144,219,967,144,219,967,144,219,967,1
219,124,985,219,124,985,219,124,985,1
124,177,1017,124,177,1017,124,177,1017,1
177,200,998,177,200,998,177,200,998,1
200,264,1038,200,264,1038,200,264,1038,1
264,197,990,264,197,990,264,197,990,1
197,172,998,197,172,998,197,172,998,1
172,195,991,172,195,991,172,195,991,1
195,189,990,195,189,990,195,189,990,1
189,399,996,189,399,996,189,399,996,1
399,216,1009,399,216,1009,399,216,1009,1
216,126,1018,216,126,1018,216,126,1018,1
126,125,1107,126,125,1107,126,125,1107,1
125,295,975,125,295,975,125,295,975,1
295,131,1049,295,131,1049,295,131,1049,1
131,157,1044,131,157,1044,131,157,1044,1
157,209,1006,157,209,1006,157,209,1006,1
209,134,1042,209,134,1042,209,134,1042,1
134,219,1010,134,219,1010,134,219,1010,1
219,273,1051,219,273,1051,219,273,1051,1
273,124,1063,273,124,1063,273,124,1063,1
124,261,1037,124,261,1037,124,261,1037,1
261,123,1059,261,123,1059,261,123,1059,1
123,250,1031,123,250,1031,123,250,1031,1
250,211,1020,250,211,1020,250,211,1020,1
211,162,985,211,162,985,211,162,985,1
162,362,1020,162,362,1020,162,362,1020,1
362,326,1012,362,326,1012,362,326,1012,1
326,122,996,326,122,996,326,122,996,1
122,260,1017,122,260,1017,122,260,1017,1
260,124,983,260,124,983,260,124,983,1
124,159,1021,124,159,1021,124,159,1021,1
159,206,990,159,206,990,159,206,990,1
206,236,1072,206,236,1072,206,236,1072,1
236,266,1062,236,266,1062,236,266,1062,1
266,205,1020,266,205,1020,266,205,1020,1
205,222,1052,205,222,1052,205,222,1052,1
222,218,1006,222,218,1006,222,218,1006,1
218,221,958,218,221,958,218,221,958,1
221,252,1023,221,252,1023,221,252,1023,1
252,126,1079,252,126,1079,252,126,1079,1
126,241,1039,126,241,1039,126,241,1039,1
241,335,1096,241,335,1096,241,335,1096,1
335,249,1018,335,249,1018,335,249,1018,1
249,207,969,249,207,969,249,207,969,1
207,224,1034,207,224,1034,207,224,1034,1
224,184,968,224,184,968,224,184,968,1
184,143,966,184,143,966,184,143,966,1
143,243,1041,143,243,1041,143,243,1041,1
243,214,991,243,214,991,243,214,991,1
214,243,1058,214,243,1058,214,243,1058,1
243,351,984,243,351,984,243,351,984,1
351,192,1030,351,192,1030,351,192,1030,1
192,156,1003,192,156,1003,192,156,1003,1
156,336,1027,156,336,1027,156,336,1027,1
336,254,992,336,254,992,336,254,992,1
254,196,994,254,196,994,254,196,994,1
196,212,1074,196,212,1074,196,212,1074,1
212,189,1099,212,189,1099,212,189,1099,1
189,181,1012,189,181,1012,189,181,1012,1
181,359,1134,181,359,1134,181,359,1134,1
359,192,1150,359,192,1150,359,192,1150,1
192,146,1007,192,146,1007,192,146,1007,1
146,348,1139,146,348,1139,146,348,1139,1
348,215,1036,348,215,1036,348,215,1036,1
215,132,974,215,132,974,215,132,974,1
132,251,1015,132,251,1015,132,251,1015,1
251,198,981,251,198,981,251,198,981,1
198,252,1051,198,252,1051,198,252,1051,1
252,126,1028,252,126,1028,252,126,1028,1
126,253,1060,126,253,1060,126,253,1060,1
253,124,1088,253,124,1088,253,124,1088,1
124,233,1069,124,233,1069,124,233,1069,1
233,205,1084,233,205,1084,233,205,1084,1
205,149,1009,205,149,1009,205,149,1009,1
149,357,1071,149,357,1071,149,357,1071,1
357,207,1038,357,207,1038,357,207,1038,1
207,130,1023,207,130,1023,207,130,1023,1
130,201,1041,130,201,1041,130,201,1041,1
201,162,1025,201,162,1025,201,162,1025,1
162,126,1042,162,126,1042,162,126,1042,1
126,255,1058,126,255,1058,126,255,1058,1
255,123,1035,255,123,1035,255,123,1035,1
123,225,1048,123,225,1048,123,225,1048,1
225,358,1050,225,358,1050,225,358,1050,1
358,342,1035,358,342,1035,358,342,1035,1
342,185,1042,342,185,1042,342,185,1042,1
185,156,1022,185,156,1022,185,156,1022,1
156,361,1057,156,361,1057,156,361,1057,1
361,294,1033,361,294,1033,361,294,1033,1
294,202,1007,294,202,1007,294,202,1007,1
202,230,1054,202,230,1054,202,230,1054,1
230,346,1044,230,346,1044,230,346,1044,1
346,184,1063,346,184,1063,346,184,1063,1
184,157,1020,184,157,1020,184,157,1020,1
157,336,1083,157,336,1083,157,336,1083,1
336,352,1048,336,352,1048,336,352,1048,1
352,365,1084,352,365,1084,352,365,1084,1
365,123,1092,365,123,1092,365,123,1092,1
123,230,1072,123,230,1072,123,230,1072,1
230,351,1066,230,351,1066,230,351,1066,1
351,206,1083,351,206,1083,351,206,1083,1
206,132,1026,206,132,1026,206,132,1026,1
132,346,1041,132,346,1041,132,346,1041,1
346,205,1034,346,205,1034,346,205,1034,1
205,153,993,205,153,993,205,153,993,1
153,128,1044,153,128,1044,153,128,1044,1
128,231,1039,128,231,1039,128,231,1039,1
231,378,1034,231,378,1034,231,378,1034,1
378,347,1042,378,347,1042,378,347,1042,1
347,215,1008,347,215,1008,347,215,1008,1
215,130,971,215,130,971,215,130,971,1
130,350,1023,130,350,1023,130,350,1023,1
350,185,1011,350,185,1011,350,185,1011,1
185,174,983,185,174,983,185,174,983,1
174,367,983,174,367,983,174,367,983,1
367,367,1012,367,367,1012,367,367,1012,1
367,208,1062,367,208,1062,367,208,1062,1
208,152,983,208,152,983,208,152,983,1
152,344,1040,152,344,1040,152,344,1040,1
344,347,1028,344,347,1028,344,347,1028,1
347,269,1021,347,269,1021,347,269,1021,1
269,124,1064,269,124,1064,269,124,1064,1
124,344,1137,124,344,1137,124,344,1137,1
344,381,1025,344,381,1025,344,381,1025,1
381,199,1022,381,199,1022,381,199,1022,1
199,169,986,199,169,986,199,169,986,1
169,354,1004,169,354,1004,169,354,1004,1
354,277,1016,354,277,1016,354,277,1016,1
277,183,996,277,183,996,277,183,996,1
183,256,1044,183,256,1044,183,256,1044,1
256,133,1022,256,133,1022,256,133,1022,1
133,259,1017,133,259,1017,133,259,1017,1
259,291,1098,259,291,1098,259,291,1098,1
291,189,1008,291,189,1008,291,189,1008,1
189,254,1054,189,254,1054,189,254,1054,1
254,351,1064,254,351,1064,254,351,1064,1
351,351,1053,351,351,1053,351,351,1053,1
351,226,1034,351,226,1034,351,226,1034,1
226,149,1005,226,149,1005,226,149,1005,1
149,132,1071,149,132,1071,149,132,1071,1
132,166,1016,132,166,1016,132,166,1016,1
166,217,954,166,217,954,166,217,954,1
217,158,1007,217,158,1007,217,158,1007,1
158,246,1010,158,246,1010,158,246,1010,1
246,216,953,246,216,953,246,216,953,1
216,359,1012,216,359,1012,216,359,1012,1
359,350,1016,359,350,1016,359,350,1016,1
350,213,1055,350,213,1055,350,213,1055,1
213,167,973,213,167,973,213,167,973,1
167,127,1070,167,127,1070,167,127,1070,1
127,261,1040,127,261,1040,127,261,1040,1
261,123,1077,261,123,1077,261,123,1077,1
123,239,1048,123,239,1048,123,239,1048,1
239,121,1111,239,121,1111,239,121,1111,1
121,257,1059,121,257,1059,121,257,1059,1
257,353,1044,257,353,1044,257,353,1044,1
353,349,1054,353,349,1054,353,349,1054,1
349,227,1045,349,227,1045,349,227,1045,1
227,128,1047,227,128,1047,227,128,1047,1
128,201,1147,128,201,1147,128,201,1147,1
201,204,981,201,204,981,201,204,981,1
204,361,1061,204,361,1061,204,361,1061,1
361,121,1089,361,121,1089,361,121,1089,1
121,248,1051,121,248,1051,121,248,1051,1
248,208,1069,248,208,1069,248,208,1069,1
208,143,1007,208,143,1007,208,143,1007,1
143,343,1060,143,343,1060,143,343,1060,1
343,378,1048,343,378,1048,343,378,1048,1
378,380,1093,378,380,1093,378,380,1093,1
380,354,1085,380,354,1085,380,354,1085,1
354,204,1040,354,204,1040,354,204,1040,1
204,161,1020,204,161,1020,204,161,1020,1
161,346,1016,161,346,1016,161,346,1016,1
346,204,989,346,204,989,346,204,989,1
204,129,971,204,129,971,204,129,971,1
129,123,1003,129,123,1003,129,123,1003,1
123,240,1031,123,240,1031,123,240,1031,1
240,371,1007,240,371,1007,240,371,1007,1
371,218,1033,371,218,1033,371,218,1033,1
218,126,973,218,126,973,218,126,973,1
126,272,990,126,272,990,126,272,990,1
272,207,969,272,207,969,272,207,969,1
207,235,1038,207,235,1038,207,235,1038,1
235,329,996,235,329,996,235,329,996,1
329,288,984,329,288,984,329,288,984,1
288,209,975,288,209,975,288,209,975,1
209,254,1043,209,254,1043,209,254,1043,1
254,347,1009,254,347,1009,254,347,1009,1
347,357,1005,347,357,1005,347,357,1005,1
357,350,1039,357,350,1039,357,350,1039,1
350,192,1040,350,192,1040,350,192,1040,1
192,147,993,192,147,993,192,147,993,1
147,366,1047,147,366,1047,147,366,1047,1
366,122,1114,366,122,1114,366,122,1114,1
122,259,1050,122,259,1050,122,259,1050,1
259,125,1112,259,125,1112,259,125,1112,1
125,240,1061,125,240,1061,125,240,1061,1
240,273,1062,240,273,1062,240,273,1062,1
273,202,994,273,202,994,273,202,994,1
202,235,1038,202,235,1038,202,235,1038,1
235,196,998,235,196,998,235,196,998,1
196,142,984,196,142,984,196,142,984,1
142,209,1012,142,209,1012,142,209,1012,1
209,169,988,209,169,988,209,169,988,1
169,218,1036,169,218,1036,169,218,1036,1
218,151,1026,218,151,1026,218,151,1026,1
151,124,1067,151,124,1067,151,124,1067,1
124,242,1048,124,242,1048,124,242,1048,1
242,226,983,242,226,983,242,226,983,1
226,129,964,226,129,964,226,129,964,1
129,195,960,129,195,960,129,195,960,1
195,156,974,195,156,974,195,156,974,1
156,344,955,156,344,955,156,344,955,1
344,357,991,344,357,991,344,357,991,1
357,122,1003,357,122,1003,357,122,1003,1
122,247,1042,122,247,1042,122,247,1042,1
247,266,1050,247,266,1050,247,266,1050,1
266,200,980,266,200,980,266,200,980,1
200,232,1041,200,232,1041,200,232,1041,1
232,345,1020,232,345,1020,232,345,1020,1
345,197,1033,345,197,1033,345,197,1033,1
197,132,1000,197,132,1000,197,132,1000,1
132,192,1022,132,192,1022,132,192,1022,1
192,164,986,192,164,986,192,164,986,1
164,369,1034,164,369,1034,164,369,1034,1
369,359,1036,369,359,1036,369,359,1036,1
359,250,1037,359,250,1037,359,250,1037,1
250,201,986,250,201,986,250,201,986,1
201,230,1045,201,230,1045,201,230,1045,1
230,202,1030,230,202,1030,230,202,1030,1
202,139,996,202,139,996,202,139,996,1
139,337,1007,139,337,1007,139,337,1007,1
337,197,996,337,197,996,337,197,996,1
197,163,988,197,163,988,197,163,988,1
163,123,1067,163,123,1067,163,123,1067,1
123,236,1052,123,236,1052,123,236,1052,1
236,248,1059,236,248,1059,236,248,1059,1
248,213,971,248,213,971,248,213,971,1
213,226,1037,213,226,1037,213,226,1037,1
226,329,1003,226,329,1003,226,329,1003,1
329,188,1007,329,188,1007,329,188,1007,1
188,161,983,188,161,983,188,161,983,1
161,126,1053,161,126,1053,161,126,1053,1
126,228,1051,126,228,1051,126,228,1051,1
228,361,1044,228,361,1044,228,361,1044,1
361,338,1046,361,338,1046,361,338,1046,1
338,341,1005,338,341,1005,338,341,1005,1
341,340,1059,341,340,1059,341,340,1059,1
340,211,1070,340,211,1070,340,211,1070,1
211,121,979,211,121,979,211,121,979,1
121,123,1062,121,123,1062,121,123,1062,1
123,247,1039,123,247,1039,123,247,1039,1
247,351,1075,247,351,1075,247,351,1075,1
351,122,1034,351,122,1034,351,122,1034,1
122,218,1031,122,218,1031,122,218,1031,1
218,355,1028,218,355,1028,218,355,1028,1
355,329,1021,355,329,1021,355,329,1021,1
329,330,1037,329,330,1037,329,330,1037,1
330,379,1062,330,379,1062,330,379,1062,1
379,128,1037,379,128,1037,379,128,1037,1
128,240,1030,128,240,1030,128,240,1030,1
240,354,1017,240,354,1017,240,354,1017,1
354,193,1004,354,193,1004,354,193,1004,1
193,159,955,193,159,955,193,159,955,1
159,349,1050,159,349,1050,159,349,1050,1
349,334,1046,349,334,1046,349,334,1046,1
334,382,1028,334,382,1028,334,382,1028,1
382,125,1048,382,125,1048,382,125,1048,1
125,249,1041,125,249,1041,125,249,1041,1
249,354,1043,249,354,1043,249,354,1043,1
354,189,1020,354,189,1020,354,189,1020,1
189,151,986,189,151,986,189,151,986,1
151,184,997,151,184,997,151,184,997,1
184,158,974,184,158,974,184,158,974,1
158,328,1014,158,328,1014,158,328,1014,1
328,352,1012,328,352,1012,328,352,1012,1
352,128,1059,352,128,1059,352,128,1059,1
128,243,1061,128,243,1061,128,243,1061,1
243,354,1047,243,354,1047,243,354,1047,1
354,340,1036,354,340,1036,354,340,1036,1
340,346,1028,340,346,1028,340,346,1028,1
346,344,1010,346,344,1010,346,344,1010,1
344,336,1047,344,336,1047,344,336,1047,1
336,124,1065,336,124,1065,336,124,1065,1
124,252,1061,124,252,1061,124,252,1061,1
252,125,1047,252,125,1047,252,125,1047,1
125,230,1047,125,230,1047,125,230,1047,1
230,343,1041,230,343,1041,230,343,1041,1
343,184,1033,343,184,1033,343,184,1033,1
184,160,1000,184,160,1000,184,160,1000,1
160,338,1042,160,338,1042,160,338,1042,1
338,253,991,338,253,991,338,253,991,1
253,202,973,253,202,973,253,202,973,1
202,177,1036,202,177,1036,202,177,1036,1
177,201,990,177,201,990,177,201,990,1
201,242,1039,201,242,1039,201,242,1039,1
242,263,1001,242,263,1001,242,263,1001,1
263,197,977,263,197,977,263,197,977,1
197,229,1042,197,229,1042,197,229,1042,1
229,349,1050,229,349,1050,229,349,1050,1
349,246,1009,349,246,1009,349,246,1009,1
246,201,973,246,201,973,246,201,973,1
201,252,1036,201,252,1036,201,252,1036,1
252,127,1013,252,127,1013,252,127,1013,1
127,240,1042,127,240,1042,127,240,1042,1
240,331,1007,240,331,1007,240,331,1007,1
331,342,1015,331,342,1015,331,342,1015,1
342,208,1067,342,208,1067,342,208,1067,1
208,127,982,208,127,982,208,127,982,1
127,318,1068,127,318,1068,127,318,1068,1
318,348,1051,318,348,1051,318,348,1051,1
348,124,1027,348,124,1027,348,124,1027,1
124,147,1049,124,147,1049,124,147,1049,-1
147,202,980,147,202,980,147,202,980,1
202,232,1054,202,232,1054,202,232,1054,1
232,334,1025,232,334,1025,232,334,1025,1
334,189,985,334,189,985,334,189,985,1
189,143,977,189,143,977,189,143,977,1
143,262,1054,143,262,1054,143,262,1054,1
262,182,1004,262,182,1004,262,182,1004,-1
182,239,1071,182,239,1071,182,239,1071,1
239,121,1072,239,121,1072,239,121,1072,1
121,253,1066,121,253,1066,121,253,1066,1
253,125,1051,253,125,1051,253,125,1051,1
125,237,1055,125,237,1055,125,237,1055,1
237,337,1045,237,337,1045,237,337,1045,1
337,344,1040,337,344,1040,337,344,1040,1
344,341,1018,344,341,1018,344,341,1018,1
341,342,997,341,342,997,341,342,997,-1
342,356,1044,342,356,1044,342,356,1044,1
356,124,1038,356,124,1038,356,124,1038,1
124,244,1039,124,244,1039,124,244,1039,1
244,341,1031,244,341,1031,244,341,1031,1
341,200,1027,341,200,1027,341,200,1027,1
200,144,985,200,144,985,200,144,985,1
144,199,1023,144,199,1023,144,199,1023,1
199,145,978,199,145,978,199,145,978,1
145,185,1008,145,185,1008,145,185,1008,1
185,138,972,185,138,972,185,138,972,1
138,210,998,138,210,998,138,210,998,1
210,152,979,210,152,979,210,152,979,1
152,123,1065,152,123,1065,152,123,1065,1
123,252,1039,123,252,1039,123,252,1039,1
252,121,1039,252,121,1039,252,121,1039,1
121,142,1024,121,142,1024,121,142,1024,1
142,179,976,142,179,976,142,179,976,1
179,162,1009,179,162,1009,179,162,1009,1
162,185,996,162,185,996,162,185,996,1
185,249,1035,185,249,1035,185,249,1035,1
249,342,1069,249,342,1069,249,342,1069,1
342,372,1024,342,372,1024,342,372,1024,1
372,277,999,372,277,999,372,277,999,1
277,203,980,277,203,980,277,203,980,1
203,232,1013,203,232,1013,203,232,1013,1
232,193,1000,232,193,1000,232,193,1000,1
193,151,981,193,151,981,193,151,981,1
151,338,1000,151,338,1000,151,338,1000,1
338,187,1033,338,187,1033,338,187,1033,1
187,137,1005,187,137,1005,187,137,1005,1
137,122,1011,137,122,1011,137,122,1011,1
122,237,1002,122,237,1002,122,237,1002,1
237,124,938,237,124,938,237,124,938,1
124,233,992,124,233,992,124,233,992,1
233,193,970,233,193,970,233,193,970,1
193,157,965,193,157,965,193,157,965,1
157,347,995,157,347,995,157,347,995,1
347,179,1047,347,179,1047,347,179,1047,1
179,148,995,179,148,995,179,148,995,1
148,187,1059,148,187,1059,148,187,1059,1
187,197,1308,187,197,1308,187,197,1308,1
197,131,980,197,131,980,197,131,980,1
131,156,983,131,156,983,131,156,983,1
156,204,1005,156,204,1005,156,204,1005,1
204,201,1056,204,201,1056,204,201,1056,1
201,200,1033,201,200,1033,201,200,1033,1
200,196,977,200,196,977,200,196,977,1
196,138,1010,196,138,1010,196,138,1010,1
138,264,965,138,264,965,138,264,965,1
264,121,1008,264,121,1008,264,121,1008,1
121,267,1096,121,267,1096,121,267,1096,1
267,206,989,267,206,989,267,206,989,1
206,186,1047,206,186,1047,206,186,1047,1
186,131,997,186,131,997,186,131,997,1
131,229,1039,131,229,1039,131,229,1039,1
229,125,972,229,125,972,229,125,972,1
125,213,1035,125,213,1035,125,213,1035,1
213,241,972,213,241,972,213,241,972,1
241,201,955,241,201,955,241,201,955,1
201,222,1028,201,222,1028,201,222,1028,1
222,315,972,222,315,972,222,315,972,1
315,319,993,315,319,993,315,319,993,1
319,336,981,319,336,981,319,336,981,1
336,355,959,336,355,959,336,355,959,1
355,198,964,355,198,964,355,198,964,1
198,145,976,198,145,976,198,145,976,1
145,326,974,145,326,974,145,326,974,1
326,335,970,326,335,970,326,335,970,1
335,326,968,335,326,968,335,326,968,1
326,319,960,326,319,960,326,319,960,1
319,357,969,319,357,969,319,357,969,1
357,345,943,357,345,943,357,345,943,1
345,192,989,345,192,989,345,192,989,1
192,145,991,192,145,991,192,145,991,1
145,341,976,145,341,976,145,341,976,1
341,339,984,341,339,984,341,339,984,1
339,314,956,339,314,956,339,314,956,1
314,350,1000,314,350,1000,314,350,1000,1
350,125,991,350,125,991,350,125,991,1
125,252,1055,125,252,1055,125,252,1055,1
252,352,974,252,352,974,252,352,974,1
352,198,995,352,198,995,352,198,995,1
198,140,996,198,140,996,198,140,996,1
140,202,985,140,202,985,140,202,985,1
202,152,999,202,152,999,202,152,999,1
152,248,959,152,248,959,152,248,959,1
248,182,993,248,182,993,248,182,993,1
182,239,1052,182,239,1052,182,239,1052,1
239,273,974,239,273,974,239,273,974,1
273,208,971,273,208,971,273,208,971,1
208,234,1036,208,234,1036,208,234,1036,1
234,254,973,234,254,973,234,254,973,1
254,201,979,254,201,979,254,201,979,1
201,223,1015,201,223,1015,201,223,1015,1
223,254,963,223,254,963,223,254,963,1
254,194,971,254,194,971,254,194,971,1
194,213,1033,194,213,1033,194,213,1033,1
213,124,979,213,124,979,213,124,979,1
124,242,1029,124,242,1029,124,242,1029,1
242,124,931,242,124,931,242,124,931,1
124,248,1026,124,248,1026,124,248,1026,1
248,329,941,248,329,941,248,329,941,1
329,271,990,329,271,990,329,271,990,1
271,195,974,271,195,974,271,195,974,1
195,230,1019,195,230,1019,195,230,1019,1
230,318,943,230,318,943,230,318,943,1
318,202,981,318,202,981,318,202,981,1
202,158,980,202,158,980,202,158,980,1
158,357,995,158,357,995,158,357,995,1
357,122,990,357,122,990,357,122,990,1
122,140,1069,122,140,1069,122,140,1069,1
140,196,1001,140,196,1001,140,196,1001,1
196,217,1068,196,217,1068,196,217,1068,1
217,190,1014,217,190,1014,217,190,1014,1
190,147,1014,190,147,1014,190,147,1014,1
147,320,1003,147,320,1003,147,320,1003,1
320,333,1015,320,333,1015,320,333,1015,1
333,123,953,333,123,953,333,123,953,1
123,221,1045,123,221,1045,123,221,1045,1
221,121,973,221,121,973,221,121,973,1
121,149,1044,121,149,1044,121,149,1044,1
149,188,992,149,188,992,149,188,992,1
188,129,1044,188,129,1044,188,129,1044,1
129,194,981,129,194,981,129,194,981,1
194,217,1052,194,217,1052,194,217,1052,1
217,329,980,217,329,980,217,329,980,1
329,315,981,329,315,981,329,315,981,1
315,343,929,315,343,929,315,343,929,1
343,336,968,343,336,968,343,336,968,1
336,333,973,336,333,973,336,333,973,1
333,328,1002,333,328,1002,333,328,1002,1
328,327,960,328,327,960,328,327,960,1
327,327,972,327,327,972,327,327,972,1
327,337,982,327,337,982,327,337,982,1
337,196,963,337,196,963,337,196,963,1
196,156,981,196,156,981,196,156,981,1
156,356,973,156,356,973,156,356,973,1
356,343,974,356,343,974,356,343,974,1
343,336,968,343,336,968,343,336,968,1
336,338,1007,336,338,1007,336,338,1007,1
338,328,971,338,328,971,338,328,971,1
328,345,929,328,345,929,328,345,929,1
345,125,957,345,125,957,345,125,957,1
125,220,1021,125,220,1021,125,220,1021,1
220,123,963,220,123,963,220,123,963,1
123,236,1026,123,236,1026,123,236,1026,1
236,326,937,236,326,937,236,326,937,1
326,328,980,326,328,980,326,328,980,1
328,189,917,328,189,917,328,189,917,1
189,141,968,189,141,968,189,141,968,1
141,347,917,141,347,917,141,347,917,1
347,342,916,347,342,916,347,342,916,1
342,196,970,342,196,970,342,196,970,1
196,156,980,196,156,980,196,156,980,1
156,337,948,156,337,948,156,337,948,1
337,323,930,337,323,930,337,323,930,1
323,337,969,323,337,969,323,337,969,1
337,348,949,337,348,949,337,348,949,1
348,264,956,348,264,956,348,264,956,1
264,197,966,264,197,966,264,197,966,1
197,235,1013,197,235,1013,197,235,1013,1
235,197,955,235,197,955,235,197,955,1
197,145,967,197,145,967,197,145,967,1
145,324,956,145,324,956,145,324,956,1
324,184,969,324,184,969,324,184,969,1
184,152,957,184,152,957,184,152,957,1
152,255,939,152,255,939,152,255,939,1
255,193,982,255,193,982,255,193,982,1
193,234,1038,193,234,1038,193,234,1038,1
234,356,975,234,356,975,234,356,975,1
356,321,966,356,321,966,356,321,966,1
321,353,965,321,353,965,321,353,965,1
353,244,991,353,244,991,353,244,991,1
244,190,995,244,190,995,244,190,995,1
190,129,1082,190,129,1082,190,129,1082,1
129,201,1004,129,201,1004,129,201,1004,1
201,252,1073,201,252,1073,201,252,1073,1
252,204,972,252,204,972,252,204,972,1
204,148,992,204,148,992,204,148,992,1
148,344,945,148,344,945,148,344,945,1
344,338,970,344,338,970,344,338,970,1
338,122,985,338,122,985,338,122,985,1
122,222,1011,122,222,1011,122,222,1011,1
222,320,953,222,320,953,222,320,953,1
320,349,1001,320,349,1001,320,349,1001,1
349,124,982,349,124,982,349,124,982,1
124,250,1061,124,250,1061,124,250,1061,1
250,346,953,250,346,953,250,346,953,-1
346,183,955,346,183,955,346,183,955,-1
183,151,1004,183,151,1004,183,151,1004,1
151,342,977,151,342,977,151,342,977,1
342,332,949,342,332,949,342,332,949,1
332,324,949,332,324,949,332,324,949,1
324,276,943,324,276,943,324,276,943,1
276,207,981,276,207,981,276,207,981,1
207,153,1045,207,153,1045,207,153,1045,1
153,195,989,153,195,989,153,195,989,1
195,212,1033,195,212,1033,195,212,1033,1
212,123,936,212,123,936,212,123,936,1
123,207,1010,123,207,1010,123,207,1010,1
207,252,920,207,252,920,207,252,920,1
252,195,958,252,195,958,252,195,958,1
195,203,1016,195,203,1016,195,203,1016,1
203,194,962,203,194,962,203,194,962,1
194,164,974,194,164,974,194,164,974,1
164,124,938,164,124,938,164,124,938,1
124,244,1019,124,244,1019,124,244,1019,1
244,330,912,244,330,912,244,330,912,1
330,193,946,330,193,946,330,193,946,1
193,150,954,193,150,954,193,150,954,1
150,339,931,150,339,931,150,339,931,1
339,330,945,339,330,945,339,330,945,1
330,196,1009,330,196,1009,330,196,1009,1
196,159,987,196,159,987,196,159,987,1
159,121,954,159,121,954,159,121,954,1
121,170,1031,121,170,1031,121,170,1031,1
170,202,986,170,202,986,170,202,986,1
202,234,1037,202,234,1037,202,234,1037,1
234,336,970,234,336,970,234,336,970,1
336,250,965,336,250,965,336,250,965,1
250,200,982,250,200,982,250,200,982,1
200,219,1042,200,219,1042,200,219,1042,1
219,325,997,219,325,997,219,325,997,1
325,350,981,325,350,981,325,350,981,1
350,127,975,350,127,975,350,127,975,1
127,229,1033,127,229,1033,127,229,1033,1
229,324,985,229,324,985,229,324,985,1
324,338,994,324,338,994,324,338,994,1
338,325,953,338,325,953,338,325,953,1
325,316,959,325,316,959,325,316,959,1
316,341,957,316,341,957,316,341,957,1
