122,122,843,122,122,843,122,122,843,-1
122,288,968,122,288,968,122,288,968,1
288,122,852,288,122,852,288,122,852,1
122,156,972,122,156,972,122,156,972,1
156,128,820,156,128,820,156,128,820,1
128,123,828,128,123,828,128,123,828,1
123,282,960,123,282,960,123,282,960,1
282,125,852,282,125,852,282,125,852,1
125,300,981,125,300,981,125,300,981,1
300,123,852,300,123,852,300,123,852,1
123,290,966,123,290,966,123,290,966,1
290,126,832,290,126,832,290,126,832,1
126,152,950,126,152,950,126,152,950,1
152,151,828,152,151,828,152,151,828,1
151,122,846,151,122,846,151,122,846,1
122,172,977,122,172,977,122,172,977,1
172,133,832,172,133,832,172,133,832,1
133,125,838,133,125,838,133,125,838,1
125,169,963,125,169,963,125,169,963,1
169,132,837,169,132,837,169,132,837,1
132,429,864,132,429,864,132,429,864,1
429,193,867,429,193,867,429,193,867,1
193,230,861,193,230,861,193,230,861,1
230,245,860,230,245,860,230,245,860,1
245,173,827,245,173,827,245,173,827,1
173,123,855,173,123,855,173,123,855,1
123,316,972,123,316,972,123,316,972,1
316,128,854,316,128,854,316,128,854,1
128,299,977,128,299,977,128,299,977,1
299,124,850,299,124,850,299,124,850,1
124,309,979,124,309,979,124,309,979,1
309,130,878,309,130,878,309,130,878,1
130,132,983,130,132,983,130,132,983,1
132,188,856,132,188,856,132,188,856,1
188,126,850,188,126,850,188,126,850,1
126,308,980,126,308,980,126,308,980,1
308,124,859,308,124,859,308,124,859,1
124,178,990,124,178,990,124,178,990,1
178,146,858,178,146,858,178,146,858,1
146,123,858,146,123,858,146,123,858,1
123,310,975,123,310,975,123,310,975,1
310,128,853,310,128,853,310,128,853,1
128,329,965,128,329,965,128,329,965,1
329,203,875,329,203,875,329,203,875,1
203,237,852,203,237,852,203,237,852,1
237,123,858,237,123,858,237,123,858,1
123,325,979,123,325,979,123,325,979,1
325,127,879,325,127,879,325,127,879,1
127,313,973,127,313,973,127,313,973,1
313,121,859,313,121,859,313,121,859,1
121,310,974,121,310,974,121,310,974,1
310,124,872,310,124,872,310,124,872,1
124,316,986,124,316,986,124,316,986,1
316,126,865,316,126,865,316,126,865,1
126,136,958,126,136,958,126,136,958,1
136,146,837,136,146,837,136,146,837,1
146,129,843,146,129,843,146,129,843,1
129,150,963,129,150,963,129,150,963,1
150,141,828,150,141,828,150,141,828,1
141,125,854,141,125,854,141,125,854,1
125,285,959,125,285,959,125,285,959,1
285,128,840,285,128,840,285,128,840,1
128,293,969,128,293,969,128,293,969,1
293,126,843,293,126,843,293,126,843,1
126,318,982,126,318,982,126,318,982,1
318,441,862,318,441,862,318,441,862,1
441,201,861,441,201,861,441,201,861,1
201,237,878,201,237,878,201,237,878,1
237,124,867,237,124,867,237,124,867,1
124,192,992,124,192,992,124,192,992,1
192,135,857,192,135,857,192,135,857,1
135,127,862,135,127,862,135,127,862,1
127,129,974,127,129,974,127,129,974,1
129,180,847,129,180,847,129,180,847,1
180,125,875,180,125,875,180,125,875,1
125,192,990,125,192,990,125,192,990,1
192,136,856,192,136,856,192,136,856,1
136,129,865,136,129,865,136,129,865,1
129,305,977,129,305,977,129,305,977,1
305,126,846,305,126,846,305,126,846,1
126,314,976,126,314,976,126,314,976,1
314,128,863,314,128,863,314,128,863,1
128,307,969,128,307,969,128,307,969,1
307,127,834,307,127,834,307,127,834,1
127,121,962,127,121,962,127,121,962,1
121,183,832,121,183,832,121,183,832,1
183,127,854,183,127,854,183,127,854,1
127,314,970,127,314,970,127,314,970,1
314,123,842,314,123,842,314,123,842,1
123,141,969,123,141,969,123,141,969,1
141,164,833,141,164,833,141,164,833,1
164,126,841,164,126,841,164,126,841,1
126,149,968,126,149,968,126,149,968,1
149,166,845,149,166,845,149,166,845,1
166,125,853,166,125,853,166,125,853,1
125,152,977,125,152,977,125,152,977,1
152,177,847,152,177,847,152,177,847,1
177,121,851,177,121,851,177,121,851,1
121,141,979,121,141,979,121,141,979,1
141,167,838,141,167,838,141,167,838,1
167,124,858,167,124,858,167,124,858,1
124,177,988,124,177,988,124,177,988,1
177,149,846,177,149,846,177,149,846,1
149,126,844,149,126,844,149,126,844,1
126,164,973,126,164,973,126,164,973,1
164,152,826,164,152,826,164,152,826,1
152,129,855,152,129,855,152,129,855,1
129,312,978,129,312,978,129,312,978,1
312,123,869,312,123,869,312,123,869,1
123,243,978,123,243,978,123,243,978,1
243,199,841,243,199,841,243,199,841,1
199,151,962,199,151,962,199,151,962,1
151,160,843,151,160,843,151,160,843,1
160,129,870,160,129,870,160,129,870,1
129,306,962,129,306,962,129,306,962,1
306,128,855,306,128,855,306,128,855,1
128,123,965,128,123,965,128,123,965,1
123,187,848,123,187,848,123,187,848,1
187,126,865,187,126,865,187,126,865,1
126,314,969,126,314,969,126,314,969,1
314,130,853,314,130,853,314,130,853,1
130,308,965,130,308,965,130,308,965,1
308,125,855,308,125,855,308,125,855,1
125,311,969,125,311,969,125,311,969,1
311,127,866,311,127,866,311,127,866,1
127,161,972,127,161,972,127,161,972,1
161,158,841,161,158,841,161,158,841,1
158,127,848,158,127,848,158,127,848,1
127,304,937,127,304,937,127,304,937,1
304,127,857,304,127,857,304,127,857,1
127,137,960,127,137,960,127,137,960,1
137,174,839,137,174,839,137,174,839,1
174,126,829,174,126,829,174,126,829,1
126,155,958,126,155,958,126,155,958,1
155,136,825,155,136,825,155,136,825,1
136,127,845,136,127,845,136,127,845,1
127,305,956,127,305,956,127,305,956,1
305,128,839,305,128,839,305,128,839,1
128,125,955,128,125,955,128,125,955,1
125,167,812,125,167,812,125,167,812,1
167,128,831,167,128,831,167,128,831,1
128,290,946,128,290,946,128,290,946,1
290,128,849,290,128,849,290,128,849,1
128,165,964,128,165,964,128,165,964,1
165,146,831,165,146,831,165,146,831,1
146,126,845,146,126,845,146,126,845,1
126,299,967,126,299,967,126,299,967,1
299,121,856,299,121,856,299,121,856,1
121,177,980,121,177,980,121,177,980,1
177,134,845,177,134,845,177,134,845,1
134,127,848,134,127,848,134,127,848,1
127,147,959,127,147,959,127,147,959,1
147,152,835,147,152,835,147,152,835,1
152,125,842,152,125,842,152,125,842,1
125,151,953,125,151,953,125,151,953,1
151,167,835,151,167,835,151,167,835,1
167,127,847,167,127,847,167,127,847,1
127,312,970,127,312,970,127,312,970,1
312,123,847,312,123,847,312,123,847,1
123,232,964,123,232,964,123,232,964,1
232,201,839,232,201,839,232,201,839,1
201,145,966,201,145,966,201,145,966,1
145,168,839,145,168,839,145,168,839,1
168,127,839,168,127,839,168,127,839,1
127,278,955,127,278,955,127,278,955,1
278,130,835,278,130,835,278,130,835,1
130,150,951,130,150,951,130,150,951,1
150,156,823,150,156,823,150,156,823,1
156,126,831,156,126,831,156,126,831,1
126,296,943,126,296,943,126,296,943,1
296,126,814,296,126,814,296,126,814,1
126,137,934,126,137,934,126,137,934,1
137,174,807,137,174,807,137,174,807,1
174,122,822,174,122,822,174,122,822,1
122,318,957,122,318,957,122,318,957,1
318,124,819,318,124,819,318,124,819,1
124,193,938,124,193,938,124,193,938,1
193,127,810,193,127,810,193,127,810,1
127,125,816,127,125,816,127,125,816,1
125,329,943,125,329,943,125,329,943,1
329,124,814,329,124,814,329,124,814,1
124,164,932,124,164,932,124,164,932,1
164,146,806,164,146,806,164,146,806,1
146,125,828,146,125,828,146,125,828,1
125,132,957,125,132,957,125,132,957,1
132,188,833,132,188,833,132,188,833,1
188,127,835,188,127,835,188,127,835,1
127,160,966,127,160,966,127,160,966,1
160,155,823,160,155,823,160,155,823,1
155,128,844,155,128,844,155,128,844,1
128,184,974,128,184,974,128,184,974,1
184,133,837,184,133,837,184,133,837,1
133,126,850,133,126,850,133,126,850,1
126,150,984,126,150,984,126,150,984,1
150,157,835,150,157,835,150,157,835,1
157,130,858,157,130,858,157,130,858,1
130,132,977,130,132,977,130,132,977,1
132,184,852,132,184,852,132,184,852,1
184,133,874,184,133,874,184,133,874,1
133,296,971,133,296,971,133,296,971,1
296,130,851,296,130,851,296,130,851,1
130,298,980,130,298,980,130,298,980,1
298,128,872,298,128,872,298,128,872,1
128,314,983,128,314,983,128,314,983,1
314,129,854,314,129,854,314,129,854,1
129,130,967,129,130,967,129,130,967,1
130,181,831,130,181,831,130,181,831,1
181,126,853,181,126,853,181,126,853,1
126,168,979,126,168,979,126,168,979,1
168,141,846,168,141,846,168,141,846,1
141,124,853,141,124,853,141,124,853,1
124,166,966,124,166,966,124,166,966,1
166,150,830,166,150,830,166,150,830,1
150,126,837,150,126,837,150,126,837,1
126,306,958,126,306,958,126,306,958,1
306,289,852,306,289,852,306,289,852,1
289,137,824,289,137,824,289,137,824,1
137,123,845,137,123,845,137,123,845,1
123,297,970,123,297,970,123,297,970,1
297,124,857,297,124,857,297,124,857,1
124,314,981,124,314,981,124,314,981,1
314,128,854,314,128,854,314,128,854,1
128,298,972,128,298,972,128,298,972,1
298,123,858,298,123,858,298,123,858,1
123,173,970,123,173,970,123,173,970,1
173,136,835,173,136,835,173,136,835,1
136,133,853,136,133,853,136,133,853,1
133,151,953,133,151,953,133,151,953,1
151,155,830,151,155,830,151,155,830,1
155,127,848,155,127,848,155,127,848,1
127,308,969,127,308,969,127,308,969,1
308,126,855,308,126,855,308,126,855,1
126,136,982,126,136,982,126,136,982,1
136,175,847,136,175,847,136,175,847,1
175,128,859,175,128,859,175,128,859,1
128,124,967,128,124,967,128,124,967,1
124,173,847,124,173,847,124,173,847,1
173,128,856,173,128,856,173,128,856,1
128,173,966,128,173,966,128,173,966,1
173,138,847,173,138,847,173,138,847,1
138,122,856,138,122,856,138,122,856,1
122,172,966,122,172,966,122,172,966,1
172,130,843,172,130,843,172,130,843,1
130,127,859,130,127,859,130,127,859,1
127,151,959,127,151,959,127,151,959,1
151,150,848,151,150,848,151,150,848,1
150,123,883,150,123,883,150,123,883,1
123,159,976,123,159,976,123,159,976,1
159,141,845,159,141,845,159,141,845,1
141,127,859,141,127,859,141,127,859,1
127,289,965,127,289,965,127,289,965,1
289,130,864,289,130,864,289,130,864,1
130,137,966,130,137,966,130,137,966,1
137,160,843,137,160,843,137,160,843,1
160,127,838,160,127,838,160,127,838,1
127,144,957,127,144,957,127,144,957,1
144,148,821,144,148,821,144,148,821,1
148,128,838,148,128,838,148,128,838,1
128,306,956,128,306,956,128,306,956,1
306,127,833,306,127,833,306,127,833,1
127,162,956,127,162,956,127,162,956,1
162,140,811,162,140,811,162,140,811,1
140,127,830,140,127,830,140,127,830,1
127,128,934,127,128,934,127,128,934,1
128,177,810,128,177,810,128,177,810,1
177,124,841,177,124,841,177,124,841,1
124,168,950,124,168,950,124,168,950,1
168,152,814,168,152,814,168,152,814,1
152,238,828,152,238,828,152,238,828,1
238,191,818,238,191,818,238,191,818,1
191,123,839,191,123,839,191,123,839,1
123,159,944,123,159,944,123,159,944,1
159,145,816,159,145,816,159,145,816,1
145,127,830,145,127,830,145,127,830,1
127,309,952,127,309,952,127,309,952,1
309,131,832,309,131,832,309,131,832,1
131,298,936,131,298,936,131,298,936,1
298,126,839,298,126,839,298,126,839,1
126,318,957,126,318,957,126,318,957,1
318,135,841,318,135,841,318,135,841,1
135,166,946,135,166,946,135,166,946,1
166,136,836,166,136,836,166,136,836,1
136,131,854,136,131,854,136,131,854,1
131,306,964,131,306,964,131,306,964,1
306,129,849,306,129,849,306,129,849,1
129,301,966,129,301,966,129,301,966,1
301,127,830,301,127,830,301,127,830,1
127,161,946,127,161,946,127,161,946,1
161,137,837,161,137,837,161,137,837,1
137,128,846,137,128,846,137,128,846,1
128,149,954,128,149,954,128,149,954,1
149,162,824,149,162,824,149,162,824,1
162,122,838,162,122,838,162,122,838,1
122,140,949,122,140,949,122,140,949,1
140,157,826,140,157,826,140,157,826,1
157,122,844,157,122,844,157,122,844,1
122,166,964,122,166,964,122,166,964,1
166,143,831,166,143,831,166,143,831,1
143,125,844,143,125,844,143,125,844,1
125,135,947,125,135,947,125,135,947,1
135,165,816,135,165,816,135,165,816,1
165,126,828,165,126,828,165,126,828,1
126,283,943,126,283,943,126,283,943,1
283,127,833,283,127,833,283,127,833,1
127,304,941,127,304,941,127,304,941,1
304,128,832,304,128,832,304,128,832,1
128,294,939,128,294,939,128,294,939,1
294,128,825,294,128,825,294,128,825,1
128,162,948,128,162,948,128,162,948,1
162,140,822,162,140,822,162,140,822,1
140,129,843,140,129,843,140,129,843,1
129,127,950,129,127,950,129,127,950,1
127,171,826,127,171,826,127,171,826,1
171,125,830,171,125,830,171,125,830,1
125,304,959,125,304,959,125,304,959,1
304,128,833,304,128,833,304,128,833,1
128,308,945,128,308,945,128,308,945,1
308,122,852,308,122,852,308,122,852,1
122,304,956,122,304,956,122,304,956,1
304,126,839,304,126,839,304,126,839,1
126,292,950,126,292,950,126,292,950,1
292,127,850,292,127,850,292,127,850,1
127,227,956,127,227,956,127,227,956,1
227,198,835,227,198,835,227,198,835,1
198,123,962,198,123,962,198,123,962,1
123,164,835,123,164,835,123,164,835,1
164,127,850,164,127,850,164,127,850,1
127,291,956,127,291,956,127,291,956,1
291,132,860,291,132,860,291,132,860,1
132,176,971,132,176,971,132,176,971,1
176,132,837,176,132,837,176,132,837,1
132,125,843,132,125,843,132,125,843,1
125,310,966,125,310,966,125,310,966,1
310,124,832,310,124,832,310,124,832,1
124,210,958,124,210,958,124,210,958,1
210,130,816,210,130,816,210,130,816,1
130,126,826,130,126,826,130,126,826,1
126,250,940,126,250,940,126,250,940,1
250,196,827,250,196,827,250,196,827,1
196,187,940,196,187,940,196,187,940,1
187,137,828,187,137,828,187,137,828,1
137,128,845,137,128,845,137,128,845,1
128,315,954,128,315,954,128,315,954,1
315,126,844,315,126,844,315,126,844,1
126,169,954,126,169,954,126,169,954,1
169,152,821,169,152,821,169,152,821,1
152,128,834,152,128,834,152,128,834,1
128,134,946,128,134,946,128,134,946,1
134,190,814,134,190,814,134,190,814,1
190,125,817,190,125,817,190,125,817,1
125,316,937,125,316,937,125,316,937,1
316,126,829,316,126,829,316,126,829,1
126,131,953,126,131,953,126,131,953,1
131,196,816,131,196,816,131,196,816,1
196,129,825,196,129,825,196,129,825,1
129,133,923,129,133,923,129,133,923,1
133,171,804,133,171,804,133,171,804,1
171,129,813,171,129,813,171,129,813,1
129,185,929,129,185,929,129,185,929,1
185,133,792,185,133,792,185,133,792,1
133,125,809,133,125,809,133,125,809,1
125,297,922,125,297,922,125,297,922,1
297,133,811,297,133,811,297,133,811,1
133,302,925,133,302,925,133,302,925,1
302,124,839,302,124,839,302,124,839,1
124,306,949,124,306,949,124,306,949,1
306,124,821,306,124,821,306,124,821,1
124,293,942,124,293,942,124,293,942,1
293,125,828,293,125,828,293,125,828,1
125,134,948,125,134,948,125,134,948,1
134,163,821,134,163,821,134,163,821,1
163,126,836,163,126,836,163,126,836,1
126,232,953,126,232,953,126,232,953,1
232,198,822,232,198,822,232,198,822,1
198,282,939,198,282,939,198,282,939,1
282,128,834,282,128,834,282,128,834,1
128,294,946,128,294,946,128,294,946,1
294,134,817,294,134,817,294,134,817,1
134,288,929,134,288,929,134,288,929,1
288,126,833,288,126,833,288,126,833,1
126,304,931,126,304,931,126,304,931,1
304,127,824,304,127,824,304,127,824,1
127,290,928,127,290,928,127,290,928,1
290,128,816,290,128,816,290,128,816,1
128,298,918,128,298,918,128,298,918,1
298,130,813,298,130,813,298,130,813,1
130,303,908,130,303,908,130,303,908,1
303,124,803,303,124,803,303,124,803,1
124,287,925,124,287,925,124,287,925,1
287,128,815,287,128,815,287,128,815,1
128,301,910,128,301,910,128,301,910,1
301,131,826,301,131,826,301,131,826,1
131,128,902,131,128,902,131,128,902,1
128,167,801,128,167,801,128,167,801,1
167,128,820,167,128,820,167,128,820,1
128,297,920,128,297,920,128,297,920,1
297,132,826,297,132,826,297,132,826,1
132,307,918,132,307,918,132,307,918,1
307,127,814,307,127,814,307,127,814,1
127,290,918,127,290,918,127,290,918,1
290,129,820,290,129,820,290,129,820,1
129,165,916,129,165,916,129,165,916,1
165,142,811,165,142,811,165,142,811,1
142,127,831,142,127,831,142,127,831,1
127,289,940,127,289,940,127,289,940,1
289,122,852,289,122,852,289,122,852,1
122,312,956,122,312,956,122,312,956,1
312,128,856,312,128,856,312,128,856,1
128,171,953,128,171,953,128,171,953,1
171,132,842,171,132,842,171,132,842,1
132,122,849,132,122,849,132,122,849,1
122,303,969,122,303,969,122,303,969,1
303,127,858,303,127,858,303,127,858,1
127,156,973,127,156,973,127,156,973,1
156,154,847,156,154,847,156,154,847,1
154,125,846,154,125,846,154,125,846,1
125,154,952,125,154,952,125,154,952,1
154,149,831,154,149,831,154,149,831,1
149,131,832,149,131,832,149,131,832,1
131,305,951,131,305,951,131,305,951,1
305,125,839,305,125,839,305,125,839,1
125,311,947,125,311,947,125,311,947,1
311,131,838,311,131,838,311,131,838,1
131,149,939,131,149,939,131,149,939,1
149,145,811,149,145,811,149,145,811,1
145,127,827,145,127,827,145,127,827,1
127,297,934,127,297,934,127,297,934,1
297,130,815,297,130,815,297,130,815,1
130,286,907,130,286,907,130,286,907,1
286,126,805,286,126,805,286,126,805,1
126,292,930,126,292,930,126,292,930,1
292,128,808,292,128,808,292,128,808,1
128,151,936,128,151,936,128,151,936,1
151,152,792,151,152,792,151,152,792,1
152,128,803,152,128,803,152,128,803,1
128,281,916,128,281,916,128,281,916,1
281,128,830,281,128,830,281,128,830,1
128,295,945,128,295,945,128,295,945,1
295,127,834,295,127,834,295,127,834,1
127,293,953,127,293,953,127,293,953,1
293,127,843,293,127,843,293,127,843,1
127,280,967,127,280,967,127,280,967,1
280,128,852,280,128,852,280,128,852,1
128,137,974,128,137,974,128,137,974,1
137,154,841,137,154,841,137,154,841,1
154,128,856,154,128,856,154,128,856,1
128,280,971,128,280,971,128,280,971,1
280,127,870,280,127,870,280,127,870,1
127,289,975,127,289,975,127,289,975,1
289,129,875,289,129,875,289,129,875,1
129,282,963,129,282,963,129,282,963,1
282,128,852,282,128,852,282,128,852,1
128,288,965,128,288,965,128,288,965,1
288,125,865,288,125,865,288,125,865,1
125,148,987,125,148,987,125,148,987,1
148,156,844,148,156,844,148,156,844,1
156,125,856,156,125,856,156,125,856,1
125,293,977,125,293,977,125,293,977,1
293,128,865,293,128,865,293,128,865,1
128,138,973,128,138,973,128,138,973,1
138,163,836,138,163,836,138,163,836,1
163,127,837,163,127,837,163,127,837,1
127,295,946,127,295,946,127,295,946,1
295,130,839,295,130,839,295,130,839,1
130,304,950,130,304,950,130,304,950,1
304,128,829,304,128,829,304,128,829,1
128,293,936,128,293,936,128,293,936,1
293,127,821,293,127,821,293,127,821,1
127,301,952,127,301,952,127,301,952,1
301,128,844,301,128,844,301,128,844,1
128,121,941,128,121,941,128,121,941,1
121,179,826,121,179,826,121,179,826,1
179,124,828,179,124,828,179,124,828,1
124,167,943,124,167,943,124,167,943,1
167,130,821,167,130,821,167,130,821,1
130,124,833,130,124,833,130,124,833,1
124,293,954,124,293,954,124,293,954,1
293,127,844,293,127,844,293,127,844,1
127,149,960,127,149,960,127,149,960,1
149,148,837,149,148,837,149,148,837,1
148,130,859,148,130,859,148,130,859,1
130,141,955,130,141,955,130,141,955,1
141,142,845,141,142,845,141,142,845,1
142,127,855,142,127,855,142,127,855,1
127,163,974,127,163,974,127,163,974,1
163,134,858,163,134,858,163,134,858,1
134,130,863,134,130,863,134,130,863,1
130,290,983,130,290,983,130,290,983,1
290,127,887,290,127,887,290,127,887,1
127,305,997,127,305,997,127,305,997,1
305,126,880,305,126,880,305,126,880,1
126,161,993,126,161,993,126,161,993,1
161,149,863,161,149,863,161,149,863,1
149,125,893,149,125,893,149,125,893,1
125,304,1000,125,304,1000,125,304,1000,1
304,126,875,304,126,875,304,126,875,1
126,131,1001,126,131,1001,126,131,1001,1
131,189,870,131,189,870,131,189,870,1
189,123,871,189,123,871,189,123,871,1
123,303,986,123,303,986,123,303,986,1
303,127,866,303,127,866,303,127,866,1
127,163,975,127,163,975,127,163,975,1
163,151,850,163,151,850,163,151,850,1
151,129,869,151,129,869,151,129,869,1
129,141,961,129,141,961,129,141,961,1
141,162,841,141,162,841,141,162,841,1
162,131,860,162,131,860,162,131,860,1
131,132,953,131,132,953,131,132,953,1
132,164,847,132,164,847,132,164,847,1
164,130,856,164,130,856,164,130,856,1
130,152,956,130,152,956,130,152,956,1
152,162,840,152,162,840,152,162,840,1
162,126,834,162,126,834,162,126,834,1
126,234,956,126,234,956,126,234,956,1
234,199,837,234,199,837,234,199,837,1
199,168,971,199,168,971,199,168,971,1
168,142,861,168,142,861,168,142,861,1
142,130,876,142,130,876,142,130,876,1
130,141,963,130,141,963,130,141,963,1
141,156,857,141,156,857,141,156,857,1
156,127,875,156,127,875,156,127,875,1
127,320,997,127,320,997,127,320,997,1
320,130,870,320,130,870,320,130,870,1
130,308,972,130,308,972,130,308,972,1
308,127,883,308,127,883,308,127,883,1
127,176,992,127,176,992,127,176,992,1
176,143,885,176,143,885,176,143,885,1
143,128,890,143,128,890,143,128,890,1
128,139,1012,128,139,1012,128,139,1012,1
139,165,888,139,165,888,139,165,888,1
165,129,902,165,129,902,165,129,902,1
129,317,1012,129,317,1012,129,317,1012,1
317,127,894,317,127,894,317,127,894,1
127,304,1011,127,304,1011,127,304,1011,1
304,127,901,304,127,901,304,127,901,1
127,126,1019,127,126,1019,127,126,1019,1
126,176,891,126,176,891,126,176,891,1
176,129,913,176,129,913,176,129,913,1
129,306,1032,129,306,1032,129,306,1032,1
306,129,907,306,129,907,306,129,907,1
129,286,1013,129,286,1013,129,286,1013,1
286,130,911,286,130,911,286,130,911,1
130,153,1001,130,153,1001,130,153,1001,1
153,148,878,153,148,878,153,148,878,1
148,130,900,148,130,900,148,130,900,1
130,293,991,130,293,991,130,293,991,1
293,129,898,293,129,898,293,129,898,1
129,296,990,129,296,990,129,296,990,1
296,128,882,296,128,882,296,128,882,1
128,299,1009,128,299,1009,128,299,1009,1
299,129,885,299,129,885,299,129,885,1
129,153,996,129,153,996,129,153,996,1
153,136,873,153,136,873,153,136,873,1
136,124,903,136,124,903,136,124,903,1
124,301,1021,124,301,1021,124,301,1021,1
301,128,902,301,128,902,301,128,902,1
128,222,1010,128,222,1010,128,222,1010,1
222,199,875,222,199,875,222,199,875,1
199,288,999,199,288,999,199,288,999,1
288,128,885,288,128,885,288,128,885,1
128,304,986,128,304,986,128,304,986,1
304,129,865,304,129,865,304,129,865,1
129,303,968,129,303,968,129,303,968,1
303,130,870,303,130,870,303,130,870,1
130,304,960,130,304,960,130,304,960,1
304,127,868,304,127,868,304,127,868,1
127,250,968,127,250,968,127,250,968,1
250,194,850,250,194,850,250,194,850,1
194,149,970,194,149,970,194,149,970,1
149,159,859,149,159,859,149,159,859,1
159,125,871,159,125,871,159,125,871,1
125,320,979,125,320,979,125,320,979,1
320,127,863,320,127,863,320,127,863,1
127,292,967,127,292,967,127,292,967,1
292,128,859,292,128,859,292,128,859,1
128,301,962,128,301,962,128,301,962,1
301,130,873,301,130,873,301,130,873,1
130,299,968,130,299,968,130,299,968,1
299,127,858,299,127,858,299,127,858,1
127,157,975,127,157,975,127,157,975,1
157,133,848,157,133,848,157,133,848,1
133,130,861,133,130,861,133,130,861,1
130,300,979,130,300,979,130,300,979,1
300,128,859,300,128,859,300,128,859,1
128,162,976,128,162,976,128,162,976,1
162,130,849,162,130,849,162,130,849,1
130,125,874,130,125,874,130,125,874,1
125,160,969,125,160,969,125,160,969,1
160,143,851,160,143,851,160,143,851,1
143,125,856,143,125,856,143,125,856,1
125,157,982,125,157,982,125,157,982,1
157,155,835,157,155,835,157,155,835,1
155,128,849,155,128,849,155,128,849,1
128,232,976,128,232,976,128,232,976,1
232,198,834,232,198,834,232,198,834,1
198,170,968,198,170,968,198,170,968,1
170,135,844,170,135,844,170,135,844,1
135,128,850,135,128,850,135,128,850,1
128,158,976,128,158,976,128,158,976,1
158,137,848,158,137,848,158,137,848,1
137,130,861,137,130,861,137,130,861,1
130,303,978,130,303,978,130,303,978,1
303,127,860,303,127,860,303,127,860,1
127,300,981,127,300,981,127,300,981,1
300,130,868,300,130,868,300,130,868,1
130,145,965,130,145,965,130,145,965,-1
145,149,852,145,149,852,145,149,852,1
149,126,862,149,126,862,149,126,862,-1
126,300,976,126,300,976,126,300,976,1
300,131,869,300,131,869,300,131,869,1
131,157,965,131,157,965,131,157,965,1
157,142,861,157,142,861,157,142,861,1
142,125,868,142,125,868,142,125,868,1
125,298,980,125,298,980,125,298,980,1
298,125,871,298,125,871,298,125,871,1
125,140,972,125,140,972,125,140,972,1
140,170,861,140,170,861,140,170,861,1
170,127,875,170,127,875,170,127,875,-1
127,225,980,127,225,980,127,225,980,-1
225,195,866,225,195,866,225,195,866,1
195,304,987,195,304,987,195,304,987,1
304,129,901,304,129,901,304,129,901,1
129,287,1000,129,287,1000,129,287,1000,1
287,128,892,287,128,892,287,128,892,1
128,230,1002,128,230,1002,128,230,1002,1
230,199,877,230,199,877,230,199,877,1
199,295,991,199,295,991,199,295,991,1
295,126,866,295,126,866,295,126,866,1
126,160,969,126,160,969,126,160,969,1
160,129,848,160,129,848,160,129,848,1
129,128,868,129,128,868,129,128,868,1
128,297,975,128,297,975,128,297,975,1
297,125,858,297,125,858,297,125,858,1
125,161,981,125,161,981,125,161,981,1
161,132,844,161,132,844,161,132,844,1
132,125,850,132,125,850,132,125,850,1
125,297,949,125,297,949,125,297,949,1
297,124,853,297,124,853,297,124,853,1
124,298,977,124,298,977,124,298,977,1
298,128,847,298,128,847,298,128,847,1
128,296,946,128,296,946,128,296,946,1
296,130,855,296,130,855,296,130,855,1
130,139,967,130,139,967,130,139,967,1
139,167,833,139,167,833,139,167,833,1
167,128,841,167,128,841,167,128,841,1
128,142,969,128,142,969,128,142,969,1
142,148,829,142,148,829,142,148,829,1
148,131,836,148,131,836,148,131,836,1
131,124,962,131,124,962,131,124,962,1
124,171,824,124,171,824,124,171,824,1
171,133,841,171,133,841,171,133,841,1
133,285,938,133,285,938,133,285,938,1
285,126,828,285,126,828,285,126,828,1
126,288,965,126,288,965,126,288,965,1
288,127,863,288,127,863,288,127,863,1
127,149,963,127,149,963,127,149,963,1
149,141,848,149,141,848,149,141,848,1
141,124,851,141,124,851,141,124,851,1
124,132,982,124,132,982,124,132,982,1
132,171,838,132,171,838,132,171,838,1
171,126,856,171,126,856,171,126,856,1
126,158,967,126,158,967,126,158,967,1
158,131,843,158,131,843,158,131,843,1
131,124,849,131,124,849,131,124,849,1
124,140,976,124,140,976,124,140,976,1
140,160,831,140,160,831,140,160,831,1
160,130,836,160,130,836,160,130,836,1
130,288,968,130,288,968,130,288,968,1
288,130,860,288,130,860,288,130,860,1
130,140,962,130,140,962,130,140,962,1
140,155,834,140,155,834,140,155,834,1
155,129,848,155,129,848,155,129,848,1
129,293,968,129,293,968,129,293,968,1
293,125,842,293,125,842,293,125,842,1
125,144,961,125,144,961,125,144,961,1
144,152,835,144,152,835,144,152,835,1
152,130,835,152,130,835,152,130,835,1
130,297,951,130,297,951,130,297,951,1
297,126,823,297,126,823,297,126,823,1
126,141,941,126,141,941,126,141,941,1
141,149,811,141,149,811,141,149,811,1
149,122,828,149,122,828,149,122,828,1
122,131,957,122,131,957,122,131,957,1
131,176,817,131,176,817,131,176,817,1
176,124,821,176,124,821,176,124,821,1
124,284,941,124,284,941,124,284,941,1
284,126,823,284,126,823,284,126,823,1
126,136,950,126,136,950,126,136,950,1
136,153,816,136,153,816,136,153,816,1
153,128,831,153,128,831,153,128,831,1
128,288,936,128,288,936,128,288,936,1
288,125,832,288,125,832,288,125,832,1
125,154,954,125,154,954,125,154,954,1
154,133,836,154,133,836,154,133,836,1
133,129,855,133,129,855,133,129,855,1
129,297,963,129,297,963,129,297,963,1
297,126,842,297,126,842,297,126,842,1
126,289,965,126,289,965,126,289,965,1
289,128,856,289,128,856,289,128,856,1
128,127,962,128,127,962,128,127,962,1
127,177,847,127,177,847,127,177,847,1
177,124,875,177,124,875,177,124,875,1
124,297,973,124,297,973,124,297,973,1
297,122,858,297,122,858,297,122,858,1
122,294,978,122,294,978,122,294,978,1
294,124,882,294,124,882,294,124,882,1
124,297,989,124,297,989,124,297,989,1
297,124,861,297,124,861,297,124,861,1
124,297,975,124,297,975,124,297,975,1
297,131,861,297,131,861,297,131,861,1
131,287,955,131,287,955,131,287,955,1
287,129,850,287,129,850,287,129,850,1
129,154,948,129,154,948,129,154,948,1
154,143,830,154,143,830,154,143,830,1
143,130,837,143,130,837,143,130,837,1
130,294,957,130,294,957,130,294,957,1
294,125,837,294,125,837,294,125,837,1
125,150,954,125,150,954,125,150,954,1
150,147,821,150,147,821,150,147,821,1
147,123,834,147,123,834,147,123,834,1
123,149,947,123,149,947,123,149,947,1
149,147,814,149,147,814,149,147,814,1
147,126,827,147,126,827,147,126,827,1
126,219,938,126,219,938,126,219,938,1
219,196,833,219,196,833,219,196,833,1
196,297,942,196,297,942,196,297,942,1
297,128,832,297,128,832,297,128,832,1
128,282,949,128,282,949,128,282,949,1
282,125,856,282,125,856,282,125,856,1
125,143,968,125,143,968,125,143,968,1
143,149,841,143,149,841,143,149,841,1
149,129,852,149,129,852,149,129,852,1
129,142,962,129,142,962,129,142,962,1
142,142,833,142,142,833,142,142,833,1
142,125,845,142,125,845,142,125,845,1
125,284,957,125,284,957,125,284,957,1
284,125,856,284,125,856,284,125,856,1
125,298,970,125,298,970,125,298,970,1
298,127,847,298,127,847,298,127,847,1
127,290,949,127,290,949,127,290,949,1
290,129,851,290,129,851,290,129,851,1
129,131,948,129,131,948,129,131,948,1
131,173,841,131,173,841,131,173,841,1
173,124,860,173,124,860,173,124,860,1
124,176,963,124,176,963,124,176,963,1
176,129,838,176,129,838,176,129,838,1
129,126,855,129,126,855,129,126,855,1
126,296,959,126,296,959,126,296,959,1
296,129,844,296,129,844,296,129,844,1
129,161,946,129,161,946,129,161,946,1
161,139,828,161,139,828,161,139,828,1
139,128,832,139,128,832,139,128,832,1
128,281,952,128,281,952,128,281,952,1
281,127,821,281,127,821,281,127,821,1
127,293,942,127,293,942,127,293,942,1
293,126,818,293,126,818,293,126,818,1
126,282,945,126,282,945,126,282,945,1
282,126,820,282,126,820,282,126,820,1
126,223,935,126,223,935,126,223,935,1
223,195,810,223,195,810,223,195,810,1
195,298,940,195,298,940,195,298,940,1
298,124,835,298,124,835,298,124,835,1
124,296,968,124,296,968,124,296,968,1
296,128,853,296,128,853,296,128,853,1
128,156,974,128,156,974,128,156,974,1
156,153,837,156,153,837,156,153,837,1
153,125,861,153,125,861,153,125,861,1
125,302,967,125,302,967,125,302,967,1
302,132,853,302,132,853,302,132,853,1
132,130,964,132,130,964,132,130,964,1
130,176,841,130,176,841,130,176,841,1
176,127,857,176,127,857,176,127,857,1
127,147,973,127,147,973,127,147,973,1
147,164,843,147,164,843,147,164,843,1
164,127,852,164,127,852,164,127,852,1
127,130,973,127,130,973,127,130,973,1
130,161,840,130,161,840,130,161,840,1
161,125,844,161,125,844,161,125,844,1
125,305,972,125,305,972,125,305,972,1
305,128,864,305,128,864,305,128,864,1
128,181,982,128,181,982,128,181,982,1
181,133,849,181,133,849,181,133,849,1
133,121,858,133,121,858,133,121,858,1
121,308,985,121,308,985,121,308,985,1
308,123,865,308,123,865,308,123,865,1
123,166,993,123,166,993,123,166,993,1
166,154,860,166,154,860,166,154,860,1
154,124,873,154,124,873,154,124,873,1
124,301,982,124,301,982,124,301,982,1
301,128,868,301,128,868,301,128,868,1
128,312,977,128,312,977,128,312,977,1
312,126,872,312,126,872,312,126,872,1
126,314,986,126,314,986,126,314,986,1
314,126,856,314,126,856,314,126,856,1
126,298,981,126,298,981,126,298,981,1
298,130,871,298,130,871,298,130,871,1
130,316,972,130,316,972,130,316,972,1
316,130,858,316,130,858,316,130,858,1
130,141,955,130,141,955,130,141,955,1
141,157,837,141,157,837,141,157,837,1
157,127,845,157,127,845,157,127,845,1
127,304,975,127,304,975,127,304,975,1
304,127,859,304,127,859,304,127,859,1
127,290,971,127,290,971,127,290,971,1
290,127,865,290,127,865,290,127,865,1
127,294,971,127,294,971,127,294,971,1
294,127,872,294,127,872,294,127,872,1
127,298,980,127,298,980,127,298,980,1
298,124,866,298,124,866,298,124,866,1
124,293,974,124,293,974,124,293,974,1
293,129,861,293,129,861,293,129,861,1
129,299,974,129,299,974,129,299,974,1
299,131,852,299,131,852,299,131,852,1
131,295,969,131,295,969,131,295,969,1
295,128,862,295,128,862,295,128,862,1
128,312,984,128,312,984,128,312,984,1
312,127,859,312,127,859,312,127,859,1
127,176,960,127,176,960,127,176,960,1
176,134,839,176,134,839,176,134,839,1
134,127,851,134,127,851,134,127,851,1
127,184,969,127,184,969,127,184,969,1
184,136,839,184,136,839,184,136,839,1
136,124,847,136,124,847,136,124,847,1
124,129,964,124,129,964,124,129,964,1
129,186,834,129,186,834,129,186,834,1
186,127,829,186,127,829,186,127,829,1
127,163,936,127,163,936,127,163,936,1
163,143,815,163,143,815,163,143,815,1
143,125,827,143,125,827,143,125,827,1
125,128,931,125,128,931,125,128,931,1
128,183,816,128,183,816,128,183,816,1
183,123,824,183,123,824,183,123,824,1
123,179,930,123,179,930,123,179,930,1
179,132,813,179,132,813,179,132,813,1
132,125,823,132,125,823,132,125,823,1
125,294,928,125,294,928,125,294,928,1
294,124,832,294,124,832,294,124,832,1
124,300,939,124,300,939,124,300,939,1
300,131,825,300,131,825,300,131,825,1
131,126,930,131,126,930,131,126,930,1
126,164,812,126,164,812,126,164,812,1
164,129,819,164,129,819,164,129,819,1
129,305,940,129,305,940,129,305,940,1
305,129,838,305,129,838,305,129,838,1
129,310,944,129,310,944,129,310,944,1
310,130,839,310,130,839,310,130,839,1
130,170,932,130,170,932,130,170,932,1
170,130,828,170,130,828,170,130,828,1
130,125,840,130,125,840,130,125,840,1
125,136,958,125,136,958,125,136,958,1
136,190,817,136,190,817,136,190,817,1
190,126,827,190,126,827,190,126,827,1
126,122,951,126,122,951,126,122,951,1
122,178,822,122,178,822,122,178,822,1
178,125,829,178,125,829,178,125,829,1
125,140,944,125,140,944,125,140,944,1
140,177,821,140,177,821,140,177,821,1
177,125,820,177,125,820,177,125,820,1
125,167,949,125,167,949,125,167,949,1
167,139,813,167,139,813,167,139,813,1
139,125,821,139,125,821,139,125,821,1
125,132,936,125,132,936,125,132,936,1
132,176,812,132,176,812,132,176,812,1
176,125,823,176,125,823,176,125,823,1
125,179,943,125,179,943,125,179,943,1
179,137,807,179,137,807,179,137,807,1
137,127,819,137,127,819,137,127,819,1
127,302,919,127,302,919,127,302,919,1
302,128,805,302,128,805,302,128,805,1
128,304,908,128,304,908,128,304,908,1
304,129,802,304,129,802,304,129,802,1
129,163,909,129,163,909,129,163,909,1
163,152,783,163,152,783,163,152,783,1
152,131,817,152,131,817,152,131,817,1
131,156,920,131,156,920,131,156,920,1
156,138,806,156,138,806,156,138,806,1
138,125,813,138,125,813,138,125,813,1
125,132,940,125,132,940,125,132,940,1
132,171,807,132,171,807,132,171,807,1
171,131,821,171,131,821,171,131,821,1
131,293,932,131,293,932,131,293,932,1
293,128,805,293,128,805,293,128,805,1
128,294,925,128,294,925,128,294,925,1
294,124,809,294,124,809,294,124,809,1
124,307,934,124,307,934,124,307,934,1
307,126,810,307,126,810,307,126,810,1
126,287,937,126,287,937,126,287,937,1
287,131,823,287,131,823,287,131,823,1
131,302,926,131,302,926,131,302,926,1
302,131,830,302,131,830,302,131,830,1
131,287,914,131,287,914,131,287,914,1
287,125,830,287,125,830,287,125,830,1
125,304,938,125,304,938,125,304,938,1
304,130,821,304,130,821,304,130,821,1
130,134,931,130,134,931,130,134,931,1
134,172,805,134,172,805,134,172,805,1
172,124,823,172,124,823,172,124,823,1
124,294,946,124,294,946,124,294,946,1
294,126,834,294,126,834,294,126,834,1
126,135,943,126,135,943,126,135,943,1
135,172,810,135,172,810,135,172,810,1
172,125,824,172,125,824,172,125,824,1
125,295,944,125,295,944,125,295,944,1
295,125,821,295,125,821,295,125,821,1
125,309,944,125,309,944,125,309,944,1
309,124,826,309,124,826,309,124,826,1
124,135,938,124,135,938,124,135,938,1
135,166,792,135,166,792,135,166,792,1
166,126,807,166,126,807,166,126,807,1
126,147,916,126,147,916,126,147,916,1
147,157,801,147,157,801,147,157,801,1
157,126,825,157,126,825,157,126,825,1
126,300,914,126,300,914,126,300,914,1
300,122,815,300,122,815,300,122,815,1
122,123,922,122,123,922,122,123,922,1
123,166,809,123,166,809,123,166,809,1
166,131,827,166,131,827,166,131,827,1
131,227,918,131,227,918,131,227,918,1
227,195,812,227,195,812,227,195,812,1
195,291,928,195,291,928,195,291,928,1
291,130,837,291,130,837,291,130,837,1
130,133,937,130,133,937,130,133,937,1
133,162,824,133,162,824,133,162,824,1
162,125,828,162,125,828,162,125,828,1
125,162,948,125,162,948,125,162,948,1
162,135,812,162,135,812,162,135,812,1
135,133,826,135,133,826,135,133,826,1
133,288,933,133,288,933,133,288,933,1
288,124,837,288,124,837,288,124,837,1
124,167,959,124,167,959,124,167,959,1
167,129,837,167,129,837,167,129,837,1
129,122,845,129,122,845,129,122,845,1
122,293,958,122,293,958,122,293,958,1
293,124,849,293,124,849,293,124,849,1
124,286,951,124,286,951,124,286,951,1
286,126,841,286,126,841,286,126,841,1
126,306,969,126,306,969,126,306,969,1
306,127,830,306,127,830,306,127,830,1
127,291,947,127,291,947,127,291,947,1
291,127,832,291,127,832,291,127,832,1
127,127,940,127,127,940,127,127,940,1
127,175,809,127,175,809,127,175,809,1
175,130,824,175,130,824,175,130,824,1
130,302,939,130,302,939,130,302,939,1
302,129,833,302,129,833,302,129,833,1
129,302,929,129,302,929,129,302,929,1
302,125,828,302,125,828,302,125,828,1
125,301,937,125,301,937,125,301,937,1
301,129,819,301,129,819,301,129,819,1
129,301,938,129,301,938,129,301,938,1
301,127,826,301,127,826,301,127,826,1
127,152,932,127,152,932,127,152,932,1
152,156,812,152,156,812,152,156,812,1
156,127,821,156,127,821,156,127,821,1
127,282,931,127,282,931,127,282,931,1
282,124,826,282,124,826,282,124,826,1
124,139,945,124,139,945,124,139,945,1
139,160,824,139,160,824,139,160,824,1
160,126,847,160,126,847,160,126,847,1
126,159,954,126,159,954,126,159,954,1
159,131,833,159,131,833,159,131,833,1
131,126,842,131,126,842,131,126,842,1
126,287,964,126,287,964,126,287,964,1
287,132,861,287,132,861,287,132,861,1
132,146,956,132,146,956,132,146,956,1
146,149,848,146,149,848,146,149,848,1
149,127,849,149,127,849,149,127,849,1
127,294,961,127,294,961,127,294,961,1
294,128,860,294,128,860,294,128,860,1
128,125,975,128,125,975,128,125,975,1
125,179,846,125,179,846,125,179,846,1
179,125,853,179,125,853,179,125,853,1
125,158,967,125,158,967,125,158,967,1
158,132,836,158,132,836,158,132,836,1
132,129,844,132,129,844,132,129,844,1
129,308,938,129,308,938,129,308,938,1
308,125,836,308,125,836,308,125,836,1
125,296,956,125,296,956,125,296,956,1
296,124,829,296,124,829,296,124,829,1
124,288,956,124,288,956,124,288,956,1
288,125,839,288,125,839,288,125,839,1
125,297,958,125,297,958,125,297,958,1
297,128,827,297,128,827,297,128,827,1
128,147,939,128,147,939,128,147,939,1
147,147,815,147,147,815,147,147,815,1
147,131,835,147,131,835,147,131,835,1
131,305,932,131,305,932,131,305,932,1
305,128,822,305,128,822,305,128,822,1
128,299,945,128,299,945,128,299,945,1
299,130,843,299,130,843,299,130,843,1
130,170,955,130,170,955,130,170,955,1
170,140,839,170,140,839,170,140,839,1
140,126,858,140,126,858,140,126,858,1
126,307,974,126,307,974,126,307,974,1
307,122,840,307,122,840,307,122,840,1
122,295,963,122,295,963,122,295,963,1
295,126,835,295,126,835,295,126,835,1
126,293,953,126,293,953,126,293,953,1
293,127,827,293,127,827,293,127,827,1
127,286,970,127,286,970,127,286,970,1
286,126,856,286,126,856,286,126,856,1
126,154,969,126,154,969,126,154,969,1
154,136,838,154,136,838,154,136,838,1
136,127,844,136,127,844,136,127,844,1
127,284,963,127,284,963,127,284,963,1
284,134,847,284,134,847,284,134,847,1
134,282,956,134,282,956,134,282,956,1
282,127,849,282,127,849,282,127,849,1
127,151,968,127,151,968,127,151,968,1
151,143,836,151,143,836,151,143,836,1
143,124,841,143,124,841,143,124,841,1
124,300,974,124,300,974,124,300,974,1
300,125,859,300,125,859,300,125,859,1
125,125,987,125,125,987,125,125,987,1
125,180,849,125,180,849,125,180,849,1
180,129,848,180,129,848,180,129,848,1
129,302,976,129,302,976,129,302,976,1
302,126,857,302,126,857,302,126,857,1
126,145,986,126,145,986,126,145,986,1
145,157,858,145,157,858,145,157,858,1
157,127,859,157,127,859,157,127,859,1
127,130,962,127,130,962,127,130,962,1
130,168,839,130,168,839,130,168,839,1
168,129,855,168,129,855,168,129,855,1
129,176,984,129,176,984,129,176,984,1
176,139,845,176,139,845,176,139,845,1
139,126,865,139,126,865,139,126,865,1
126,303,974,126,303,974,126,303,974,1
303,129,863,303,129,863,303,129,863,1
129,315,973,129,315,973,129,315,973,1
315,127,866,315,127,866,315,127,866,1
127,171,969,127,171,969,127,171,969,1
171,143,841,171,143,841,171,143,841,1
143,129,864,143,129,864,143,129,864,1
129,318,959,129,318,959,129,318,959,1
318,127,865,318,127,865,318,127,865,1
127,130,962,127,130,962,127,130,962,1
130,186,834,130,186,834,130,186,834,1
186,123,848,186,123,848,186,123,848,1
123,321,971,123,321,971,123,321,971,1
321,122,859,321,122,859,321,122,859,1
122,155,983,122,155,983,122,155,983,1
155,163,842,155,163,842,155,163,842,1
163,124,849,163,124,849,163,124,849,1
124,126,968,124,126,968,124,126,968,1
126,177,836,126,177,836,126,177,836,1
177,126,867,177,126,867,177,126,867,1
126,309,958,126,309,958,126,309,958,1
309,126,865,309,126,865,309,126,865,1
126,304,973,126,304,973,126,304,973,1
304,128,880,304,128,880,304,128,880,1
128,307,982,128,307,982,128,307,982,1
307,126,858,307,126,858,307,126,858,1
126,300,975,126,300,975,126,300,975,1
300,132,858,300,132,858,300,132,858,1
132,162,970,132,162,970,132,162,970,1
162,138,836,162,138,836,162,138,836,1
138,131,851,138,131,851,138,131,851,1
131,293,960,131,293,960,131,293,960,1
293,128,838,293,128,838,293,128,838,1
128,290,956,128,290,956,128,290,956,1
290,129,854,290,129,854,290,129,854,1
129,294,951,129,294,951,129,294,951,1
294,127,850,294,127,850,294,127,850,1
127,144,965,127,144,965,127,144,965,1
144,156,826,144,156,826,144,156,826,1
156,125,839,156,125,839,156,125,839,1
125,281,951,125,281,951,125,281,951,1
281,125,826,281,125,826,281,125,826,1
125,137,954,125,137,954,125,137,954,1
137,159,811,137,159,811,137,159,811,1
159,131,834,159,131,834,159,131,834,1
131,129,940,131,129,940,131,129,940,1
129,144,811,129,144,811,129,144,811,1
144,128,817,144,128,817,144,128,817,1
128,286,949,128,286,949,128,286,949,1
286,130,828,286,130,828,286,130,828,1
130,282,933,130,282,933,130,282,933,1
282,126,830,282,126,830,282,126,830,1
126,284,939,126,284,939,126,284,939,1
284,127,829,284,127,829,284,127,829,1
127,299,957,127,299,957,127,299,957,1
299,123,833,299,123,833,299,123,833,1
123,287,956,123,287,956,123,287,956,1
287,126,845,287,126,845,287,126,845,1
126,231,954,126,231,954,126,231,954,1
231,196,832,231,196,832,231,196,832,1
196,297,963,196,297,963,196,297,963,1
297,132,820,297,132,820,297,132,820,1
132,281,938,132,281,938,132,281,938,1
281,129,840,281,129,840,281,129,840,1
129,298,969,129,298,969,129,298,969,1
298,125,834,298,125,834,298,125,834,1
125,136,970,125,136,970,125,136,970,1
136,159,819,136,159,819,136,159,819,1
159,125,839,159,125,839,159,125,839,1
125,161,982,125,161,982,125,161,982,1
161,143,825,161,143,825,161,143,825,1
143,127,825,143,127,825,143,127,825,1
127,290,954,127,290,954,127,290,954,1
290,122,819,290,122,819,290,122,819,1
122,313,946,122,313,946,122,313,946,1
313,126,821,313,126,821,313,126,821,1
126,168,946,126,168,946,126,168,946,1
168,131,814,168,131,814,168,131,814,1
131,123,816,131,123,816,131,123,816,1
123,136,930,123,136,930,123,136,930,1
136,151,793,136,151,793,136,151,793,1
151,131,812,151,131,812,151,131,812,1
131,295,914,131,295,914,131,295,914,1
295,126,792,295,126,792,295,126,792,1
126,163,910,126,163,910,126,163,910,1
163,134,771,163,134,771,163,134,771,1
134,133,800,134,133,800,134,133,800,1
133,302,902,133,302,902,133,302,902,1
302,124,809,302,124,809,302,124,809,1
124,134,935,124,134,935,124,134,935,1
134,167,790,134,167,790,134,167,790,1
167,129,811,167,129,811,167,129,811,1
129,160,930,129,160,930,129,160,930,1
160,148,804,160,148,804,160,148,804,1
148,124,818,148,124,818,148,124,818,1
124,299,941,124,299,941,124,299,941,1
299,122,809,299,122,809,299,122,809,1
122,172,946,122,172,946,122,172,946,1
172,142,807,172,142,807,172,142,807,1
142,125,828,142,125,828,142,125,828,1
125,171,942,125,171,942,125,171,942,1
171,136,819,171,136,819,171,136,819,1
136,128,823,136,128,823,136,128,823,1
128,161,945,128,161,945,128,161,945,1
161,141,815,161,141,815,161,141,815,1
141,127,833,141,127,833,141,127,833,1
127,172,934,127,172,934,127,172,934,1
172,132,818,172,132,818,172,132,818,1
132,128,825,132,128,825,132,128,825,1
128,136,937,128,136,937,128,136,937,1
136,168,820,136,168,820,136,168,820,1
168,131,842,168,131,842,168,131,842,1
131,304,945,131,304,945,131,304,945,1
304,130,859,304,130,859,304,130,859,1
130,300,967,130,300,967,130,300,967,1
300,129,859,300,129,859,300,129,859,1
129,295,974,129,295,974,129,295,974,1
295,127,857,295,127,857,295,127,857,1
127,303,983,127,303,983,127,303,983,1
303,129,845,303,129,845,303,129,845,1
129,157,959,129,157,959,129,157,959,1
157,137,829,157,137,829,157,137,829,1
137,127,829,137,127,829,137,127,829,1
127,149,956,127,149,956,127,149,956,1
149,149,829,149,149,829,149,149,829,1
149,124,845,149,124,845,149,124,845,1
124,300,961,124,300,961,124,300,961,1
300,126,828,300,126,828,300,126,828,1
126,227,936,126,227,936,126,227,936,1
227,188,815,227,188,815,227,188,815,1
188,148,948,188,148,948,188,148,948,1
148,143,806,148,143,806,148,143,806,1
143,127,813,143,127,813,143,127,813,1
127,295,937,127,295,937,127,295,937,1
295,126,825,295,126,825,295,126,825,1
126,291,952,126,291,952,126,291,952,1
291,129,825,291,129,825,291,129,825,1
129,282,949,129,282,949,129,282,949,1
282,126,820,282,126,820,282,126,820,1
126,288,950,126,288,950,126,288,950,1
288,129,837,288,129,837,288,129,837,1
129,290,949,129,290,949,129,290,949,1
290,122,844,290,122,844,290,122,844,1
122,294,972,122,294,972,122,294,972,1
294,124,840,294,124,840,294,124,840,1
124,121,972,124,121,972,124,121,972,1
121,178,846,121,178,846,121,178,846,1
178,123,845,178,123,845,178,123,845,1
123,294,975,123,294,975,123,294,975,1
294,125,849,294,125,849,294,125,849,1
125,246,979,125,246,979,125,246,979,1
246,197,845,246,197,845,246,197,845,1
197,225,957,197,225,957,197,225,957,1
225,195,828,225,195,828,225,195,828,1
195,237,947,195,237,947,195,237,947,1
237,199,829,237,199,829,237,199,829,1
199,155,962,199,155,962,199,155,962,1
155,155,827,155,155,827,155,155,827,1
155,129,829,155,129,829,155,129,829,1
129,137,948,129,137,948,129,137,948,1
137,168,823,137,168,823,137,168,823,1
168,128,833,168,128,833,168,128,833,1
128,307,948,128,307,948,128,307,948,1
307,128,815,307,128,815,307,128,815,1
128,226,933,128,226,933,128,226,933,1
226,195,813,226,195,813,226,195,813,1
195,149,951,195,149,951,195,149,951,1
149,156,812,149,156,812,149,156,812,1
156,125,814,156,125,814,156,125,814,1
125,306,947,125,306,947,125,306,947,1
306,126,815,306,126,815,306,126,815,1
126,128,941,126,128,941,126,128,941,1
128,182,813,128,182,813,128,182,813,1
182,126,828,182,126,828,182,126,828,1
126,318,956,126,318,956,126,318,956,1
318,125,823,318,125,823,318,125,823,1
125,300,954,125,300,954,125,300,954,1
300,131,835,300,131,835,300,131,835,1
131,150,950,131,150,950,131,150,950,1
150,159,816,150,159,816,150,159,816,1
159,125,826,159,125,826,159,125,826,1
125,309,963,125,309,963,125,309,963,1
309,131,852,309,131,852,309,131,852,1
131,176,950,131,176,950,131,176,950,1
176,140,824,176,140,824,176,140,824,1
140,126,843,140,126,843,140,126,843,1
126,150,956,126,150,956,126,150,956,1
150,158,829,150,158,829,150,158,829,1
158,129,846,158,129,846,158,129,846,1
129,145,967,129,145,967,129,145,967,1
145,161,842,145,161,842,145,161,842,1
161,126,851,161,126,851,161,126,851,1
126,150,974,126,150,974,126,150,974,1
150,154,833,150,154,833,150,154,833,1
154,123,846,154,123,846,154,123,846,1
123,297,962,123,297,962,123,297,962,1
297,127,843,297,127,843,297,127,843,1
127,170,963,127,170,963,127,170,963,1
170,132,830,170,132,830,170,132,830,1
132,130,841,132,130,841,132,130,841,1
130,296,947,130,296,947,130,296,947,1
296,128,828,296,128,828,296,128,828,1
128,295,959,128,295,959,128,295,959,1
295,125,844,295,125,844,295,125,844,1
125,310,974,125,310,974,125,310,974,1
310,130,848,310,130,848,310,130,848,1
130,295,952,130,295,952,130,295,952,1
295,129,841,295,129,841,295,129,841,1
129,302,966,129,302,966,129,302,966,1
302,128,831,302,128,831,302,128,831,1
128,126,962,128,126,962,128,126,962,1
126,170,827,126,170,827,126,170,827,1
170,127,832,170,127,832,170,127,832,1
127,305,964,127,305,964,127,305,964,1
305,127,844,305,127,844,305,127,844,1
127,136,984,127,136,984,127,136,984,1
136,171,836,136,171,836,136,171,836,1
171,125,847,171,125,847,171,125,847,1
125,292,978,125,292,978,125,292,978,1
292,125,859,292,125,859,292,125,859,1
125,163,984,125,163,984,125,163,984,1
163,143,851,163,143,851,163,143,851,1
143,129,862,143,129,862,143,129,862,1
129,125,979,129,125,979,129,125,979,1
125,166,844,125,166,844,125,166,844,1
166,128,864,166,128,864,166,128,864,1
128,149,979,128,149,979,128,149,979,1
149,146,841,149,146,841,149,146,841,1
146,129,850,146,129,850,146,129,850,1
129,164,970,129,164,970,129,164,970,1
164,132,838,164,132,838,164,132,838,1
132,129,848,132,129,848,132,129,848,1
129,297,963,129,297,963,129,297,963,1
297,129,849,297,129,849,297,129,849,1
129,309,980,129,309,980,129,309,980,1
309,123,851,309,123,851,309,123,851,1
123,154,966,123,154,966,123,154,966,1
154,135,828,154,135,828,154,135,828,1
135,128,842,135,128,842,135,128,842,1
128,312,955,128,312,955,128,312,955,1
312,128,836,312,128,836,312,128,836,1
128,291,941,128,291,941,128,291,941,1
291,123,828,291,123,828,291,123,828,1
123,296,954,123,296,954,123,296,954,1
296,125,839,296,125,839,296,125,839,1
125,305,969,125,305,969,125,305,969,1
305,127,833,305,127,833,305,127,833,1
127,305,960,127,305,960,127,305,960,1
305,128,854,305,128,854,305,128,854,1
128,167,970,128,167,970,128,167,970,1
167,139,838,167,139,838,167,139,838,1
139,125,845,139,125,845,139,125,845,1
125,156,967,125,156,967,125,156,967,1
156,142,841,156,142,841,156,142,841,1
142,132,860,142,132,860,142,132,860,1
132,139,970,132,139,970,132,139,970,1
139,165,854,139,165,854,139,165,854,1
165,128,868,165,128,868,165,128,868,1
128,175,986,128,175,986,128,175,986,1
175,139,853,175,139,853,175,139,853,1
139,124,862,139,124,862,139,124,862,1
124,294,971,124,294,971,124,294,971,1
294,130,861,294,130,861,294,130,861,1
130,298,963,130,298,963,130,298,963,1
298,128,843,298,128,843,298,128,843,1
128,135,965,128,135,965,128,135,965,1
135,167,831,135,167,831,135,167,831,1
167,126,849,167,126,849,167,126,849,1
126,296,956,126,296,956,126,296,956,1
296,126,849,296,126,849,296,126,849,1
126,305,961,126,305,961,126,305,961,1
305,130,826,305,130,826,305,130,826,1
130,300,944,130,300,944,130,300,944,1
300,128,839,300,128,839,300,128,839,1
128,165,942,128,165,942,128,165,942,1
165,139,812,165,139,812,165,139,812,1
139,130,831,139,130,831,139,130,831,1
130,179,945,130,179,945,130,179,945,1
179,128,812,179,128,812,179,128,812,1
128,128,811,128,128,811,128,128,811,1
128,221,947,128,221,947,128,221,947,1
221,197,817,221,197,817,221,197,817,1
197,291,945,197,291,945,197,291,945,1
291,126,805,291,126,805,291,126,805,1
126,265,919,126,265,919,126,265,919,1
265,125,810,265,125,810,265,125,810,1
125,279,949,125,279,949,125,279,949,1
279,125,821,279,125,821,279,125,821,1
125,266,963,125,266,963,125,266,963,1
266,126,841,266,126,841,266,126,841,1
126,267,963,126,267,963,126,267,963,1
267,127,858,267,127,858,267,127,858,1
127,275,981,127,275,981,127,275,981,1
275,123,856,275,123,856,275,123,856,1
123,274,974,123,274,974,123,274,974,1
274,129,840,274,129,840,274,129,840,1
129,130,970,129,130,970,129,130,970,1
130,156,832,130,156,832,130,156,832,1
156,122,840,156,122,840,156,122,840,1
122,276,982,122,276,982,122,276,982,1
276,128,853,276,128,853,276,128,853,1
128,298,978,128,298,978,128,298,978,1
298,127,846,298,127,846,298,127,846,1
127,295,979,127,295,979,127,295,979,1
295,124,834,295,124,834,295,124,834,1
124,300,966,124,300,966,124,300,966,1
300,127,857,300,127,857,300,127,857,1
127,299,950,127,299,950,127,299,950,1
299,126,818,299,126,818,299,126,818,1
126,297,950,126,297,950,126,297,950,1
297,126,825,297,126,825,297,126,825,1
126,153,944,126,153,944,126,153,944,1
153,152,810,153,152,810,153,152,810,1
152,126,811,152,126,811,152,126,811,1
126,291,931,126,291,931,126,291,931,1
291,127,800,291,127,800,291,127,800,1
127,174,920,127,174,920,127,174,920,1
174,134,781,174,134,781,174,134,781,1
134,125,793,134,125,793,134,125,793,1
125,162,916,125,162,916,125,162,916,1
162,137,782,162,137,782,162,137,782,1
137,121,811,137,121,811,137,121,811,1
121,305,932,121,305,932,121,305,932,1
305,127,819,305,127,819,305,127,819,1
127,151,932,127,151,932,127,151,932,1
151,146,801,151,146,801,151,146,801,1
146,125,816,146,125,816,146,125,816,1
125,233,942,125,233,942,125,233,942,1
233,198,814,233,198,814,233,198,814,1
198,295,936,198,295,936,198,295,936,1
295,126,812,295,126,812,295,126,812,1
126,287,934,126,287,934,126,287,934,1
287,132,846,287,132,846,287,132,846,1
132,295,954,132,295,954,132,295,954,1
295,129,830,295,129,830,295,129,830,1
129,281,939,129,281,939,129,281,939,1
281,124,844,281,124,844,281,124,844,1
124,143,965,124,143,965,124,143,965,1
143,157,838,143,157,838,143,157,838,1
157,128,835,157,128,835,157,128,835,1
128,152,941,128,152,941,128,152,941,1
152,136,814,152,136,814,152,136,814,1
136,125,838,136,125,838,136,125,838,1
125,315,954,125,315,954,125,315,954,1
315,125,835,315,125,835,315,125,835,1
125,171,952,125,171,952,125,171,952,1
171,130,823,171,130,823,171,130,823,1
130,125,829,130,125,829,130,125,829,1
125,154,954,125,154,954,125,154,954,1
154,156,814,154,156,814,154,156,814,1
156,130,829,156,130,829,156,130,829,1
130,180,941,130,180,941,130,180,941,1
180,129,815,180,129,815,180,129,815,1
129,126,812,129,126,812,129,126,812,1
126,140,944,126,140,944,126,140,944,1
140,152,800,140,152,800,140,152,800,1
152,130,810,152,130,810,152,130,810,1
130,171,929,130,171,929,130,171,929,1
171,134,804,171,134,804,171,134,804,1
134,125,821,134,125,821,134,125,821,1
125,307,940,125,307,940,125,307,940,1
307,126,816,307,126,816,307,126,816,1
126,142,950,126,142,950,126,142,950,1
142,159,816,142,159,816,142,159,816,1
159,128,828,159,128,828,159,128,828,1
128,300,945,128,300,945,128,300,945,1
300,125,826,300,125,826,300,125,826,1
125,141,953,125,141,953,125,141,953,1
141,159,816,141,159,816,141,159,816,1
159,127,822,159,127,822,159,127,822,1
127,129,944,127,129,944,127,129,944,1
129,180,811,129,180,811,129,180,811,1
180,124,812,180,124,812,180,124,812,1
124,296,950,124,296,950,124,296,950,1
296,124,819,296,124,819,296,124,819,1
124,307,944,124,307,944,124,307,944,1
307,127,821,307,127,821,307,127,821,1
127,302,951,127,302,951,127,302,951,1
302,130,858,302,130,858,302,130,858,1
130,156,975,130,156,975,130,156,975,1
156,141,871,156,141,871,156,141,871,1
141,124,886,141,124,886,141,124,886,1
124,302,1000,124,302,1000,124,302,1000,1
302,130,859,302,130,859,302,130,859,1
130,296,971,130,296,971,130,296,971,1
296,130,842,296,130,842,296,130,842,1
130,137,956,130,137,956,130,137,956,1
137,164,845,137,164,845,137,164,845,1
164,126,839,164,126,839,164,126,839,1
126,297,961,126,297,961,126,297,961,1
297,123,834,297,123,834,297,123,834,1
123,301,947,123,301,947,123,301,947,1
301,128,831,301,128,831,301,128,831,1
128,305,925,128,305,925,128,305,925,1
305,125,816,305,125,816,305,125,816,1
125,137,912,125,137,912,125,137,912,1
137,162,801,137,162,801,137,162,801,1
162,125,804,162,125,804,162,125,804,1
125,315,937,125,315,937,125,315,937,1
315,128,817,315,128,817,315,128,817,1
128,295,928,128,295,928,128,295,928,1
295,128,811,295,128,811,295,128,811,1
128,311,941,128,311,941,128,311,941,1
311,131,831,311,131,831,311,131,831,1
131,286,937,131,286,937,131,286,937,1
286,125,838,286,125,838,286,125,838,1
125,302,954,125,302,954,125,302,954,1
302,129,842,302,129,842,302,129,842,1
129,289,952,129,289,952,129,289,952,1
289,126,842,289,126,842,289,126,842,1
126,289,946,126,289,946,126,289,946,1
289,125,827,289,125,827,289,125,827,1
125,305,957,125,305,957,125,305,957,1
305,126,821,305,126,821,305,126,821,1
126,287,946,126,287,946,126,287,946,1
287,123,852,287,123,852,287,123,852,1
123,136,968,123,136,968,123,136,968,1
136,159,825,136,159,825,136,159,825,1
159,129,836,159,129,836,159,129,836,1
129,150,954,129,150,954,129,150,954,1
150,133,824,150,133,824,150,133,824,1
133,130,828,133,130,828,133,130,828,1
130,273,942,130,273,942,130,273,942,1
273,128,831,273,128,831,273,128,831,1
128,276,968,128,276,968,128,276,968,1
276,127,831,276,127,831,276,127,831,1
127,126,957,127,126,957,127,126,957,1
126,132,828,126,132,828,126,132,828,1
132,123,827,132,123,827,132,123,827,1
123,180,968,123,180,968,123,180,968,1
180,216,821,180,216,821,180,216,821,1
216,167,921,216,167,921,216,167,921,1
167,188,824,167,188,824,167,188,824,1
188,233,1042,188,233,1042,188,233,1042,1
233,125,974,233,125,974,233,125,974,1
125,232,1107,125,232,1107,125,232,1107,1
232,124,1017,232,124,1017,232,124,1017,1
124,219,1153,124,219,1153,124,219,1153,1
219,122,687,219,122,687,219,122,687,1
122,216,641,122,216,641,122,216,641,1
216,127,536,216,127,536,216,127,536,1
127,143,733,127,143,733,127,143,733,1
143,189,644,143,189,644,143,189,644,1
189,208,850,189,208,850,189,208,850,1
208,333,735,208,333,735,208,333,735,1
333,130,632,333,130,632,333,130,632,1
130,176,702,130,176,702,130,176,702,1
176,121,730,176,121,730,176,121,730,1
121,216,892,121,216,892,121,216,892,1
216,233,820,216,233,820,216,233,820,1
233,128,755,233,128,755,233,128,755,1
128,213,893,128,213,893,128,213,893,1
213,122,862,213,122,862,213,122,862,1
122,216,977,122,216,977,122,216,977,1
216,124,932,216,124,932,216,124,932,1
124,221,1044,124,221,1044,124,221,1044,1
221,126,981,221,126,981,221,126,981,1
126,219,1081,126,219,1081,126,219,1081,1
219,123,992,219,123,992,219,123,992,1
123,224,1082,123,224,1082,123,224,1082,1
224,357,982,224,357,982,224,357,982,1
357,124,948,357,124,948,357,124,948,1
124,238,1016,124,238,1016,124,238,1016,1
238,128,914,238,128,914,238,128,914,1
128,235,991,128,235,991,128,235,991,1
235,124,886,235,124,886,235,124,886,1
124,136,955,124,136,955,124,136,955,1
136,241,857,136,241,857,136,241,857,1
241,266,946,241,266,946,241,266,946,1
266,127,834,266,127,834,266,127,834,1
127,273,918,127,273,918,127,273,918,1
273,127,836,273,127,836,273,127,836,1
127,283,931,127,283,931,127,283,931,1
283,125,831,283,125,831,283,125,831,1
125,144,923,125,144,923,125,144,923,1
144,146,822,144,146,822,144,146,822,1
146,130,833,146,130,833,146,130,833,1
130,304,912,130,304,912,130,304,912,1
304,127,822,304,127,822,304,127,822,1
127,302,907,127,302,907,127,302,907,1
302,122,827,302,122,827,302,122,827,1
122,128,906,122,128,906,122,128,906,1
128,187,818,128,187,818,128,187,818,1
187,125,825,187,125,825,187,125,825,1
125,300,906,125,300,906,125,300,906,1
300,123,833,300,123,833,300,123,833,1
123,246,922,123,246,922,123,246,922,1
246,193,832,246,193,832,246,193,832,1
193,289,907,193,289,907,193,289,907,1
289,124,834,289,124,834,289,124,834,1
124,138,917,124,138,917,124,138,917,1
138,168,818,138,168,818,138,168,818,1
168,127,824,168,127,824,168,127,824,1
127,147,909,127,147,909,127,147,909,1
147,155,802,147,155,802,147,155,802,1
155,127,813,155,127,813,155,127,813,1
127,290,884,127,290,884,127,290,884,1
290,129,841,290,129,841,290,129,841,1
129,282,941,129,282,941,129,282,941,1
282,126,897,282,126,897,282,126,897,1
126,129,1009,126,129,1009,126,129,1009,1
129,140,910,129,140,910,129,140,910,1
140,128,915,140,128,915,140,128,915,1
128,276,1001,128,276,1001,128,276,1001,1
276,121,915,276,121,915,276,121,915,1
121,245,1036,121,245,1036,121,245,1036,1
245,199,971,245,199,971,245,199,971,1
199,180,959,199,180,959,199,180,959,1
180,126,959,180,126,959,180,126,959,1
126,251,1033,126,251,1033,126,251,1033,1
251,126,915,251,126,915,251,126,915,1
126,239,1019,126,239,1019,126,239,1019,1
