216,216,794,216,216,794,216,216,794,-1
216,305,950,216,305,950,216,305,950,-1
305,306,953,305,306,953,305,306,953,-1
306,225,986,306,225,986,306,225,986,-1
225,180,834,225,180,834,225,180,834,-1
180,203,774,180,203,774,180,203,774,-1
203,292,972,203,292,972,203,292,972,-1
292,296,992,292,296,992,292,296,992,-1
296,300,996,296,300,996,296,300,996,-1
300,291,986,300,291,986,300,291,986,-1
291,286,975,291,286,975,291,286,975,-1
286,184,907,286,184,907,286,184,907,-1
184,127,816,184,127,816,184,127,816,-1
127,311,907,127,311,907,127,311,907,-1
311,304,922,311,304,922,311,304,922,-1
304,303,947,304,303,947,304,303,947,-1
303,298,941,303,298,941,303,298,941,-1
298,304,1004,298,304,1004,298,304,1004,-1
304,287,1014,304,287,1014,304,287,1014,-1
287,293,966,287,293,966,287,293,966,-1
293,299,943,293,299,943,293,299,943,-1
299,295,960,299,295,960,299,295,960,-1
295,294,945,295,294,945,295,294,945,-1
294,293,912,294,293,912,294,293,912,-1
293,284,911,293,284,911,293,284,911,-1
284,286,943,284,286,943,284,286,943,-1
286,291,952,286,291,952,286,291,952,-1
291,288,949,291,288,949,291,288,949,-1
288,288,981,288,288,981,288,288,981,-1
288,296,977,288,296,977,288,296,977,-1
296,287,967,296,287,967,296,287,967,-1
287,302,990,287,302,990,287,302,990,-1
302,299,1002,302,299,1002,302,299,1002,-1
299,299,991,299,299,991,299,299,991,-1
299,310,985,299,310,985,299,310,985,-1
310,303,998,310,303,998,310,303,998,-1
303,302,989,303,302,989,303,302,989,-1
302,310,1004,302,310,1004,302,310,1004,-1
310,244,1024,310,244,1024,310,244,1024,-1
244,349,1174,244,349,1174,244,349,1174,-1
349,305,1004,349,305,1004,349,305,1004,-1
305,304,1009,305,304,1009,305,304,1009,-1
304,302,1021,304,302,1021,304,302,1021,-1
302,301,994,302,301,994,302,301,994,-1
301,304,1003,301,304,1003,301,304,1003,-1
304,301,999,304,301,999,304,301,999,-1
301,297,1023,301,297,1023,301,297,1023,-1
297,293,984,297,293,984,297,293,984,-1
293,281,1012,293,281,1012,293,281,1012,-1
281,288,1027,281,288,1027,281,288,1027,-1
288,279,1056,288,279,1056,288,279,1056,-1
279,278,928,279,278,928,279,278,928,-1
278,215,904,278,215,904,278,215,904,-1
215,179,824,215,179,824,215,179,824,-1
179,187,741,179,187,741,179,187,741,-1
187,292,984,187,292,984,187,292,984,-1
292,301,990,292,301,990,292,301,990,-1
301,303,1001,301,303,1001,301,303,1001,-1
303,308,1005,303,308,1005,303,308,1005,-1
308,305,1038,308,305,1038,308,305,1038,-1
305,308,1029,305,308,1029,305,308,1029,-1
308,309,1034,308,309,1034,308,309,1034,-1
309,311,1016,309,311,1016,309,311,1016,-1
311,309,1062,311,309,1062,311,309,1062,-1
309,306,1027,309,306,1027,309,306,1027,-1
306,306,1012,306,306,1012,306,306,1012,-1
306,302,1022,306,302,1022,306,302,1022,-1
302,302,1006,302,302,1006,302,302,1006,-1
302,302,993,302,302,993,302,302,993,-1
302,295,998,302,295,998,302,295,998,-1
295,305,958,295,305,958,295,305,958,-1
305,294,974,305,294,974,305,294,974,-1
294,303,986,294,303,986,294,303,986,-1
303,309,1008,303,309,1008,303,309,1008,-1
309,299,1029,309,299,1029,309,299,1029,-1
299,303,1016,299,303,1016,299,303,1016,-1
303,307,1047,303,307,1047,303,307,1047,-1
307,299,1014,307,299,1014,307,299,1014,-1
299,302,1025,299,302,1025,299,302,1025,-1
302,301,1011,302,301,1011,302,301,1011,-1
301,295,1037,301,295,1037,301,295,1037,-1
295,294,1018,295,294,1018,295,294,1018,-1
294,302,984,294,302,984,294,302,984,-1
302,304,994,302,304,994,302,304,994,-1
304,293,1018,304,293,1018,304,293,1018,-1
293,297,969,293,297,969,293,297,969,-1
297,307,958,297,307,958,297,307,958,-1
307,304,979,307,304,979,307,304,979,-1
304,301,983,304,301,983,304,301,983,-1
301,304,1009,301,304,1009,301,304,1009,-1
304,297,1023,304,297,1023,304,297,1023,-1
297,298,1010,297,298,1010,297,298,1010,-1
298,302,995,298,302,995,298,302,995,-1
302,302,992,302,302,992,302,302,992,-1
302,298,985,302,298,985,302,298,985,-1
298,297,1022,298,297,1022,298,297,1022,-1
297,304,1012,297,304,1012,297,304,1012,-1
304,293,990,304,293,990,304,293,990,-1
293,298,1036,293,298,1036,293,298,1036,-1
298,292,1034,298,292,1034,298,292,1034,-1
292,290,1001,292,290,1001,292,290,1001,-1
290,299,1001,290,299,1001,290,299,1001,-1
299,297,1015,299,297,1015,299,297,1015,-1
297,295,989,297,295,989,297,295,989,-1
295,297,995,295,297,995,295,297,995,-1
297,293,1040,297,293,1040,297,293,1040,-1
293,290,1030,293,290,1030,293,290,1030,-1
290,291,1011,290,291,1011,290,291,1011,-1
291,293,1016,291,293,1016,291,293,1016,-1
293,282,1048,293,282,1048,293,282,1048,-1
282,285,1010,282,285,1010,282,285,1010,-1
285,289,998,285,289,998,285,289,998,-1
289,289,1001,289,289,1001,289,289,1001,-1
289,291,1008,289,291,1008,289,291,1008,-1
291,288,979,291,288,979,291,288,979,-1
288,228,970,288,228,970,288,228,970,-1
228,326,1014,228,326,1014,228,326,1014,-1
326,308,1003,326,308,1003,326,308,1003,-1
308,288,975,308,288,975,308,288,975,-1
288,286,993,288,286,993,288,286,993,-1
286,286,1030,286,286,1030,286,286,1030,-1
286,235,1004,286,235,1004,286,235,1004,-1
235,315,1038,235,315,1038,235,315,1038,-1
315,292,1018,315,292,1018,315,292,1018,-1
292,285,1009,292,285,1009,292,285,1009,-1
285,285,1018,285,285,1018,285,285,1018,-1
285,202,1034,285,202,1034,285,202,1034,-1
202,181,910,202,181,910,202,181,910,-1
181,186,830,181,186,830,181,186,830,-1
186,288,1022,186,288,1022,186,288,1022,-1
288,286,1039,288,286,1039,288,286,1039,-1
286,225,1020,286,225,1020,286,225,1020,-1
225,330,1039,225,330,1039,225,330,1039,-1
330,233,1036,330,233,1036,330,233,1036,-1
233,357,1220,233,357,1220,233,357,1220,-1
357,296,1051,357,296,1051,357,296,1051,-1
296,282,999,296,282,999,296,282,999,-1
282,284,975,282,284,975,282,284,975,-1
284,197,992,284,197,992,284,197,992,-1
197,185,880,197,185,880,197,185,880,-1
185,190,790,185,190,790,185,190,790,-1
190,236,1003,190,236,1003,190,236,1003,-1
236,229,1027,236,229,1027,236,229,1027,-1
229,172,898,229,172,898,229,172,898,-1
172,204,820,172,204,820,172,204,820,-1
204,287,1036,204,287,1036,204,287,1036,-1
287,295,1042,287,295,1042,287,295,1042,-1
295,290,1043,295,290,1043,295,290,1043,-1
290,289,1039,290,289,1039,290,289,1039,-1
289,296,1054,289,296,1054,289,296,1054,-1
296,293,1046,296,293,1046,296,293,1046,-1
293,299,1039,293,299,1039,293,299,1039,-1
299,299,1020,299,299,1020,299,299,1020,-1
299,292,1057,299,292,1057,299,292,1057,-1
292,296,1018,292,296,1018,292,296,1018,-1
296,288,1049,296,288,1049,296,288,1049,-1
288,293,978,288,293,978,288,293,978,-1
293,293,1002,293,293,1002,293,293,1002,-1
293,295,1015,293,295,1015,293,295,1015,-1
295,292,1010,295,292,1010,295,292,1010,-1
292,288,1016,292,288,1016,292,288,1016,-1
288,301,1026,288,301,1026,288,301,1026,-1
301,294,1014,301,294,1014,301,294,1014,-1
294,289,992,294,289,992,294,289,992,-1
289,219,1025,289,219,1025,289,219,1025,-1
219,177,893,219,177,893,219,177,893,-1
177,194,836,177,194,836,177,194,836,-1
194,284,1033,194,284,1033,194,284,1033,-1
284,293,1010,284,293,1010,284,293,1010,-1
293,286,987,293,286,987,293,286,987,-1
286,282,1003,286,282,1003,286,282,1003,-1
282,284,1027,282,284,1027,282,284,1027,-1
284,297,1018,284,297,1018,284,297,1018,-1
297,286,1027,297,286,1027,297,286,1027,-1
286,293,1022,286,293,1022,286,293,1022,-1
293,291,1037,293,291,1037,293,291,1037,-1
291,298,1033,291,298,1033,291,298,1033,-1
298,297,1058,298,297,1058,298,297,1058,-1
297,301,1035,297,301,1035,297,301,1035,-1
301,304,1035,301,304,1035,301,304,1035,-1
304,300,1040,304,300,1040,304,300,1040,-1
300,304,1072,300,304,1072,300,304,1072,-1
304,305,1103,304,305,1103,304,305,1103,-1
305,303,1087,305,303,1087,305,303,1087,-1
303,298,1092,303,298,1092,303,298,1092,-1
298,305,1080,298,305,1080,298,305,1080,-1
305,305,1061,305,305,1061,305,305,1061,-1
305,303,1067,305,303,1067,305,303,1067,-1
303,307,1084,303,307,1084,303,307,1084,-1
307,307,1073,307,307,1073,307,307,1073,-1
307,304,1058,307,304,1058,307,304,1058,-1
304,307,1068,304,307,1068,304,307,1068,-1
307,307,1054,307,307,1054,307,307,1054,-1
307,301,1043,307,301,1043,307,301,1043,-1
301,303,1049,301,303,1049,301,303,1049,-1
303,311,1053,303,311,1053,303,311,1053,-1
311,301,1090,311,301,1090,311,301,1090,-1
301,303,1094,301,303,1094,301,303,1094,-1
303,309,1091,303,309,1091,303,309,1091,-1
309,295,1079,309,295,1079,309,295,1079,-1
295,301,1043,295,301,1043,295,301,1043,-1
301,299,1080,301,299,1080,301,299,1080,-1
299,292,1045,299,292,1045,299,292,1045,-1
292,300,1026,292,300,1026,292,300,1026,-1
300,156,1045,300,156,1045,300,156,1045,-1
156,131,885,156,131,885,156,131,885,-1
131,295,1045,131,295,1045,131,295,1045,-1
295,297,1008,295,297,1008,295,297,1008,-1
297,293,1047,297,293,1047,297,293,1047,-1
293,295,1062,293,295,1062,293,295,1062,-1
295,293,1033,295,293,1033,295,293,1033,-1
293,285,1037,293,285,1037,293,285,1037,-1
285,290,1001,285,290,1001,285,290,1001,-1
290,228,1026,290,228,1026,290,228,1026,-1
228,321,1029,228,321,1029,228,321,1029,-1
321,294,1055,321,294,1055,321,294,1055,-1
294,295,1057,294,295,1057,294,295,1057,-1
295,285,1031,295,285,1031,295,285,1031,-1
285,291,1048,285,291,1048,285,291,1048,-1
291,292,1053,291,292,1053,291,292,1053,-1
292,284,1034,292,284,1034,292,284,1034,-1
284,294,1026,284,294,1026,284,294,1026,-1
294,291,1059,294,291,1059,294,291,1059,-1
291,290,1039,291,290,1039,291,290,1039,-1
290,293,1021,290,293,1021,290,293,1021,-1
293,297,1029,293,297,1029,293,297,1029,-1
297,214,1053,297,214,1053,297,214,1053,-1
214,145,898,214,145,898,214,145,898,-1
145,154,899,145,154,899,145,154,899,-1
154,323,1025,154,323,1025,154,323,1025,-1
323,299,1038,323,299,1038,323,299,1038,-1
299,294,1050,299,294,1050,299,294,1050,-1
294,290,1031,294,290,1031,294,290,1031,-1
290,287,1022,290,287,1022,290,287,1022,-1
287,300,1042,287,300,1042,287,300,1042,-1
300,291,1043,300,291,1043,300,291,1043,-1
291,290,1009,291,290,1009,291,290,1009,-1
290,298,1023,290,298,1023,290,298,1023,-1
298,296,1036,298,296,1036,298,296,1036,-1
296,291,1016,296,291,1016,296,291,1016,-1
291,305,1020,291,305,1020,291,305,1020,-1
305,303,1029,305,303,1029,305,303,1029,-1
303,300,1035,303,300,1035,303,300,1035,-1
300,256,899,300,256,899,300,256,899,-1
256,320,1051,256,320,1051,256,320,1051,-1
320,312,1037,320,312,1037,320,312,1037,-1
312,311,1033,312,311,1033,312,311,1033,-1
311,295,1040,311,295,1040,311,295,1040,-1
295,298,1032,295,298,1032,295,298,1032,-1
298,296,1042,298,296,1042,298,296,1042,-1
296,298,1054,296,298,1054,296,298,1054,-1
298,166,1067,298,166,1067,298,166,1067,-1
166,177,906,166,177,906,166,177,906,-1
177,254,848,177,254,848,177,254,848,-1
254,238,1059,254,238,1059,254,238,1059,-1
238,255,1052,238,255,1052,238,255,1052,-1
255,125,909,255,125,909,255,125,909,-1
125,317,1130,125,317,1130,125,317,1130,-1
317,310,1046,317,310,1046,317,310,1046,-1
310,160,1031,310,160,1031,310,160,1031,-1
160,159,869,160,159,869,160,159,869,-1
159,302,1133,159,302,1133,159,302,1133,-1
302,298,1032,302,298,1032,302,298,1032,-1
298,309,1009,298,309,1009,298,309,1009,-1
309,300,1043,309,300,1043,309,300,1043,-1
300,292,1040,300,292,1040,300,292,1040,-1
292,290,1017,292,290,1017,292,290,1017,-1
290,299,1001,290,299,1001,290,299,1001,-1
299,299,993,299,299,993,299,299,993,-1
299,300,986,299,300,986,299,300,986,-1
300,301,978,300,301,978,300,301,978,-1
301,299,1020,301,299,1020,301,299,1020,-1
299,301,1001,299,301,1001,299,301,1001,-1
301,302,1028,301,302,1028,301,302,1028,-1
302,303,1021,302,303,1021,302,303,1021,-1
303,300,1011,303,300,1011,303,300,1011,-1
300,298,1038,300,298,1038,300,298,1038,-1
298,308,1018,298,308,1018,298,308,1018,-1
308,307,1024,308,307,1024,308,307,1024,-1
307,302,1020,307,302,1020,307,302,1020,-1
302,302,1054,302,302,1054,302,302,1054,-1
302,300,1021,302,300,1021,302,300,1021,-1
300,303,1011,300,303,1011,300,303,1011,-1
303,230,1038,303,230,1038,303,230,1038,-1
230,181,909,230,181,909,230,181,909,-1
181,157,842,181,157,842,181,157,842,-1
157,343,1125,157,343,1125,157,343,1125,-1
343,298,1079,343,298,1079,343,298,1079,-1
298,305,1009,298,305,1009,298,305,1009,-1
305,295,1006,305,295,1006,305,295,1006,-1
295,294,1014,295,294,1014,295,294,1014,-1
294,294,990,294,294,990,294,294,990,-1
294,295,979,294,295,979,294,295,979,-1
295,294,983,295,294,983,295,294,983,-1
294,292,988,294,292,988,294,292,988,-1
292,294,957,292,294,957,292,294,957,-1
294,213,982,294,213,982,294,213,982,-1
213,174,870,213,174,870,213,174,870,-1
174,185,787,174,185,787,174,185,787,-1
185,287,939,185,287,939,185,287,939,-1
287,289,929,287,289,929,287,289,929,-1
289,290,976,289,290,976,289,290,976,-1
290,293,982,290,293,982,290,293,982,-1
293,289,985,293,289,985,293,289,985,-1
289,288,993,289,288,993,289,288,993,-1
288,293,993,288,293,993,288,293,993,-1
293,297,1036,293,297,1036,293,297,1036,-1
297,282,1039,297,282,1039,297,282,1039,-1
282,287,1026,282,287,1026,282,287,1026,-1
287,298,1061,287,298,1061,287,298,1061,-1
298,285,1028,298,285,1028,298,285,1028,-1
285,299,1035,285,299,1035,285,299,1035,-1
299,291,1041,299,291,1041,299,291,1041,-1
291,297,1018,291,297,1018,291,297,1018,-1
297,306,1017,297,306,1017,297,306,1017,-1
306,300,1010,306,300,1010,306,300,1010,-1
300,304,971,300,304,971,300,304,971,-1
304,298,1018,304,298,1018,304,298,1018,-1
298,300,1002,298,300,1002,298,300,1002,-1
300,312,1021,300,312,1021,300,312,1021,-1
312,317,1038,312,317,1038,312,317,1038,-1
317,218,1179,317,218,1179,317,218,1179,-1
218,173,890,218,173,890,218,173,890,-1
173,210,799,173,210,799,173,210,799,-1
210,308,1039,210,308,1039,210,308,1039,-1
308,309,1043,308,309,1043,308,309,1043,-1
309,316,1044,309,316,1044,309,316,1044,-1
316,317,1027,316,317,1027,316,317,1027,-1
317,314,1030,317,314,1030,317,314,1030,-1
314,325,1029,314,325,1029,314,325,1029,-1
325,320,1029,325,320,1029,325,320,1029,-1
320,316,1071,320,316,1071,320,316,1071,-1
316,301,1027,316,301,1027,316,301,1027,-1
301,311,1046,301,311,1046,301,311,1046,-1
311,211,1020,311,211,1020,311,211,1020,-1
211,197,883,211,197,883,211,197,883,-1
197,209,814,197,209,814,197,209,814,-1
209,295,1022,209,295,1022,209,295,1022,-1
295,165,971,295,165,971,295,165,971,-1
165,128,860,165,128,860,165,128,860,-1
128,292,1008,128,292,1008,128,292,1008,-1
292,284,996,292,284,996,292,284,996,-1
284,296,917,284,296,917,284,296,917,-1
296,294,977,296,294,977,296,294,977,-1
294,207,982,294,207,982,294,207,982,-1
207,183,878,207,183,878,207,183,878,-1
183,191,817,183,191,817,183,191,817,-1
191,295,1012,191,295,1012,191,295,1012,-1
295,295,1014,295,295,1014,295,295,1014,-1
295,304,1002,295,304,1002,295,304,1002,-1
304,298,1012,304,298,1012,304,298,1012,-1
298,214,1027,298,214,1027,298,214,1027,-1
214,173,995,214,173,995,214,173,995,-1
173,157,866,173,157,866,173,157,866,-1
157,218,1038,157,218,1038,157,218,1038,-1
218,188,841,218,188,841,218,188,841,-1
188,192,799,188,192,799,188,192,799,-1
192,211,1048,192,211,1048,192,211,1048,-1
211,179,910,211,179,910,211,179,910,-1
179,192,837,179,192,837,179,192,837,-1
192,223,1060,192,223,1060,192,223,1060,-1
223,320,1072,223,320,1072,223,320,1072,-1
320,307,1067,320,307,1067,320,307,1067,-1
307,286,1043,307,286,1043,307,286,1043,-1
286,289,1038,286,289,1038,286,289,1038,-1
289,294,1040,289,294,1040,289,294,1040,-1
294,233,1017,294,233,1017,294,233,1017,-1
233,336,1017,233,336,1017,233,336,1017,-1
336,321,1013,336,321,1013,336,321,1013,-1
321,244,1014,321,244,1014,321,244,1014,-1
244,122,867,244,122,867,244,122,867,-1
122,160,861,122,160,861,122,160,861,-1
160,328,1042,160,328,1042,160,328,1042,-1
328,299,1021,328,299,1021,328,299,1021,-1
299,294,1009,299,294,1009,299,294,1009,-1
294,304,954,294,304,954,294,304,954,-1
304,293,1017,304,293,1017,304,293,1017,-1
293,277,987,293,277,987,293,277,987,-1
277,316,1018,277,316,1018,277,316,1018,-1
316,295,1013,316,295,1013,316,295,1013,-1
295,300,1014,295,300,1014,295,300,1014,-1
300,291,1010,300,291,1010,300,291,1010,-1
291,293,1008,291,293,1008,291,293,1008,-1
293,228,1017,293,228,1017,293,228,1017,-1
228,181,907,228,181,907,228,181,907,-1
181,196,826,181,196,826,181,196,826,-1
196,294,1022,196,294,1022,196,294,1022,-1
294,297,1050,294,297,1050,294,297,1050,-1
297,295,1019,297,295,1019,297,295,1019,-1
295,290,1071,295,290,1071,295,290,1071,-1
290,272,1061,290,272,1061,290,272,1061,-1
272,287,991,272,287,991,272,287,991,-1
287,276,997,287,276,997,287,276,997,-1
276,238,1006,276,238,1006,276,238,1006,-1
238,307,1011,238,307,1011,238,307,1011,-1
307,290,987,307,290,987,307,290,987,-1
290,283,1010,290,283,1010,290,283,1010,-1
283,284,1002,283,284,1002,283,284,1002,-1
284,287,1016,284,287,1016,284,287,1016,-1
287,231,996,287,231,996,287,231,996,-1
231,327,1024,231,327,1024,231,327,1024,-1
327,301,987,327,301,987,327,301,987,-1
301,301,993,301,301,993,301,301,993,-1
301,292,980,301,292,980,301,292,980,-1
292,291,971,292,291,971,292,291,971,-1
291,305,985,291,305,985,291,305,985,-1
305,290,996,305,290,996,305,290,996,-1
290,292,986,290,292,986,290,292,986,-1
292,301,998,292,301,998,292,301,998,-1
301,293,1017,301,293,1017,301,293,1017,-1
293,297,993,293,297,993,293,297,993,-1
297,297,999,297,297,999,297,297,999,-1
297,298,999,297,298,999,297,298,999,-1
298,300,1022,298,300,1022,298,300,1022,-1
300,296,1002,300,296,1002,300,296,1002,-1
296,301,1001,296,301,1001,296,301,1001,-1
301,303,1009,301,303,1009,301,303,1009,-1
303,301,1023,303,301,1023,303,301,1023,-1
301,295,1037,301,295,1037,301,295,1037,-1
295,303,1013,295,303,1013,295,303,1013,-1
303,300,1037,303,300,1037,303,300,1037,-1
300,288,1014,300,288,1014,300,288,1014,-1
288,294,1001,288,294,1001,288,294,1001,-1
294,294,968,294,294,968,294,294,968,-1
294,294,944,294,294,944,294,294,944,-1
294,305,979,294,305,979,294,305,979,-1
305,296,951,305,296,951,305,296,951,-1
296,297,952,296,297,952,296,297,952,-1
297,298,987,297,298,987,297,298,987,-1
298,309,989,298,309,989,298,309,989,-1
309,300,1031,309,300,1031,309,300,1031,-1
300,293,980,300,293,980,300,293,980,-1
293,309,960,293,309,960,293,309,960,-1
309,298,961,309,298,961,309,298,961,-1
298,303,958,298,303,958,298,303,958,-1
303,300,944,303,300,944,303,300,944,-1
300,167,938,300,167,938,300,167,938,-1
167,130,860,167,130,860,167,130,860,-1
130,301,1007,130,301,1007,130,301,1007,-1
301,282,988,301,282,988,301,282,988,-1
282,290,939,282,290,939,282,290,939,-1
290,302,917,290,302,917,290,302,917,-1
302,284,930,302,284,930,302,284,930,-1
284,295,922,284,295,922,284,295,922,-1
295,296,944,295,296,944,295,296,944,-1
296,291,975,296,291,975,296,291,975,-1
291,217,1011,291,217,1011,291,217,1011,-1
217,181,855,217,181,855,217,181,855,-1
181,179,771,181,179,771,181,179,771,-1
179,222,928,179,222,928,179,222,928,-1
222,347,932,222,347,932,222,347,932,-1
347,309,938,347,309,938,347,309,938,-1
309,298,1023,309,298,1023,309,298,1023,-1
298,291,947,298,291,947,298,291,947,-1
291,213,934,291,213,934,291,213,934,-1
213,317,910,213,317,910,213,317,910,-1
317,161,1012,317,161,1012,317,161,1012,-1
161,171,854,161,171,854,161,171,854,-1
171,248,772,171,248,772,171,248,772,-1
248,160,940,248,160,940,248,160,940,-1
160,170,847,160,170,847,160,170,847,-1
170,160,770,170,160,770,170,160,770,-1
160,175,843,160,175,843,160,175,843,-1
175,138,756,175,138,756,175,138,756,-1
138,348,1005,138,348,1005,138,348,1005,-1
348,300,950,348,300,950,348,300,950,-1
300,211,929,300,211,929,300,211,929,-1
211,286,858,211,286,858,211,286,858,-1
286,220,935,286,220,935,286,220,935,-1
220,398,865,220,398,865,220,398,865,-1
398,152,1004,398,152,1004,398,152,1004,-1
152,138,823,152,138,823,152,138,823,-1
138,171,992,138,171,992,138,171,992,-1
171,398,856,171,398,856,171,398,856,-1
398,159,951,398,159,951,398,159,951,-1
159,245,826,159,245,826,159,245,826,-1
245,148,910,245,148,910,245,148,910,-1
148,280,1027,148,280,1027,148,280,1027,-1
280,271,1123,280,271,1123,280,271,1123,-1
271,123,1118,271,123,1118,271,123,1118,-1
123,145,936,123,145,936,123,145,936,-1
145,194,1084,145,194,1084,145,194,1084,-1
194,170,892,194,170,892,194,170,892,-1
170,184,821,170,184,821,170,184,821,-1
184,271,1082,184,271,1082,184,271,1082,-1
271,278,1056,271,278,1056,271,278,1056,-1
278,280,1054,278,280,1054,278,280,1054,-1
280,270,1051,280,270,1051,280,270,1051,-1
270,169,1056,270,169,1056,270,169,1056,-1
169,204,930,169,204,930,169,204,930,-1
204,179,890,204,179,890,204,179,890,-1
179,268,1040,179,268,1040,179,268,1040,-1
268,185,1037,268,185,1037,268,185,1037,-1
185,179,894,185,179,894,185,179,894,-1
179,164,843,179,164,843,179,164,843,-1
164,266,1021,164,266,1021,164,266,1021,-1
266,263,1004,266,263,1004,266,263,1004,-1
263,267,987,263,267,987,263,267,987,-1
267,264,991,267,264,991,267,264,991,-1
264,184,980,264,184,980,264,184,980,-1
184,180,865,184,180,865,184,180,865,-1
180,166,805,180,166,805,180,166,805,-1
166,263,981,166,263,981,166,263,981,-1
263,270,904,263,270,904,263,270,904,-1
270,188,952,270,188,952,270,188,952,-1
188,179,798,188,179,798,188,179,798,-1
179,169,796,179,169,796,179,169,796,-1
169,256,976,169,256,976,169,256,976,-1
256,271,996,256,271,996,256,271,996,-1
271,264,987,271,264,987,271,264,987,-1
264,187,1018,264,187,1018,264,187,1018,-1
187,173,883,187,173,883,187,173,883,-1
173,170,835,173,170,835,173,170,835,-1
170,270,985,170,270,985,170,270,985,-1
270,262,993,270,262,993,270,262,993,-1
262,263,990,262,263,990,262,263,990,-1
263,272,1002,263,272,1002,263,272,1002,-1
272,264,992,272,264,992,272,264,992,-1
264,183,963,264,183,963,264,183,963,-1
183,225,851,183,225,851,183,225,851,-1
225,184,895,225,184,895,225,184,895,-1
184,197,855,184,197,855,184,197,855,-1
197,257,1019,197,257,1019,197,257,1019,-1
257,264,1001,257,264,1001,257,264,1001,-1
264,258,1009,264,258,1009,264,258,1009,-1
258,258,1000,258,258,1000,258,258,1000,-1
258,178,958,258,178,958,258,178,958,-1
178,172,843,178,172,843,178,172,843,-1
172,158,777,172,158,777,172,158,777,-1
158,176,907,158,176,907,158,176,907,-1
176,184,797,176,184,797,176,184,797,-1
184,149,792,184,149,792,184,149,792,-1
149,254,930,149,254,930,149,254,930,-1
254,252,920,254,252,920,254,252,920,-1
252,248,900,252,248,900,252,248,900,-1
248,253,914,248,253,914,248,253,914,-1
253,254,938,253,254,938,253,254,938,-1
254,247,914,254,247,914,254,247,914,-1
247,256,905,247,256,905,247,256,905,-1
256,253,895,256,253,895,256,253,895,-1
253,174,928,253,174,928,253,174,928,-1
174,168,827,174,168,827,174,168,827,-1
168,150,790,168,150,790,168,150,790,-1
150,253,953,150,253,953,150,253,953,-1
253,255,932,253,255,932,253,255,932,-1
255,247,932,255,247,932,255,247,932,-1
247,243,948,247,243,948,247,243,948,-1
243,170,942,243,170,942,243,170,942,-1
170,170,841,170,170,841,170,170,841,-1
170,151,790,170,151,790,170,151,790,-1
151,244,923,151,244,923,151,244,923,-1
244,245,927,244,245,927,244,245,927,-1
245,247,935,245,247,935,245,247,935,-1
247,242,948,247,242,948,247,242,948,-1
242,243,949,242,243,949,242,243,949,-1
243,244,931,243,244,931,243,244,931,-1
244,160,944,244,160,944,244,160,944,-1
160,217,871,160,217,871,160,217,871,-1
217,361,862,217,361,862,217,361,862,-1
361,159,900,361,159,900,361,159,900,-1
159,180,876,159,180,876,159,180,876,-1
180,146,840,180,146,840,180,146,840,-1
146,246,932,146,246,932,146,246,932,-1
246,122,940,246,122,940,246,122,940,-1
122,215,836,122,215,836,122,215,836,-1
215,149,788,215,149,788,215,149,788,-1
149,240,909,149,240,909,149,240,909,-1
240,245,926,240,245,926,240,245,926,-1
245,240,917,245,240,917,245,240,917,-1
240,160,917,240,160,917,240,160,917,-1
160,168,828,160,168,828,160,168,828,-1
168,147,775,168,147,775,168,147,775,-1
147,248,928,147,248,928,147,248,928,-1
248,241,880,248,241,880,248,241,880,-1
241,239,883,241,239,883,241,239,883,-1
239,238,909,239,238,909,239,238,909,-1
238,169,895,238,169,895,238,169,895,-1
169,317,852,169,317,852,169,317,852,-1
317,240,917,317,240,917,317,240,917,-1
240,246,891,240,246,891,240,246,891,-1
246,250,896,246,250,896,246,250,896,-1
250,242,911,250,242,911,250,242,911,-1
242,246,914,242,246,914,242,246,914,-1
246,245,898,246,245,898,246,245,898,-1
245,121,874,245,121,874,245,121,874,-1
121,129,847,121,129,847,121,129,847,-1
129,244,891,129,244,891,129,244,891,-1
244,157,890,244,157,890,244,157,890,-1
157,329,814,157,329,814,157,329,814,-1
329,242,912,329,242,912,329,242,912,-1
242,244,922,242,244,922,242,244,922,-1
244,246,933,244,246,933,244,246,933,-1
246,241,936,246,241,936,246,241,936,-1
241,173,933,241,173,933,241,173,933,-1
173,164,875,173,164,875,173,164,875,-1
164,158,818,164,158,818,164,158,818,-1
158,190,935,158,190,935,158,190,935,-1
190,200,937,190,200,937,190,200,937,-1
200,341,868,200,341,868,200,341,868,-1
341,255,909,341,255,909,341,255,909,-1
255,254,907,255,254,907,255,254,907,-1
254,249,904,254,249,904,254,249,904,-1
249,256,907,249,256,907,249,256,907,-1
256,252,927,256,252,927,256,252,927,-1
252,248,901,252,248,901,252,248,901,-1
248,180,886,248,180,886,248,180,886,-1
180,254,859,180,254,859,180,254,859,-1
254,169,852,254,169,852,254,169,852,-1
169,158,806,169,158,806,169,158,806,-1
158,248,871,158,248,871,158,248,871,-1
248,249,875,248,249,875,248,249,875,-1
249,187,875,249,187,875,249,187,875,-1
187,196,880,187,196,880,187,196,880,-1
196,168,811,196,168,811,196,168,811,-1
168,164,788,168,164,788,168,164,788,-1
164,158,905,164,158,905,164,158,905,-1
158,338,848,158,338,848,158,338,848,-1
338,168,917,338,168,917,338,168,917,-1
168,172,852,168,172,852,168,172,852,-1
172,161,827,172,161,827,172,161,827,-1
161,256,913,161,256,913,161,256,913,-1
256,254,898,256,254,898,256,254,898,-1
254,173,921,254,173,921,254,173,921,-1
173,173,855,173,173,855,173,173,855,-1
173,169,817,173,169,817,173,169,817,-1
169,255,898,169,255,898,169,255,898,-1
255,265,890,255,265,890,255,265,890,-1
265,259,877,265,259,877,265,259,877,-1
259,259,886,259,259,886,259,259,886,-1
259,256,924,259,256,924,259,256,924,-1
256,265,895,256,265,895,256,265,895,-1
265,169,888,265,169,888,265,169,888,-1
169,263,732,169,263,732,169,263,732,-1
263,147,914,263,147,914,263,147,914,-1
147,169,873,147,169,873,147,169,873,-1
169,275,922,169,275,922,169,275,922,-1
275,262,900,275,262,900,275,262,900,-1
262,267,895,262,267,895,262,267,895,-1
267,266,924,267,266,924,267,266,924,-1
266,270,912,266,270,912,266,270,912,-1
270,186,922,270,186,922,270,186,922,-1
186,345,843,186,345,843,186,345,843,-1
345,264,939,345,264,939,345,264,939,-1
264,185,952,264,185,952,264,185,952,-1
185,336,891,185,336,891,185,336,891,-1
336,260,946,336,260,946,336,260,946,-1
260,262,926,260,262,926,260,262,926,-1
262,258,893,262,258,893,262,258,893,-1
258,256,945,258,256,945,258,256,945,-1
256,252,918,256,252,918,256,252,918,-1
252,267,949,252,267,949,252,267,949,-1
267,257,991,267,257,991,267,257,991,-1
257,183,960,257,183,960,257,183,960,-1
183,331,888,183,331,888,183,331,888,-1
331,265,943,331,265,943,331,265,943,-1
265,184,964,265,184,964,265,184,964,-1
184,215,905,184,215,905,184,215,905,-1
215,384,844,215,384,844,215,384,844,-1
384,177,932,384,177,932,384,177,932,-1
177,343,890,177,343,890,177,343,890,-1
343,147,986,343,147,986,343,147,986,-1
147,369,759,147,369,759,147,369,759,-1
369,253,853,369,253,853,369,253,853,-1
253,178,1011,253,178,1011,253,178,1011,-1
178,330,902,178,330,902,178,330,902,-1
330,261,1031,330,261,1031,330,261,1031,-1
261,166,1048,261,166,1048,261,166,1048,-1
166,212,934,166,212,934,166,212,934,-1
212,129,928,212,129,928,212,129,928,-1
129,257,1020,129,257,1020,129,257,1020,-1
257,262,1005,257,262,1005,257,262,1005,-1
262,251,956,262,251,956,262,251,956,-1
251,177,958,251,177,958,251,177,958,-1
177,342,888,177,342,888,177,342,888,-1
342,247,965,342,247,965,342,247,965,-1
247,200,954,247,200,954,247,200,954,-1
200,221,891,200,221,891,200,221,891,-1
221,210,881,221,210,881,221,210,881,-1
210,166,803,210,166,803,210,166,803,-1
166,156,956,166,156,956,166,156,956,-1
156,195,951,156,195,951,156,195,951,-1
195,389,846,195,389,846,195,389,846,-1
389,306,1104,389,306,1104,389,306,1104,-1
306,191,1070,306,191,1070,306,191,1070,-1
191,189,982,191,189,982,191,189,982,-1
189,148,911,189,148,911,189,148,911,-1
148,256,1007,148,256,1007,148,256,1007,-1
256,136,988,256,136,988,256,136,988,-1
136,132,865,136,132,865,136,132,865,-1
132,232,1003,132,232,1003,132,232,1003,-1
232,287,1106,232,287,1106,232,287,1106,-1
287,192,1012,287,192,1012,287,192,1012,-1
192,176,794,192,176,794,192,176,794,-1
176,160,855,176,160,855,176,160,855,-1
160,143,958,160,143,958,160,143,958,-1
143,206,978,143,206,978,143,206,978,-1
206,173,799,206,173,799,206,173,799,-1
173,270,1287,173,270,1287,173,270,1287,-1
270,259,1107,270,259,1107,270,259,1107,-1
259,256,1037,259,256,1037,259,256,1037,-1
256,253,1025,256,253,1025,256,253,1025,-1
253,157,948,253,157,948,253,157,948,-1
157,180,861,157,180,861,157,180,861,-1
180,182,870,180,182,870,180,182,870,-1
182,263,957,182,263,957,182,263,957,-1
263,254,945,263,254,945,263,254,945,-1
254,259,856,254,259,856,254,259,856,-1
259,258,895,259,258,895,259,258,895,-1
258,258,957,258,258,957,258,258,957,-1
258,200,921,258,200,921,258,200,921,-1
200,307,949,200,307,949,200,307,949,-1
307,259,1401,307,259,1401,307,259,1401,-1
259,176,1201,259,176,1201,259,176,1201,-1
176,340,1112,176,340,1112,176,340,1112,-1
340,266,1055,340,266,1055,340,266,1055,-1
266,144,997,266,144,997,266,144,997,-1
144,367,859,144,367,859,144,367,859,-1
367,252,883,367,252,883,367,252,883,-1
252,187,874,252,187,874,252,187,874,-1
187,286,896,187,286,896,187,286,896,-1
286,253,877,286,253,877,286,253,877,-1
253,145,857,253,145,857,253,145,857,-1
145,203,765,145,203,765,145,203,765,-1
203,168,751,203,168,751,203,168,751,-1
168,246,877,168,246,877,168,246,877,-1
246,170,851,246,170,851,246,170,851,-1
170,331,759,170,331,759,170,331,759,-1
331,252,870,331,252,870,331,252,870,-1
252,248,861,252,248,861,252,248,861,-1
248,251,883,248,251,883,248,251,883,-1
251,166,839,251,166,839,251,166,839,-1
166,329,721,166,329,721,166,329,721,-1
329,248,900,329,248,900,329,248,900,-1
248,170,931,248,170,931,248,170,931,-1
170,250,810,170,250,810,170,250,810,-1
250,172,860,250,172,860,250,172,860,-1
172,154,861,172,154,861,172,154,861,-1
154,249,988,154,249,988,154,249,988,-1
249,180,1007,249,180,1007,249,180,1007,-1
180,280,992,180,280,992,180,280,992,-1
280,257,999,280,257,999,280,257,999,-1
257,170,1004,257,170,1004,257,170,1004,-1
170,193,919,170,193,919,170,193,919,-1
193,135,910,193,135,910,193,135,910,-1
135,247,1003,135,247,1003,135,247,1003,-1
247,252,942,247,252,942,247,252,942,-1
252,247,984,252,247,984,252,247,984,-1
247,245,1013,247,245,1013,247,245,1013,-1
245,251,1003,245,251,1003,245,251,1003,-1
251,225,1043,251,225,1043,251,225,1043,-1
225,273,1030,225,273,1030,225,273,1030,-1
273,255,997,273,255,997,273,255,997,-1
255,263,974,255,263,974,255,263,974,-1
263,259,971,263,259,971,263,259,971,-1
259,260,960,259,260,960,259,260,960,-1
260,263,952,260,263,952,260,263,952,-1
263,267,942,263,267,942,263,267,942,-1
267,263,891,267,263,891,267,263,891,-1
263,265,869,263,265,869,263,265,869,-1
265,183,828,265,183,828,265,183,828,-1
183,264,763,183,264,763,183,264,763,-1
264,349,830,264,349,830,264,349,830,-1
349,271,936,349,271,936,349,271,936,-1
271,189,952,271,189,952,271,189,952,-1
189,174,886,189,174,886,189,174,886,-1
174,179,854,174,179,854,174,179,854,-1
179,269,971,179,269,971,179,269,971,-1
269,270,998,269,270,998,269,270,998,-1
270,269,1001,270,269,1001,270,269,1001,-1
269,271,1019,269,271,1019,269,271,1019,-1
271,271,1017,271,271,1017,271,271,1017,-1
271,274,1044,271,274,1044,271,274,1044,-1
274,278,1059,274,278,1059,274,278,1059,-1
278,191,1028,278,191,1028,278,191,1028,-1
191,275,943,191,275,943,191,275,943,-1
275,305,1000,275,305,1000,275,305,1000,-1
305,285,1049,305,285,1049,305,285,1049,-1
285,195,1014,285,195,1014,285,195,1014,-1
195,316,1004,195,316,1004,195,316,1004,-1
316,274,976,316,274,976,316,274,976,-1
274,277,963,274,277,963,274,277,963,-1
277,273,970,277,273,970,277,273,970,-1
273,279,946,273,279,946,273,279,946,-1
279,279,944,279,279,944,279,279,944,-1
279,280,943,279,280,943,279,280,943,-1
280,282,955,280,282,955,280,282,955,-1
282,280,924,282,280,924,282,280,924,-1
280,285,927,280,285,927,280,285,927,-1
285,285,920,285,285,920,285,285,920,-1
285,279,927,285,279,927,285,279,927,-1
279,283,920,279,283,920,279,283,920,-1
283,170,925,283,170,925,283,170,925,-1
170,173,672,170,173,672,170,173,672,-1
173,218,818,173,218,818,173,218,818,-1
218,281,925,218,281,925,218,281,925,-1
281,286,942,281,286,942,281,286,942,-1
286,277,946,286,277,946,286,277,946,-1
277,273,933,277,273,933,277,273,933,-1
273,284,918,273,284,918,273,284,918,-1
284,282,913,284,282,913,284,282,913,-1
282,279,930,282,279,930,282,279,930,-1
279,279,964,279,279,964,279,279,964,-1
279,286,975,279,286,975,279,286,975,-1
286,275,931,286,275,931,286,275,931,-1
275,279,914,275,279,914,275,279,914,-1
279,281,937,279,281,937,279,281,937,-1
281,274,964,281,274,964,281,274,964,-1
274,279,952,274,279,952,274,279,952,-1
279,273,945,279,273,945,279,273,945,-1
273,278,947,273,278,947,273,278,947,-1
278,278,957,278,278,957,278,278,957,-1
278,278,952,278,278,952,278,278,952,-1
278,273,917,278,273,917,278,273,917,-1
273,279,894,273,279,894,273,279,894,-1
279,278,915,279,278,915,279,278,915,-1
278,274,959,278,274,959,278,274,959,-1
274,283,952,274,283,952,274,283,952,-1
283,271,928,283,271,928,283,271,928,-1
271,267,943,271,267,943,271,267,943,-1
267,268,977,267,268,977,267,268,977,-1
268,275,949,268,275,949,268,275,949,-1
275,268,944,275,268,944,275,268,944,-1
268,266,926,268,266,926,268,266,926,-1
266,272,951,266,272,951,266,272,951,-1
272,270,936,272,270,936,272,270,936,-1
270,268,930,270,268,930,270,268,930,-1
268,275,915,268,275,915,268,275,915,-1
275,280,962,275,280,962,275,280,962,-1
280,271,955,280,271,955,280,271,955,-1
271,275,950,271,275,950,271,275,950,-1
275,279,942,275,279,942,275,279,942,-1
279,280,948,279,280,948,279,280,948,-1
280,202,967,280,202,967,280,202,967,-1
202,179,893,202,179,893,202,179,893,-1
179,179,852,179,179,852,179,179,852,-1
179,280,968,179,280,968,179,280,968,-1
280,280,953,280,280,953,280,280,953,-1
280,279,958,280,279,958,280,279,958,-1
279,280,985,279,280,985,279,280,985,-1
280,199,983,280,199,983,280,199,983,-1
199,306,968,199,306,968,199,306,968,-1
306,199,954,306,199,954,306,199,954,-1
199,167,879,199,167,879,199,167,879,-1
167,189,835,167,189,835,167,189,835,-1
189,278,961,189,278,961,189,278,961,-1
278,275,965,278,275,965,278,275,965,-1
275,265,954,275,265,954,275,265,954,-1
265,277,941,265,277,941,265,277,941,-1
277,275,954,277,275,954,277,275,954,-1
275,272,949,275,272,949,275,272,949,-1
272,278,930,272,278,930,272,278,930,-1
278,275,921,278,275,921,278,275,921,-1
275,271,934,275,271,934,275,271,934,-1
271,275,958,271,275,958,271,275,958,-1
275,200,952,275,200,952,275,200,952,-1
200,175,877,200,175,877,200,175,877,-1
175,173,849,175,173,849,175,173,849,-1
173,280,947,173,280,947,173,280,947,-1
280,273,973,280,273,973,280,273,973,-1
273,274,982,273,274,982,273,274,982,-1
274,268,946,274,268,946,274,268,946,-1
268,273,935,268,273,935,268,273,935,-1
273,275,950,273,275,950,273,275,950,-1
275,273,978,275,273,978,275,273,978,-1
273,275,984,273,275,984,273,275,984,-1
275,271,951,275,271,951,275,271,951,-1
271,274,968,271,274,968,271,274,968,-1
274,277,960,274,277,960,274,277,960,-1
277,274,985,277,274,985,277,274,985,-1
274,277,962,274,277,962,274,277,962,-1
277,271,941,277,271,941,277,271,941,-1
271,276,936,271,276,936,271,276,936,-1
276,274,965,276,274,965,276,274,965,-1
274,209,967,274,209,967,274,209,967,-1
209,166,877,209,166,877,209,166,877,-1
166,180,829,166,180,829,166,180,829,-1
180,192,911,180,192,911,180,192,911,-1
192,305,914,192,305,914,192,305,914,-1
305,285,983,305,285,983,305,285,983,-1
285,272,955,285,272,955,285,272,955,-1
272,269,943,272,269,943,272,269,943,-1
269,272,910,269,272,910,269,272,910,-1
272,260,918,272,260,918,272,260,918,-1
260,271,974,260,271,974,260,271,974,-1
271,273,979,271,273,979,271,273,979,-1
273,277,951,273,277,951,273,277,951,-1
277,271,943,277,271,943,277,271,943,-1
271,277,926,271,277,926,271,277,926,-1
277,276,952,277,276,952,277,276,952,-1
276,276,977,276,276,977,276,276,977,-1
276,285,977,276,285,977,276,285,977,-1
285,272,978,285,272,978,285,272,978,-1
272,276,1034,272,276,1034,272,276,1034,-1
276,277,1011,276,277,1011,276,277,1011,-1
277,271,970,277,271,970,277,271,970,-1
271,199,925,271,199,925,271,199,925,-1
199,359,867,199,359,867,199,359,867,-1
359,271,900,359,271,900,359,271,900,-1
271,268,909,271,268,909,271,268,909,-1
268,279,936,268,279,936,268,279,936,-1
279,277,957,279,277,957,279,277,957,-1
277,281,931,277,281,931,277,281,931,-1
281,262,909,281,262,909,281,262,909,-1
262,283,921,262,283,921,262,283,921,-1
283,282,911,283,282,911,283,282,911,-1
282,277,883,282,277,883,282,277,883,-1
277,288,896,277,288,896,277,288,896,-1
288,195,883,288,195,883,288,195,883,-1
195,308,827,195,308,827,195,308,827,-1
308,196,829,308,196,829,308,196,829,-1
196,255,793,196,255,793,196,255,793,-1
255,391,854,255,391,854,255,391,854,-1
391,189,913,391,189,913,391,189,913,-1
189,182,798,189,182,798,189,182,798,-1
182,181,776,182,181,776,182,181,776,-1
181,209,909,181,209,909,181,209,909,-1
209,358,855,209,358,855,209,358,855,-1
358,212,940,358,212,940,358,212,940,-1
212,361,854,212,361,854,212,361,854,-1
361,203,926,361,203,926,361,203,926,-1
203,262,830,203,262,830,203,262,830,-1
262,391,840,262,391,840,262,391,840,-1
391,299,922,391,299,922,391,299,922,-1
299,210,931,299,210,931,299,210,931,-1
210,269,836,210,269,836,210,269,836,-1
269,317,894,269,317,894,269,317,894,-1
317,285,926,317,285,926,317,285,926,-1
285,287,925,285,287,925,285,287,925,-1
287,217,915,287,217,915,287,217,915,-1
217,348,931,217,348,931,217,348,931,-1
348,200,909,348,200,909,348,200,909,-1
200,188,825,200,188,825,200,188,825,-1
188,207,781,188,207,781,188,207,781,-1
207,160,898,207,160,898,207,160,898,-1
160,144,840,160,144,840,160,144,840,-1
144,296,880,144,296,880,144,296,880,-1
296,160,858,296,160,858,296,160,858,-1
160,149,848,160,149,848,160,149,848,-1
149,144,874,149,144,874,149,144,874,-1
144,158,852,144,158,852,144,158,852,-1
158,311,884,158,311,884,158,311,884,-1
311,241,912,311,241,912,311,241,912,-1
241,169,897,241,169,897,241,169,897,-1
169,212,832,169,212,832,169,212,832,-1
212,316,958,212,316,958,212,316,958,-1
316,136,928,316,136,928,316,136,928,-1
136,173,882,136,173,882,136,173,882,-1
173,303,954,173,303,954,173,303,954,-1
303,238,918,303,238,918,303,238,918,-1
238,181,867,238,181,867,238,181,867,-1
181,208,841,181,208,841,181,208,841,-1
208,301,922,208,301,922,208,301,922,-1
301,160,931,301,160,931,301,160,931,-1
160,152,900,160,152,900,160,152,900,-1
152,161,961,152,161,961,152,161,961,-1
161,145,880,161,145,880,161,145,880,-1
145,298,922,145,298,922,145,298,922,-1
298,303,936,298,303,936,298,303,936,-1
303,301,919,303,301,919,303,301,919,-1
301,294,917,301,294,917,301,294,917,-1
294,147,907,294,147,907,294,147,907,-1
147,152,849,147,152,849,147,152,849,-1
152,303,901,152,303,901,152,303,901,-1
303,298,930,303,298,930,303,298,930,-1
298,210,958,298,210,958,298,210,958,-1
210,180,867,210,180,867,210,180,867,-1
180,207,807,180,207,807,180,207,807,-1
207,312,929,207,312,929,207,312,929,-1
312,312,920,312,312,920,312,312,920,-1
312,312,932,312,312,932,312,312,932,-1
312,323,930,312,323,930,312,323,930,-1
323,320,924,323,320,924,323,320,924,-1
320,314,958,320,314,958,320,314,958,-1
314,212,930,314,212,930,314,212,930,-1
212,212,862,212,212,862,212,212,862,-1
212,214,806,212,214,806,212,214,806,-1
214,238,925,214,238,925,214,238,925,-1
238,392,876,238,392,876,238,392,876,-1
392,308,927,392,308,927,392,308,927,-1
308,310,922,308,310,922,308,310,922,-1
310,147,924,310,147,924,310,147,924,-1
147,163,845,147,163,845,147,163,845,-1
163,296,950,163,296,950,163,296,950,-1
296,200,921,296,200,921,296,200,921,-1
200,347,920,200,347,920,200,347,920,-1
347,303,946,347,303,946,347,303,946,-1
303,310,932,303,310,932,303,310,932,-1
310,315,924,310,315,924,310,315,924,-1
315,160,925,315,160,925,315,160,925,-1
160,149,853,160,149,853,160,149,853,-1
149,323,901,149,323,901,149,323,901,-1
323,324,904,323,324,904,323,324,904,-1
324,317,919,324,317,919,324,317,919,-1
317,315,939,317,315,939,317,315,939,-1
315,317,933,315,317,933,315,317,933,-1
317,317,926,317,317,926,317,317,926,-1
317,317,938,317,317,938,317,317,938,-1
317,308,950,317,308,950,317,308,950,-1
308,314,958,308,314,958,308,314,958,-1
314,312,956,314,312,956,314,312,956,-1
312,313,966,312,313,966,312,313,966,-1
313,164,971,313,164,971,313,164,971,-1
164,153,889,164,153,889,164,153,889,-1
153,310,978,153,310,978,153,310,978,-1
310,308,936,310,308,936,310,308,936,-1
308,245,936,308,245,936,308,245,936,-1
245,170,898,245,170,898,245,170,898,-1
170,206,823,170,206,823,170,206,823,-1
206,305,932,206,305,932,206,305,932,-1
305,231,943,305,231,943,305,231,943,-1
231,171,898,231,171,898,231,171,898,-1
171,124,834,171,124,834,171,124,834,-1
124,178,889,124,178,889,124,178,889,-1
178,126,836,178,126,836,178,126,836,-1
126,207,947,126,207,947,126,207,947,-1
207,153,905,207,153,905,207,153,905,-1
153,300,980,153,300,980,153,300,980,-1
300,303,1007,300,303,1007,300,303,1007,-1
303,305,1002,303,305,1002,303,305,1002,-1
305,205,996,305,205,996,305,205,996,-1
205,175,984,205,175,984,205,175,984,-1
175,153,921,175,153,921,175,153,921,-1
153,294,1012,153,294,1012,153,294,1012,-1
294,204,1013,294,204,1013,294,204,1013,-1
204,151,1134,204,151,1134,204,151,1134,-1
151,169,933,151,169,933,151,169,933,-1
169,222,1157,169,222,1157,169,222,1157,-1
222,241,1091,222,241,1091,222,241,1091,-1
241,190,914,241,190,914,241,190,914,-1
190,190,837,190,190,837,190,190,837,-1
190,281,1079,190,281,1079,190,281,1079,-1
281,280,1021,281,280,1021,281,280,1021,-1
280,202,1064,280,202,1064,280,202,1064,-1
202,211,924,202,211,924,202,211,924,-1
211,146,952,211,146,952,211,146,952,-1
146,278,1019,146,278,1019,146,278,1019,-1
278,273,1008,278,273,1008,278,273,1008,-1
273,281,976,273,281,976,273,281,976,-1
281,274,920,281,274,920,281,274,920,-1
274,197,977,274,197,977,274,197,977,-1
197,176,909,197,176,909,197,176,909,-1
176,187,839,176,187,839,176,187,839,-1
187,275,985,187,275,985,187,275,985,-1
275,167,1024,275,167,1024,275,167,1024,-1
167,192,804,167,192,804,167,192,804,-1
192,183,860,192,183,860,192,183,860,-1
183,271,1108,183,271,1108,183,271,1108,-1
271,264,1043,271,264,1043,271,264,1043,-1
264,271,1033,264,271,1033,264,271,1033,-1
271,226,1046,271,226,1046,271,226,1046,-1
226,214,1006,226,214,1006,226,214,1006,-1
214,211,751,214,211,751,214,211,751,-1
211,136,730,211,136,730,211,136,730,-1
136,184,885,136,184,885,136,184,885,-1
184,355,900,184,355,900,184,355,900,-1
355,128,1055,355,128,1055,355,128,1055,-1
128,141,949,128,141,949,128,141,949,-1
141,153,1084,141,153,1084,141,153,1084,-1
153,216,944,153,216,944,153,216,944,-1
216,166,986,216,166,986,216,166,986,-1
166,279,1026,166,279,1026,166,279,1026,-1
279,267,1200,279,267,1200,279,267,1200,-1
267,182,1163,267,182,1163,267,182,1163,-1
182,350,964,182,350,964,182,350,964,-1
350,214,1208,350,214,1208,350,214,1208,-1
214,199,1065,214,199,1065,214,199,1065,-1
199,277,885,199,277,885,199,277,885,-1
277,186,858,277,186,858,277,186,858,-1
186,177,889,186,177,889,186,177,889,-1
177,270,1185,177,270,1185,177,270,1185,-1
270,257,1171,270,257,1171,270,257,1171,-1
257,189,1065,257,189,1065,257,189,1065,-1
189,305,1039,189,305,1039,189,305,1039,-1
305,159,1068,305,159,1068,305,159,1068,-1
159,380,843,159,380,843,159,380,843,-1
380,260,1183,380,260,1183,380,260,1183,-1
260,178,1137,260,178,1137,260,178,1137,-1
178,301,777,178,301,777,178,301,777,-1
301,135,1154,301,135,1154,301,135,1154,-1
135,167,831,135,167,831,135,167,831,-1
167,174,1054,167,174,1054,167,174,1054,-1
174,258,834,174,258,834,174,258,834,-1
258,230,898,258,230,898,258,230,898,-1
230,156,946,230,156,946,230,156,946,-1
156,187,1228,156,187,1228,156,187,1228,-1
187,238,1032,187,238,1032,187,238,1032,-1
238,239,997,238,239,997,238,239,997,-1
239,126,999,239,126,999,239,126,999,-1
126,221,1195,126,221,1195,126,221,1195,-1
221,293,1119,221,293,1119,221,293,1119,-1
293,265,1103,293,265,1103,293,265,1103,-1
265,257,1093,265,257,1093,265,257,1093,-1
257,261,1069,257,261,1069,257,261,1069,-1
261,257,1061,261,257,1061,261,257,1061,-1
257,233,1059,257,233,1059,257,233,1059,-1
233,288,1056,233,288,1056,233,288,1056,-1
288,265,1022,288,265,1022,288,265,1022,-1
265,268,1015,265,268,1015,265,268,1015,-1
268,203,1013,268,203,1013,268,203,1013,-1
203,170,905,203,170,905,203,170,905,-1
170,177,864,170,177,864,170,177,864,-1
177,148,1081,177,148,1081,177,148,1081,-1
148,126,917,148,126,917,148,126,917,-1
126,277,1038,126,277,1038,126,277,1038,-1
277,270,1023,277,270,1023,277,270,1023,-1
270,277,1001,270,277,1001,270,277,1001,-1
277,287,984,277,287,984,277,287,984,-1
287,286,997,287,286,997,287,286,997,-1
286,278,1013,286,278,1013,286,278,1013,-1
278,286,998,278,286,998,278,286,998,-1
286,291,996,286,291,996,286,291,996,-1
291,288,1009,291,288,1009,291,288,1009,-1
288,290,1026,288,290,1026,288,290,1026,-1
290,283,1036,290,283,1036,290,283,1036,-1
283,215,1017,283,215,1017,283,215,1017,-1
215,172,886,215,172,886,215,172,886,-1
172,190,829,172,190,829,172,190,829,-1
190,282,1036,190,282,1036,190,282,1036,-1
282,291,1027,282,291,1027,282,291,1027,-1
291,293,1055,291,293,1055,291,293,1055,-1
293,284,1047,293,284,1047,293,284,1047,-1
284,283,1037,284,283,1037,284,283,1037,-1
283,298,1024,283,298,1024,283,298,1024,-1
298,214,1059,298,214,1059,298,214,1059,-1
214,309,1041,214,309,1041,214,309,1041,-1
309,301,1047,309,301,1047,309,301,1047,-1
301,296,1020,301,296,1020,301,296,1020,-1
296,292,1026,296,292,1026,296,292,1026,-1
292,291,980,292,291,980,292,291,980,-1
291,295,956,291,295,956,291,295,956,-1
295,289,955,295,289,955,295,289,955,-1
289,295,989,289,295,989,289,295,989,-1
295,298,975,295,298,975,295,298,975,-1
298,296,973,298,296,973,298,296,973,-1
296,304,993,296,304,993,296,304,993,-1
304,292,1018,304,292,1018,304,292,1018,-1
292,296,1012,292,296,1012,292,296,1012,-1
296,299,1008,296,299,1008,296,299,1008,-1
299,295,1021,299,295,1021,299,295,1021,-1
295,297,1022,295,297,1022,295,297,1022,-1
297,290,977,297,290,977,297,290,977,-1
290,284,1000,290,284,1000,290,284,1000,-1
284,140,999,284,140,999,284,140,999,-1
140,182,853,140,182,853,140,182,853,-1
182,198,801,182,198,801,182,198,801,-1
198,202,988,198,202,988,198,202,988,-1
202,180,856,202,180,856,202,180,856,-1
180,174,812,180,174,812,180,174,812,-1
174,284,1018,174,284,1018,174,284,1018,-1
284,274,1028,284,274,1028,284,274,1028,-1
274,278,1009,274,278,1009,274,278,1009,-1
278,287,991,278,287,991,278,287,991,-1
287,285,1023,287,285,1023,287,285,1023,-1
285,283,1007,285,283,1007,285,283,1007,-1
283,285,1027,283,285,1027,283,285,1027,-1
285,295,1005,285,295,1005,285,295,1005,-1
295,285,1010,295,285,1010,295,285,1010,-1
285,291,1019,285,291,1019,285,291,1019,-1
291,288,1022,291,288,1022,291,288,1022,-1
288,286,1016,288,286,1016,288,286,1016,-1
286,296,1020,286,296,1020,286,296,1020,-1
296,289,1027,296,289,1027,296,289,1027,-1
289,294,1005,289,294,1005,289,294,1005,-1
294,293,1017,294,293,1017,294,293,1017,-1
293,290,1031,293,290,1031,293,290,1031,-1
290,302,1023,290,302,1023,290,302,1023,-1
302,295,1011,302,295,1011,302,295,1011,-1
295,293,1007,295,293,1007,295,293,1007,-1
293,298,1024,293,298,1024,293,298,1024,-1
298,294,1005,298,294,1005,298,294,1005,-1
294,293,1006,294,293,1006,294,293,1006,-1
293,192,996,293,192,996,293,192,996,-1
192,221,849,192,221,849,192,221,849,-1
221,151,863,221,151,863,221,151,863,-1
151,324,1006,151,324,1006,151,324,1006,-1
324,309,992,324,309,992,324,309,992,-1
309,312,1007,309,312,1007,309,312,1007,-1
312,292,1022,312,292,1022,312,292,1022,-1
292,286,1030,292,286,1030,292,286,1030,-1
286,290,1012,286,290,1012,286,290,1012,-1
290,285,991,290,285,991,290,285,991,-1
285,291,998,285,291,998,285,291,998,-1
291,289,1018,291,289,1018,291,289,1018,-1
289,285,1007,289,285,1007,289,285,1007,-1
285,288,1012,285,288,1012,285,288,1012,-1
288,281,1022,288,281,1022,288,281,1022,-1
281,284,1003,281,284,1003,281,284,1003,-1
284,284,1048,284,284,1048,284,284,1048,-1
284,279,1038,284,279,1038,284,279,1038,-1
279,273,1009,279,273,1009,279,273,1009,-1
273,281,1048,273,281,1048,273,281,1048,-1
281,276,1036,281,276,1036,281,276,1036,-1
276,222,1011,276,222,1011,276,222,1011,-1
222,223,1034,222,223,1034,222,223,1034,-1
223,218,871,223,218,871,223,218,871,-1
218,306,1040,218,306,1040,218,306,1040,-1
306,277,1036,306,277,1036,306,277,1036,-1
277,287,1038,277,287,1038,277,287,1038,-1
287,213,1051,287,213,1051,287,213,1051,-1
213,295,1062,213,295,1062,213,295,1062,-1
295,280,1066,295,280,1066,295,280,1066,-1
280,279,1021,280,279,1021,280,279,1021,-1
279,272,1038,279,272,1038,279,272,1038,-1
272,271,1029,272,271,1029,272,271,1029,-1
271,278,1046,271,278,1046,271,278,1046,-1
278,273,1035,278,273,1035,278,273,1035,-1
273,194,1050,273,194,1050,273,194,1050,-1
194,171,880,194,171,880,194,171,880,-1
171,121,804,171,121,804,171,121,804,-1
121,287,993,121,287,993,121,287,993,-1
287,279,1042,287,279,1042,287,279,1042,-1
279,284,1054,279,284,1054,279,284,1054,-1
284,273,1053,284,273,1053,284,273,1053,-1
273,198,1049,273,198,1049,273,198,1049,-1
198,297,853,198,297,853,198,297,853,-1
297,304,1042,297,304,1042,297,304,1042,-1
304,280,1034,304,280,1034,304,280,1034,-1
280,281,1042,280,281,1042,280,281,1042,-1
281,275,1036,281,275,1036,281,275,1036,-1
275,267,1017,275,267,1017,275,267,1017,-1
267,286,1018,267,286,1018,267,286,1018,-1
286,273,1052,286,273,1052,286,273,1052,-1
273,271,1039,273,271,1039,273,271,1039,-1
271,278,1035,271,278,1035,271,278,1035,-1
278,281,1025,278,281,1025,278,281,1025,-1
281,212,996,281,212,996,281,212,996,-1
212,302,994,212,302,994,212,302,994,-1
302,301,1016,302,301,1016,302,301,1016,-1
301,282,1004,301,282,1004,301,282,1004,-1
282,289,1012,282,289,1012,282,289,1012,-1
289,284,1039,289,284,1039,289,284,1039,-1
284,284,1024,284,284,1024,284,284,1024,-1
284,286,1018,284,286,1018,284,286,1018,-1
286,283,1047,286,283,1047,286,283,1047,-1
283,284,1064,283,284,1064,283,284,1064,-1
284,279,1044,284,279,1044,284,279,1044,-1
279,288,1048,279,288,1048,279,288,1048,-1
288,281,1055,288,281,1055,288,281,1055,-1
281,284,1024,281,284,1024,281,284,1024,-1
284,288,1027,284,288,1027,284,288,1027,-1
288,285,1033,288,285,1033,288,285,1033,-1
285,292,1030,285,292,1030,285,292,1030,-1
292,290,1022,292,290,1022,292,290,1022,-1
290,292,1027,290,292,1027,290,292,1027,-1
292,216,1045,292,216,1045,292,216,1045,-1
216,214,1002,216,214,1002,216,214,1002,-1
214,156,866,214,156,866,214,156,866,-1
156,323,1021,156,323,1021,156,323,1021,-1
323,308,1037,323,308,1037,323,308,1037,-1
308,313,1054,308,313,1054,308,313,1054,-1
313,299,1022,313,299,1022,313,299,1022,-1
299,292,1054,299,292,1054,299,292,1054,-1
292,302,1040,292,302,1040,292,302,1040,-1
302,286,1045,302,286,1045,302,286,1045,-1
286,288,1028,286,288,1028,286,288,1028,-1
288,292,1061,288,292,1061,288,292,1061,-1
292,284,1049,292,284,1049,292,284,1049,-1
284,290,1027,284,290,1027,284,290,1027,-1
290,298,1029,290,298,1029,290,298,1029,-1
298,291,1063,298,291,1063,298,291,1063,-1
291,294,1036,291,294,1036,291,294,1036,-1
294,291,1026,294,291,1026,294,291,1026,-1
291,296,1050,291,296,1050,291,296,1050,-1
296,291,1057,296,291,1057,296,291,1057,-1
291,290,1032,291,290,1032,291,290,1032,-1
290,280,1025,290,280,1025,290,280,1025,-1
280,294,1028,280,294,1028,280,294,1028,-1
294,289,1025,294,289,1025,294,289,1025,-1
289,293,1048,289,293,1048,289,293,1048,-1
293,296,1048,293,296,1048,293,296,1048,-1
296,288,1017,296,288,1017,296,288,1017,-1
288,290,1033,288,290,1033,288,290,1033,-1
290,291,1055,290,291,1055,290,291,1055,-1
291,296,1053,291,296,1053,291,296,1053,-1
296,290,1056,296,290,1056,296,290,1056,-1
290,286,1059,290,286,1059,290,286,1059,-1
286,292,1046,286,292,1046,286,292,1046,-1
292,200,1035,292,200,1035,292,200,1035,-1
200,174,868,200,174,868,200,174,868,-1
174,196,770,174,196,770,174,196,770,-1
196,210,1038,196,210,1038,196,210,1038,-1
210,172,874,210,172,874,210,172,874,-1
172,193,796,172,193,796,172,193,796,-1
193,228,1044,193,228,1044,193,228,1044,-1
228,225,1053,228,225,1053,228,225,1053,-1
225,214,883,225,214,883,225,214,883,-1
214,344,1044,214,344,1044,214,344,1044,-1
344,307,1076,344,307,1076,344,307,1076,-1
307,284,1060,307,284,1060,307,284,1060,-1
284,293,1056,284,293,1056,284,293,1056,-1
293,288,1071,293,288,1071,293,288,1071,-1
288,194,1063,288,194,1063,288,194,1063,-1
194,180,888,194,180,888,194,180,888,-1
180,204,812,180,204,812,180,204,812,-1
204,283,1056,204,283,1056,204,283,1056,-1
283,284,1062,283,284,1062,283,284,1062,-1
284,286,1054,284,286,1054,284,286,1054,-1
286,291,1037,286,291,1037,286,291,1037,-1
291,287,1038,291,287,1038,291,287,1038,-1
287,280,1050,287,280,1050,287,280,1050,-1
280,292,1036,280,292,1036,280,292,1036,-1
292,282,1025,292,282,1025,292,282,1025,-1
282,284,1046,282,284,1046,282,284,1046,-1
284,212,1030,284,212,1030,284,212,1030,-1
212,181,880,212,181,880,212,181,880,-1
181,185,797,181,185,797,181,185,797,-1
185,284,1046,185,284,1046,185,284,1046,-1
284,285,1018,284,285,1018,284,285,1018,-1
285,290,1041,285,290,1041,285,290,1041,-1
290,285,1015,290,285,1015,290,285,1015,-1
285,192,1028,285,192,1028,285,192,1028,-1
192,183,870,192,183,870,192,183,870,-1
183,188,793,183,188,793,183,188,793,-1
188,283,1011,188,283,1011,188,283,1011,-1
283,287,1034,283,287,1034,283,287,1034,-1
287,284,1034,287,284,1034,287,284,1034,-1
284,287,1016,284,287,1016,284,287,1016,-1
287,288,1039,287,288,1039,287,288,1039,-1
288,190,1078,288,190,1078,288,190,1078,-1
190,174,863,190,174,863,190,174,863,-1
174,218,792,174,218,792,174,218,792,-1
218,203,792,218,203,792,218,203,792,-1
203,288,1013,203,288,1013,203,288,1013,-1
288,269,1023,288,269,1023,288,269,1023,-1
269,284,1022,269,284,1022,269,284,1022,-1
284,273,1039,284,273,1039,284,273,1039,-1
273,273,1028,273,273,1028,273,273,1028,-1
273,207,1002,273,207,1002,273,207,1002,-1
207,176,878,207,176,878,207,176,878,-1
176,182,813,176,182,813,176,182,813,-1
182,272,1023,182,272,1023,182,272,1023,-1
272,195,1014,272,195,1014,272,195,1014,-1
195,184,837,195,184,837,195,184,837,-1
184,188,797,184,188,797,184,188,797,-1
188,221,1025,188,221,1025,188,221,1025,-1
221,198,1008,221,198,1008,221,198,1008,-1
198,237,864,198,237,864,198,237,864,-1
237,221,1009,237,221,1009,237,221,1009,-1
221,175,877,221,175,877,221,175,877,-1
175,185,803,175,185,803,175,185,803,-1
185,280,1019,185,280,1019,185,280,1019,-1
280,272,992,280,272,992,280,272,992,-1
272,279,1012,272,279,1012,272,279,1012,-1
279,273,1023,279,273,1023,279,273,1023,-1
273,154,1018,273,154,1018,273,154,1018,-1
154,165,872,154,165,872,154,165,872,-1
165,214,794,165,214,794,165,214,794,-1
214,284,1028,214,284,1028,214,284,1028,-1
284,202,1031,284,202,1031,284,202,1031,-1
202,196,883,202,196,883,202,196,883,-1
196,148,878,196,148,878,196,148,878,-1
148,286,1024,148,286,1024,148,286,1024,-1
286,202,1020,286,202,1020,286,202,1020,-1
202,172,886,202,172,886,202,172,886,-1
172,183,796,172,183,796,172,183,796,-1
183,280,1026,183,280,1026,183,280,1026,-1
280,277,1020,280,277,1020,280,277,1020,-1
277,279,1017,277,279,1017,277,279,1017,-1
279,281,1047,279,281,1047,279,281,1047,-1
281,293,1053,281,293,1053,281,293,1053,-1
293,277,1043,293,277,1043,293,277,1043,-1
277,277,1022,277,277,1022,277,277,1022,-1
277,286,1013,277,286,1013,277,286,1013,-1
286,278,1020,286,278,1020,286,278,1020,-1
278,206,1018,278,206,1018,278,206,1018,-1
206,182,853,206,182,853,206,182,853,-1
182,186,803,182,186,803,182,186,803,-1
186,288,1035,186,288,1035,186,288,1035,-1
288,273,1032,288,273,1032,288,273,1032,-1
273,135,992,273,135,992,273,135,992,-1
135,187,865,135,187,865,135,187,865,-1
187,213,767,187,213,767,187,213,767,-1
213,181,981,213,181,981,213,181,981,-1
181,210,816,181,210,816,181,210,816,-1
210,186,805,210,186,805,210,186,805,-1
186,276,1019,186,276,1019,186,276,1019,-1
276,278,1026,276,278,1026,276,278,1026,-1
278,277,996,278,277,996,278,277,996,-1
277,277,1025,277,277,1025,277,277,1025,-1
277,285,1026,277,285,1026,277,285,1026,-1
285,162,1043,285,162,1043,285,162,1043,-1
162,121,874,162,121,874,162,121,874,-1
121,187,1060,121,187,1060,121,187,1060,-1
187,177,878,187,177,878,187,177,878,-1
177,187,797,177,187,797,177,187,797,-1
187,241,1014,187,241,1014,187,241,1014,-1
241,316,1040,241,316,1040,241,316,1040,-1
316,292,1060,316,292,1060,316,292,1060,-1
292,288,1051,292,288,1051,292,288,1051,-1
288,274,1030,288,274,1030,288,274,1030,-1
274,284,1028,274,284,1028,274,284,1028,-1
284,285,1060,284,285,1060,284,285,1060,-1
285,278,1048,285,278,1048,285,278,1048,-1
278,278,1043,278,278,1043,278,278,1043,-1
278,279,1052,278,279,1052,278,279,1052,-1
279,280,1001,279,280,1001,279,280,1001,-1
280,278,1024,280,278,1024,280,278,1024,-1
278,285,1057,278,285,1057,278,285,1057,-1
285,275,1070,285,275,1070,285,275,1070,-1
275,282,1067,275,282,1067,275,282,1067,-1
282,198,1073,282,198,1073,282,198,1073,-1
198,178,897,198,178,897,198,178,897,-1
178,179,829,178,179,829,178,179,829,-1
179,281,1005,179,281,1005,179,281,1005,-1
281,177,1008,281,177,1008,281,177,1008,-1
177,390,829,177,390,829,177,390,829,-1
390,285,1050,390,285,1050,390,285,1050,-1
285,288,1038,285,288,1038,285,288,1038,-1
288,281,1044,288,281,1044,288,281,1044,-1
281,278,1033,281,278,1033,281,278,1033,-1
278,281,1047,278,281,1047,278,281,1047,-1
281,287,1034,281,287,1034,281,287,1034,-1
287,284,1051,287,284,1051,287,284,1051,-1
284,219,1044,284,219,1044,284,219,1044,-1
219,316,1044,219,316,1044,219,316,1044,-1
316,311,1037,316,311,1037,316,311,1037,-1
311,303,1038,311,303,1038,311,303,1038,-1
303,303,1057,303,303,1057,303,303,1057,-1
303,295,1053,303,295,1053,303,295,1053,-1
295,301,1037,295,301,1037,295,301,1037,-1
301,297,1029,301,297,1029,301,297,1029,-1
297,301,1051,297,301,1051,297,301,1051,-1
301,296,1021,301,296,1021,301,296,1021,-1
296,298,1021,296,298,1021,296,298,1021,-1
298,211,1037,298,211,1037,298,211,1037,-1
211,188,851,211,188,851,211,188,851,-1
188,196,792,188,196,792,188,196,792,-1
196,293,1034,196,293,1034,196,293,1034,-1
293,303,1020,293,303,1020,293,303,1020,-1
303,246,1094,303,246,1094,303,246,1094,-1
246,310,830,246,310,830,246,310,830,-1
310,219,1026,310,219,1026,310,219,1026,-1
219,180,850,219,180,850,219,180,850,-1
180,209,747,180,209,747,180,209,747,-1
209,293,1044,209,293,1044,209,293,1044,-1
293,292,1079,293,292,1079,293,292,1079,-1
292,299,1022,292,299,1022,292,299,1022,-1
299,289,985,299,289,985,299,289,985,-1
289,287,993,289,287,993,289,287,993,-1
287,290,999,287,290,999,287,290,999,-1
290,290,1013,290,290,1013,290,290,1013,-1
290,288,1013,290,288,1013,290,288,1013,-1
288,288,1034,288,288,1034,288,288,1034,-1
288,288,1021,288,288,1021,288,288,1021,-1
288,290,1026,288,290,1026,288,290,1026,-1
290,210,1061,290,210,1061,290,210,1061,-1
210,175,885,210,175,885,210,175,885,-1
175,194,795,175,194,795,175,194,795,-1
194,293,1046,194,293,1046,194,293,1046,-1
293,175,1046,293,175,1046,293,175,1046,-1
175,207,880,175,207,880,175,207,880,-1
207,187,802,207,187,802,207,187,802,-1
187,154,1027,187,154,1027,187,154,1027,-1
154,135,869,154,135,869,154,135,869,-1
135,286,1035,135,286,1035,135,286,1035,-1
286,275,1014,286,275,1014,286,275,1014,-1
275,278,1004,275,278,1004,275,278,1004,-1
278,283,1025,278,283,1025,278,283,1025,-1
283,192,1029,283,192,1029,283,192,1029,-1
192,181,848,192,181,848,192,181,848,-1
181,189,781,181,189,781,181,189,781,-1
189,291,1026,189,291,1026,189,291,1026,-1
291,283,1025,291,283,1025,291,283,1025,-1
283,284,1035,283,284,1035,283,284,1035,-1
284,293,1041,284,293,1041,284,293,1041,-1
293,291,1026,293,291,1026,293,291,1026,-1
291,291,1046,291,291,1046,291,291,1046,-1
291,291,1032,291,291,1032,291,291,1032,-1
291,288,1062,291,288,1062,291,288,1062,-1
288,285,1042,288,285,1042,288,285,1042,-1
285,294,1047,285,294,1047,285,294,1047,-1
294,213,1050,294,213,1050,294,213,1050,-1
213,324,1017,213,324,1017,213,324,1017,-1
324,300,1046,324,300,1046,324,300,1046,-1
300,293,1049,300,293,1049,300,293,1049,-1
293,297,1033,293,297,1033,293,297,1033,-1
297,295,1030,297,295,1030,297,295,1030,-1
295,283,1015,295,283,1015,295,283,1015,-1
283,296,1030,283,296,1030,283,296,1030,-1
296,191,1031,296,191,1031,296,191,1031,-1
191,342,867,191,342,867,191,342,867,-1
342,309,1043,342,309,1043,342,309,1043,-1
309,303,1030,309,303,1030,309,303,1030,-1
303,291,1029,303,291,1029,303,291,1029,-1
291,293,1036,291,293,1036,291,293,1036,-1
293,301,1034,293,301,1034,293,301,1034,-1
301,285,1036,301,285,1036,301,285,1036,-1
285,284,1021,285,284,1021,285,284,1021,-1
284,290,1038,284,290,1038,284,290,1038,-1
290,280,1021,290,280,1021,290,280,1021,-1
280,285,1031,280,285,1031,280,285,1031,-1
285,291,1026,285,291,1026,285,291,1026,-1
291,290,1026,291,290,1026,291,290,1026,-1
290,292,1041,290,292,1041,290,292,1041,-1
292,297,1080,292,297,1080,292,297,1080,-1
297,287,1063,297,287,1063,297,287,1063,-1
287,305,1023,287,305,1023,287,305,1023,-1
305,300,1037,305,300,1037,305,300,1037,-1
300,297,1054,300,297,1054,300,297,1054,-1
297,292,1060,297,292,1060,297,292,1060,-1
292,296,1064,292,296,1064,292,296,1064,-1
296,292,1055,296,292,1055,296,292,1055,-1
292,295,1063,292,295,1063,292,295,1063,-1
295,295,1066,295,295,1066,295,295,1066,-1
295,287,1075,295,287,1075,295,287,1075,-1
287,304,1050,287,304,1050,287,304,1050,-1
304,294,1070,304,294,1070,304,294,1070,-1
294,287,1048,294,287,1048,294,287,1048,-1
287,299,1058,287,299,1058,287,299,1058,-1
299,289,1050,299,289,1050,299,289,1050,-1
289,289,1048,289,289,1048,289,289,1048,-1
289,301,1032,289,301,1032,289,301,1032,-1
301,289,1120,301,289,1120,301,289,1120,-1
289,287,1046,289,287,1046,289,287,1046,-1
287,282,1096,287,282,1096,287,282,1096,-1
282,285,1027,282,285,1027,282,285,1027,-1
285,285,991,285,285,991,285,285,991,-1
285,288,993,285,288,993,285,288,993,-1
288,289,1059,288,289,1059,288,289,1059,-1
289,275,1011,289,275,1011,289,275,1011,-1
275,280,1003,275,280,1003,275,280,1003,-1
280,282,985,280,282,985,280,282,985,-1
282,287,983,282,287,983,282,287,983,-1
287,281,995,287,281,995,287,281,995,-1
281,287,992,281,287,992,281,287,992,-1
287,296,1029,287,296,1029,287,296,1029,-1
296,288,1024,296,288,1024,296,288,1024,-1
288,295,998,288,295,998,288,295,998,-1
295,289,1012,295,289,1012,295,289,1012,-1
289,300,1011,289,300,1011,289,300,1011,-1
300,294,1047,300,294,1047,300,294,1047,-1
294,294,1021,294,294,1021,294,294,1021,-1
294,308,1023,294,308,1023,294,308,1023,-1
308,295,1050,308,295,1050,308,295,1050,-1
295,292,1010,295,292,1010,295,292,1010,-1
292,307,1008,292,307,1008,292,307,1008,-1
307,163,1020,307,163,1020,307,163,1020,-1
163,137,863,163,137,863,163,137,863,-1
137,298,1023,137,298,1023,137,298,1023,-1
298,292,1015,298,292,1015,298,292,1015,-1
292,281,945,292,281,945,292,281,945,-1
281,160,936,281,160,936,281,160,936,-1
160,132,825,160,132,825,160,132,825,-1
132,303,931,132,303,931,132,303,931,-1
303,206,1004,303,206,1004,303,206,1004,-1
206,206,856,206,206,856,206,206,856,-1
206,174,814,206,174,814,206,174,814,-1
174,203,939,174,203,939,174,203,939,-1
203,184,848,203,184,848,203,184,848,-1
184,197,796,184,197,796,184,197,796,-1
197,293,1021,197,293,1021,197,293,1021,-1
293,295,992,293,295,992,293,295,992,-1
295,208,1020,295,208,1020,295,208,1020,-1
208,305,1022,208,305,1022,208,305,1022,-1
305,308,1061,305,308,1061,305,308,1061,-1
308,283,1021,308,283,1021,308,283,1021,-1
283,305,952,283,305,952,283,305,952,-1
305,302,955,305,302,955,305,302,955,-1
302,295,972,302,295,972,302,295,972,-1
295,303,979,295,303,979,295,303,979,-1
303,312,980,303,312,980,303,312,980,-1
312,298,1021,312,298,1021,312,298,1021,-1
298,293,1011,298,293,1011,298,293,1011,-1
293,301,1000,293,301,1000,293,301,1000,-1
301,294,996,301,294,996,301,294,996,-1
294,297,1011,294,297,1011,294,297,1011,-1
297,302,1045,297,302,1045,297,302,1045,-1
302,285,1019,302,285,1019,302,285,1019,-1
285,289,989,285,289,989,285,289,989,-1
289,313,935,289,313,935,289,313,935,-1
313,223,1022,313,223,1022,313,223,1022,-1
223,178,864,223,178,864,223,178,864,-1
178,191,794,178,191,794,178,191,794,-1
191,167,1011,191,167,1011,191,167,1011,-1
167,136,842,167,136,842,167,136,842,-1
136,295,1018,136,295,1018,136,295,1018,-1
295,299,984,295,299,984,295,299,984,-1
299,297,1001,299,297,1001,299,297,1001,-1
297,160,996,297,160,996,297,160,996,-1
160,134,821,160,134,821,160,134,821,-1
134,220,948,134,220,948,134,220,948,-1
220,319,912,220,319,912,220,319,912,-1
319,211,1032,319,211,1032,319,211,1032,-1
211,194,884,211,194,884,211,194,884,-1
194,204,851,194,204,851,194,204,851,-1
204,300,1090,204,300,1090,204,300,1090,-1
300,293,1114,300,293,1114,300,293,1114,-1
293,306,1111,293,306,1111,293,306,1111,-1
306,296,1106,306,296,1106,306,296,1106,-1
296,301,1104,296,301,1104,296,301,1104,-1
301,309,1084,301,309,1084,301,309,1084,-1
309,186,1075,309,186,1075,309,186,1075,-1
186,139,896,186,139,896,186,139,896,-1
139,216,912,139,216,912,139,216,912,-1
216,315,1067,216,315,1067,216,315,1067,-1
315,309,1053,315,309,1053,315,309,1053,-1
309,308,1049,309,308,1049,309,308,1049,-1
308,297,1041,308,297,1041,308,297,1041,-1
297,303,1064,297,303,1064,297,303,1064,-1
303,307,1039,303,307,1039,303,307,1039,-1
307,303,1046,307,303,1046,307,303,1046,-1
303,302,1064,303,302,1064,303,302,1064,-1
302,302,1046,302,302,1046,302,302,1046,-1
302,300,1085,302,300,1085,302,300,1085,-1
300,303,1065,300,303,1065,300,303,1065,-1
303,307,1090,303,307,1090,303,307,1090,-1
307,301,1064,307,301,1064,307,301,1064,-1
301,300,1075,301,300,1075,301,300,1075,-1
300,306,1052,300,306,1052,300,306,1052,-1
306,306,1069,306,306,1069,306,306,1069,-1
306,302,1082,306,302,1082,306,302,1082,-1
302,311,1052,302,311,1052,302,311,1052,-1
311,296,1089,311,296,1089,311,296,1089,-1
296,299,1052,296,299,1052,296,299,1052,-1
299,311,1055,299,311,1055,299,311,1055,-1
311,300,1099,311,300,1099,311,300,1099,-1
300,293,1083,300,293,1083,300,293,1083,-1
293,300,1060,293,300,1060,293,300,1060,-1
300,294,1081,300,294,1081,300,294,1081,-1
294,295,1047,294,295,1047,294,295,1047,-1
295,299,1087,295,299,1087,295,299,1087,-1
299,304,1074,299,304,1074,299,304,1074,-1
304,294,1047,304,294,1047,304,294,1047,-1
294,291,1024,294,291,1024,294,291,1024,-1
291,301,1012,291,301,1012,291,301,1012,-1
301,295,998,301,295,998,301,295,998,-1
295,285,1006,295,285,1006,295,285,1006,-1
285,284,978,285,284,978,285,284,978,-1
284,298,980,284,298,980,284,298,980,-1
298,290,1018,298,290,1018,298,290,1018,-1
290,284,1007,290,284,1007,290,284,1007,-1
284,293,994,284,293,994,284,293,994,-1
293,286,976,293,286,976,293,286,976,-1
286,282,1054,286,282,1054,286,282,1054,-1
282,285,1049,282,285,1049,282,285,1049,-1
285,160,988,285,160,988,285,160,988,-1
160,178,912,160,178,912,160,178,912,-1
178,213,814,178,213,814,178,213,814,-1
213,184,984,213,184,984,213,184,984,-1
184,213,823,184,213,823,184,213,823,-1
213,177,811,213,177,811,213,177,811,-1
177,168,1008,177,168,1008,177,168,1008,-1
168,206,813,168,206,813,168,206,813,-1
206,184,697,206,184,697,206,184,697,-1
184,159,975,184,159,975,184,159,975,-1
159,174,917,159,174,917,159,174,917,-1
174,202,831,174,202,831,174,202,831,-1
202,284,1044,202,284,1044,202,284,1044,-1
284,273,1058,284,273,1058,284,273,1058,-1
273,277,1060,273,277,1060,273,277,1060,-1
277,273,1034,277,273,1034,277,273,1034,-1
273,275,1050,273,275,1050,273,275,1050,-1
275,272,1043,275,272,1043,275,272,1043,-1
272,192,1014,272,192,1014,272,192,1014,-1
192,188,850,192,188,850,192,188,850,-1
188,181,799,188,181,799,188,181,799,-1
181,282,1013,181,282,1013,181,282,1013,-1
282,294,999,282,294,999,282,294,999,-1
294,285,1011,294,285,1011,294,285,1011,-1
285,210,990,285,210,990,285,210,990,-1
210,169,858,210,169,858,210,169,858,-1
169,200,757,169,200,757,169,200,757,-1
200,287,1014,200,287,1014,200,287,1014,-1
287,290,1011,287,290,1011,287,290,1011,-1
290,283,1049,290,283,1049,290,283,1049,-1
283,288,1042,283,288,1042,283,288,1042,-1
288,283,1031,288,283,1031,288,283,1031,-1
283,288,1058,283,288,1058,283,288,1058,-1
288,288,1045,288,288,1045,288,288,1045,-1
288,277,994,288,277,994,288,277,994,-1
277,230,987,277,230,987,277,230,987,-1
230,333,1007,230,333,1007,230,333,1007,-1
333,165,988,333,165,988,333,165,988,-1
165,131,823,165,131,823,165,131,823,-1
131,291,1035,131,291,1035,131,291,1035,-1
291,284,1033,291,284,1033,291,284,1033,-1
284,293,1027,284,293,1027,284,293,1027,-1
293,293,1021,293,293,1021,293,293,1021,-1
293,295,1022,293,295,1022,293,295,1022,-1
295,297,1005,295,297,1005,295,297,1005,-1
297,298,1000,297,298,1000,297,298,1000,-1
298,296,1033,298,296,1033,298,296,1033,-1
296,291,1015,296,291,1015,296,291,1015,-1
291,306,1026,291,306,1026,291,306,1026,-1
306,297,1030,306,297,1030,306,297,1030,-1
297,295,1028,297,295,1028,297,295,1028,-1
295,299,1069,295,299,1069,295,299,1069,-1
299,296,1017,299,296,1017,299,296,1017,-1
296,297,1017,296,297,1017,296,297,1017,-1
297,303,989,297,303,989,297,303,989,-1
303,295,1030,303,295,1030,303,295,1030,-1
295,292,1009,295,292,1009,295,292,1009,-1
292,301,1002,292,301,1002,292,301,1002,-1
301,304,1023,301,304,1023,301,304,1023,-1
304,301,1049,304,301,1049,304,301,1049,-1
301,305,1073,301,305,1073,301,305,1073,-1
305,299,1113,305,299,1113,305,299,1113,-1
299,302,1097,299,302,1097,299,302,1097,-1
302,308,1131,302,308,1131,302,308,1131,-1
308,302,1095,308,302,1095,308,302,1095,-1
302,304,1075,302,304,1075,302,304,1075,-1
304,301,1119,304,301,1119,304,301,1119,-1
301,298,1073,301,298,1073,301,298,1073,-1
298,306,1044,298,306,1044,298,306,1044,-1
306,306,1074,306,306,1074,306,306,1074,-1
306,288,1057,306,288,1057,306,288,1057,-1
288,305,1033,288,305,1033,288,305,1033,-1
305,299,1052,305,299,1052,305,299,1052,-1
299,291,1026,299,291,1026,299,291,1026,-1
291,309,1022,291,309,1022,291,309,1022,-1
309,297,1052,309,297,1052,309,297,1052,-1
297,287,1050,297,287,1050,297,287,1050,-1
287,298,1034,287,298,1034,287,298,1034,-1
298,299,1053,298,299,1053,298,299,1053,-1
299,291,1065,299,291,1065,299,291,1065,-1
291,287,1056,291,287,1056,291,287,1056,-1
287,292,1036,287,292,1036,287,292,1036,-1
292,286,1044,292,286,1044,292,286,1044,-1
286,292,1051,286,292,1051,286,292,1051,-1
292,217,1043,292,217,1043,292,217,1043,-1
217,179,907,217,179,907,217,179,907,-1
179,182,865,179,182,865,179,182,865,-1
182,286,1121,182,286,1121,182,286,1121,-1
286,272,1071,286,272,1071,286,272,1071,-1
272,296,1058,272,296,1058,272,296,1058,-1
296,295,1044,296,295,1044,296,295,1044,-1
295,282,1070,295,282,1070,295,282,1070,-1
282,287,1020,282,287,1020,282,287,1020,-1
287,285,987,287,285,987,287,285,987,-1
285,283,1003,285,283,1003,285,283,1003,-1
283,206,999,283,206,999,283,206,999,-1
206,314,999,206,314,999,206,314,999,-1
314,286,1031,314,286,1031,314,286,1031,-1
286,284,994,286,284,994,286,284,994,-1
284,303,974,284,303,974,284,303,974,-1
303,292,995,303,292,995,303,292,995,-1
292,289,996,292,289,996,292,289,996,-1
289,293,1000,289,293,1000,289,293,1000,-1
293,296,981,293,296,981,293,296,981,-1
296,290,951,296,290,951,296,290,951,-1
290,300,949,290,300,949,290,300,949,-1
300,301,972,300,301,972,300,301,972,-1
301,296,1009,301,296,1009,301,296,1009,-1
296,301,1048,296,301,1048,296,301,1048,-1
301,304,1055,301,304,1055,301,304,1055,-1
304,301,1043,304,301,1043,304,301,1043,-1
301,309,1052,301,309,1052,301,309,1052,-1
309,295,1017,309,295,1017,309,295,1017,-1
295,306,1013,295,306,1013,295,306,1013,-1
306,310,1038,306,310,1038,306,310,1038,-1
310,306,1064,310,306,1064,310,306,1064,-1
306,313,1060,306,313,1060,306,313,1060,-1
313,309,1076,313,309,1076,313,309,1076,-1
309,302,1062,309,302,1062,309,302,1062,-1
302,316,1047,302,316,1047,302,316,1047,-1
316,308,1033,316,308,1033,316,308,1033,-1
308,307,1060,308,307,1060,308,307,1060,-1
307,310,1052,307,310,1052,307,310,1052,-1
310,310,1039,310,310,1039,310,310,1039,-1
310,311,1022,310,311,1022,310,311,1022,-1
311,317,1032,311,317,1032,311,317,1032,-1
317,308,1012,317,308,1012,317,308,1012,-1
308,311,1011,308,311,1011,308,311,1011,-1
311,315,1023,311,315,1023,311,315,1023,-1
315,312,1048,315,312,1048,315,312,1048,-1
312,305,1038,312,305,1038,312,305,1038,-1
305,300,1017,305,300,1017,305,300,1017,-1
300,310,1015,300,310,1015,300,310,1015,-1
310,304,1062,310,304,1062,310,304,1062,-1
304,302,1036,304,302,1036,304,302,1036,-1
302,311,1048,302,311,1048,302,311,1048,-1
311,299,1073,311,299,1073,311,299,1073,-1
299,296,1049,299,296,1049,299,296,1049,-1
296,313,1052,296,313,1052,296,313,1052,-1
313,299,1068,313,299,1068,313,299,1068,-1
299,296,1058,299,296,1058,299,296,1058,-1
296,306,1074,296,306,1074,296,306,1074,-1
306,304,1085,306,304,1085,306,304,1085,-1
304,300,1062,304,300,1062,304,300,1062,-1
300,312,1032,300,312,1032,300,312,1032,-1
312,305,1046,312,305,1046,312,305,1046,-1
305,293,1041,305,293,1041,305,293,1041,-1
293,302,1058,293,302,1058,293,302,1058,-1
302,304,1076,302,304,1076,302,304,1076,-1
304,288,1089,304,288,1089,304,288,1089,-1
288,290,1038,288,290,1038,288,290,1038,-1
290,301,1081,290,301,1081,290,301,1081,-1
301,286,1045,301,286,1045,301,286,1045,-1
286,295,1011,286,295,1011,286,295,1011,-1
295,305,1006,295,305,1006,295,305,1006,-1
305,290,1011,305,290,1011,305,290,1011,-1
290,302,998,290,302,998,290,302,998,-1
302,303,1022,302,303,1022,302,303,1022,-1
303,299,1017,303,299,1017,303,299,1017,-1
299,300,1014,299,300,1014,299,300,1014,-1
300,293,1022,300,293,1022,300,293,1022,-1
293,302,1062,293,302,1062,293,302,1062,-1
302,295,1048,302,295,1048,302,295,1048,-1
295,291,1031,295,291,1031,295,291,1031,-1
291,303,1047,291,303,1047,291,303,1047,-1
303,293,1060,303,293,1060,303,293,1060,-1
293,289,1028,293,289,1028,293,289,1028,-1
289,300,1024,289,300,1024,289,300,1024,-1
300,300,1054,300,300,1054,300,300,1054,-1
300,294,1052,300,294,1052,300,294,1052,-1
294,293,1031,294,293,1031,294,293,1031,-1
293,307,1056,293,307,1056,293,307,1056,-1
307,294,1052,307,294,1052,307,294,1052,-1
294,300,1019,294,300,1019,294,300,1019,-1
300,309,1009,300,309,1009,300,309,1009,-1
309,299,1022,309,299,1022,309,299,1022,-1
299,296,1011,299,296,1011,299,296,1011,-1
296,307,988,296,307,988,296,307,988,-1
307,299,991,307,299,991,307,299,991,-1
299,301,1018,299,301,1018,299,301,1018,-1
301,293,1026,301,293,1026,301,293,1026,-1
293,298,980,293,298,980,293,298,980,-1
298,306,988,298,306,988,298,306,988,-1
306,301,1008,306,301,1008,306,301,1008,-1
301,306,994,301,306,994,301,306,994,-1
306,307,989,306,307,989,306,307,989,-1
307,305,1019,307,305,1019,307,305,1019,-1
305,312,1004,305,312,1004,305,312,1004,-1
312,311,997,312,311,997,312,311,997,-1
311,307,1017,311,307,1017,311,307,1017,-1
307,308,1030,307,308,1030,307,308,1030,-1
308,311,1022,308,311,1022,308,311,1022,-1
311,307,1035,311,307,1035,311,307,1035,-1
307,315,1039,307,315,1039,307,315,1039,-1
315,308,1044,315,308,1044,315,308,1044,-1
308,305,1036,308,305,1036,308,305,1036,-1
305,314,1032,305,314,1032,305,314,1032,-1
314,315,1038,314,315,1038,314,315,1038,-1
315,308,1033,315,308,1033,315,308,1033,-1
308,309,1009,308,309,1009,308,309,1009,-1
309,316,996,309,316,996,309,316,996,-1
316,308,1019,316,308,1019,316,308,1019,-1
308,199,1013,308,199,1013,308,199,1013,-1
199,156,867,199,156,867,199,156,867,-1
156,207,880,156,207,880,156,207,880,-1
207,318,1043,207,318,1043,207,318,1043,-1
318,307,1018,318,307,1018,318,307,1018,-1
307,299,1004,307,299,1004,307,299,1004,-1
299,292,936,299,292,936,299,292,936,-1
292,292,1018,292,292,1018,292,292,1018,-1
292,276,1036,292,276,1036,292,276,1036,-1
276,289,989,276,289,989,276,289,989,-1
289,242,1023,289,242,1023,289,242,1023,-1
242,313,1059,242,313,1059,242,313,1059,-1
313,307,1035,313,307,1035,313,307,1035,-1
307,299,1073,307,299,1073,307,299,1073,-1
299,293,1089,299,293,1089,299,293,1089,-1
293,305,1068,293,305,1068,293,305,1068,-1
305,307,1085,305,307,1085,305,307,1085,-1
307,295,1063,307,295,1063,307,295,1063,-1
295,293,1054,295,293,1054,295,293,1054,-1
293,306,1059,293,306,1059,293,306,1059,-1
306,295,1081,306,295,1081,306,295,1081,-1
295,295,1043,295,295,1043,295,295,1043,-1
295,306,1089,295,306,1089,295,306,1089,-1
306,296,1080,306,296,1080,306,296,1080,-1
296,296,1069,296,296,1069,296,296,1069,-1
296,298,1032,296,298,1032,296,298,1032,-1
298,303,1041,298,303,1041,298,303,1041,-1
303,300,1033,303,300,1033,303,300,1033,-1
300,293,1009,300,293,1009,300,293,1009,-1
293,306,1012,293,306,1012,293,306,1012,-1
306,130,1039,306,130,1039,306,130,1039,-1
130,204,902,130,204,902,130,204,902,-1
204,262,791,204,262,791,204,262,791,-1
262,201,1019,262,201,1019,262,201,1019,-1
201,214,827,201,214,827,201,214,827,-1
214,176,871,214,176,871,214,176,871,-1
176,305,1046,176,305,1046,176,305,1046,-1
305,315,1016,305,315,1016,305,315,1016,-1
315,311,1024,315,311,1024,315,311,1024,-1
311,304,1059,311,304,1059,311,304,1059,-1
304,306,1029,304,306,1029,304,306,1029,-1
306,311,1006,306,311,1006,306,311,1006,-1
311,228,1015,311,228,1015,311,228,1015,-1
228,368,1005,228,368,1005,228,368,1005,-1
368,334,1061,368,334,1061,368,334,1061,-1
334,322,1060,334,322,1060,334,322,1060,-1
322,319,1028,322,319,1028,322,319,1028,-1
319,322,1027,319,322,1027,319,322,1027,-1
322,320,1055,322,320,1055,322,320,1055,-1
320,311,1034,320,311,1034,320,311,1034,-1
311,310,1010,311,310,1010,311,310,1010,-1
310,309,998,310,309,998,310,309,998,-1
309,316,994,309,316,994,309,316,994,-1
316,313,1025,316,313,1025,316,313,1025,-1
313,313,988,313,313,988,313,313,988,-1
313,312,999,313,312,999,313,312,999,-1
312,318,1004,312,318,1004,312,318,1004,-1
318,320,1012,318,320,1012,318,320,1012,-1
320,316,1024,320,316,1024,320,316,1024,-1
316,225,1006,316,225,1006,316,225,1006,-1
225,373,995,225,373,995,225,373,995,-1
373,332,996,373,332,996,373,332,996,-1
332,184,1011,332,184,1011,332,184,1011,-1
184,274,796,184,274,796,184,274,796,-1
274,182,863,274,182,863,274,182,863,-1
182,316,1025,182,316,1025,182,316,1025,-1
316,313,1018,316,313,1018,316,313,1018,-1
313,235,1012,313,235,1012,313,235,1012,-1
235,364,1012,235,364,1012,235,364,1012,-1
364,329,1005,364,329,1005,364,329,1005,-1
329,326,1024,329,326,1024,329,326,1024,-1
326,322,1008,326,322,1008,326,322,1008,-1
322,321,1024,322,321,1024,322,321,1024,-1
321,329,1027,321,329,1027,321,329,1027,-1
329,322,993,329,322,993,329,322,993,-1
322,316,1009,322,316,1009,322,316,1009,-1
316,322,1029,316,322,1029,316,322,1029,-1
322,311,1011,322,311,1011,322,311,1011,-1
311,310,1000,311,310,1000,311,310,1000,-1
310,320,1031,310,320,1031,310,320,1031,-1
320,225,1017,320,225,1017,320,225,1017,-1
225,370,992,225,370,992,225,370,992,-1
370,341,1024,370,341,1024,370,341,1024,-1
341,316,1053,341,316,1053,341,316,1053,-1
316,320,1053,316,320,1053,316,320,1053,-1
320,326,1012,320,326,1012,320,326,1012,-1
326,313,1044,326,313,1044,326,313,1044,-1
313,317,1071,313,317,1071,313,317,1071,-1
317,313,1058,317,313,1058,317,313,1058,-1
313,305,1035,313,305,1035,313,305,1035,-1
305,314,1063,305,314,1063,305,314,1063,-1
314,309,1055,314,309,1055,314,309,1055,-1
309,225,1042,309,225,1042,309,225,1042,-1
225,357,1014,225,357,1014,225,357,1014,-1
357,307,1071,357,307,1071,357,307,1071,-1
307,313,1053,307,313,1053,307,313,1053,-1
313,310,1023,313,310,1023,313,310,1023,-1
310,220,1036,310,220,1036,310,220,1036,-1
220,181,1021,220,181,1021,220,181,1021,-1
181,162,845,181,162,845,181,162,845,-1
162,306,1024,162,306,1024,162,306,1024,-1
306,305,987,306,305,987,306,305,987,-1
305,310,1049,305,310,1049,305,310,1049,-1
310,222,1021,310,222,1021,310,222,1021,-1
222,184,997,222,184,997,222,184,997,-1
184,160,864,184,160,864,184,160,864,-1
160,306,1055,160,306,1055,160,306,1055,-1
306,312,1044,306,312,1044,306,312,1044,-1
312,305,1035,312,305,1035,312,305,1035,-1
305,301,1031,305,301,1031,305,301,1031,-1
301,305,1071,301,305,1071,301,305,1071,-1
305,300,1075,305,300,1075,305,300,1075,-1
300,221,1047,300,221,1047,300,221,1047,-1
221,358,1024,221,358,1024,221,358,1024,-1
358,307,1071,358,307,1071,358,307,1071,-1
307,309,1051,307,309,1051,307,309,1051,-1
309,227,1037,309,227,1037,309,227,1037,-1
227,350,1035,227,350,1035,227,350,1035,-1
350,315,1044,350,315,1044,350,315,1044,-1
315,308,1021,315,308,1021,315,308,1021,-1
308,229,1036,308,229,1036,308,229,1036,-1
229,207,1025,229,207,1025,229,207,1025,-1
207,145,869,207,145,869,207,145,869,-1
145,317,1022,145,317,1022,145,317,1022,-1
317,315,1050,317,315,1050,317,315,1050,-1
315,310,1012,315,310,1012,315,310,1012,-1
310,306,999,310,306,999,310,306,999,-1
306,316,1035,306,316,1035,306,316,1035,-1
316,305,1043,316,305,1043,316,305,1043,-1
305,300,1008,305,300,1008,305,300,1008,-1
300,310,1017,300,310,1017,300,310,1017,-1
310,307,1016,310,307,1016,310,307,1016,-1
307,304,1007,307,304,1007,307,304,1007,-1
304,319,1007,304,319,1007,304,319,1007,-1
319,312,1027,319,312,1027,319,312,1027,-1
312,307,1019,312,307,1019,312,307,1019,-1
307,317,1018,307,317,1018,307,317,1018,-1
317,314,1026,317,314,1026,317,314,1026,-1
314,312,1015,314,312,1015,314,312,1015,-1
312,311,1016,312,311,1016,312,311,1016,-1
311,309,1038,311,309,1038,311,309,1038,-1
309,311,1030,309,311,1030,309,311,1030,-1
311,316,1008,311,316,1008,311,316,1008,-1
316,321,1013,316,321,1013,316,321,1013,-1
321,310,1014,321,310,1014,321,310,1014,-1
310,313,989,310,313,989,310,313,989,-1
313,325,1007,313,325,1007,313,325,1007,-1
325,313,1026,325,313,1026,325,313,1026,-1
313,304,997,313,304,997,313,304,997,-1
304,311,985,304,311,985,304,311,985,-1
311,313,973,311,313,973,311,313,973,-1
313,307,1013,313,307,1013,313,307,1013,-1
307,308,1008,307,308,1008,307,308,1008,-1
308,309,984,308,309,984,308,309,984,-1
309,309,1003,309,309,1003,309,309,1003,-1
309,308,1043,309,308,1043,309,308,1043,-1
308,308,1024,308,308,1024,308,308,1024,-1
308,304,1009,308,304,1009,308,304,1009,-1
304,307,1023,304,307,1023,304,307,1023,-1
307,310,1017,307,310,1017,307,310,1017,-1
310,305,1005,310,305,1005,310,305,1005,-1
305,316,992,305,316,992,305,316,992,-1
316,312,1038,316,312,1038,316,312,1038,-1
312,302,1031,312,302,1031,312,302,1031,-1
302,305,993,302,305,993,302,305,993,-1
305,310,1020,305,310,1020,305,310,1020,-1
310,301,1018,310,301,1018,310,301,1018,-1
301,302,1008,301,302,1008,301,302,1008,-1
302,296,978,302,296,978,302,296,978,-1
296,307,1010,296,307,1010,296,307,1010,-1
307,300,1014,307,300,1014,307,300,1014,-1
300,298,991,300,298,991,300,298,991,-1
298,310,960,298,310,960,298,310,960,-1
310,305,999,310,305,999,310,305,999,-1
305,294,994,305,294,994,305,294,994,-1
294,313,960,294,313,960,294,313,960,-1
313,180,984,313,180,984,313,180,984,-1
180,179,750,180,179,750,180,179,750,-1
179,233,818,179,233,818,179,233,818,-1
233,307,980,233,307,980,233,307,980,-1
307,300,974,307,300,974,307,300,974,-1
300,297,1013,300,297,1013,300,297,1013,-1
297,298,986,297,298,986,297,298,986,-1
298,303,979,298,303,979,298,303,979,-1
303,300,1011,303,300,1011,303,300,1011,-1
300,298,994,300,298,994,300,298,994,-1
298,308,967,298,308,967,298,308,967,-1
308,308,995,308,308,995,308,308,995,-1
308,302,993,308,302,993,308,302,993,-1
302,302,972,302,302,972,302,302,972,-1
302,310,975,302,310,975,302,310,975,-1
310,308,999,310,308,999,310,308,999,-1
308,306,971,308,306,971,308,306,971,-1
306,316,969,306,316,969,306,316,969,-1
316,304,994,316,304,994,316,304,994,-1
304,302,998,304,302,998,304,302,998,-1
302,312,976,302,312,976,302,312,976,-1
312,304,992,312,304,992,312,304,992,-1
304,297,996,304,297,996,304,297,996,-1
297,312,979,297,312,979,297,312,979,-1
312,309,1006,312,309,1006,312,309,1006,-1
309,310,1026,309,310,1026,309,310,1026,-1
310,317,1002,310,317,1002,310,317,1002,-1
317,309,998,317,309,998,317,309,998,-1
309,316,1016,309,316,1016,309,316,1016,-1
316,318,1022,316,318,1022,316,318,1022,-1
318,312,1012,318,312,1012,318,312,1012,-1
312,314,1033,312,314,1033,312,314,1033,-1
314,307,1034,314,307,1034,314,307,1034,-1
307,312,1010,307,312,1010,307,312,1010,-1
312,314,1036,312,314,1036,312,314,1036,-1
314,306,1031,314,306,1031,314,306,1031,-1
306,314,1025,306,314,1025,306,314,1025,-1
314,317,1036,314,317,1036,314,317,1036,-1
317,305,1058,317,305,1058,317,305,1058,-1
305,314,1033,305,314,1033,305,314,1033,-1
314,311,1032,314,311,1032,314,311,1032,-1
311,305,1035,311,305,1035,311,305,1035,-1
305,316,1014,305,316,1014,305,316,1014,-1
316,308,1041,316,308,1041,316,308,1041,-1
308,304,1046,308,304,1046,308,304,1046,-1
304,312,1025,304,312,1025,304,312,1025,-1
312,306,1025,312,306,1025,312,306,1025,-1
306,300,1042,306,300,1042,306,300,1042,-1
300,314,1041,300,314,1041,300,314,1041,-1
314,305,1064,314,305,1064,314,305,1064,-1
305,304,1085,305,304,1085,305,304,1085,-1
304,311,1064,304,311,1064,304,311,1064,-1
311,303,1079,311,303,1079,311,303,1079,-1
303,302,1078,303,302,1078,303,302,1078,-1
302,304,1054,302,304,1054,302,304,1054,-1
304,305,1073,304,305,1073,304,305,1073,-1
305,305,1082,305,305,1082,305,305,1082,-1
305,299,1048,305,299,1048,305,299,1048,-1
299,308,1048,299,308,1048,299,308,1048,-1
308,309,1097,308,309,1097,308,309,1097,-1
309,216,1020,309,216,1020,309,216,1020,-1
216,320,979,216,320,979,216,320,979,-1
320,313,1054,320,313,1054,320,313,1054,-1
313,298,1073,313,298,1073,313,298,1073,-1
298,311,1055,298,311,1055,298,311,1055,-1
311,306,1048,311,306,1048,311,306,1048,-1
306,298,1077,306,298,1077,306,298,1077,-1
298,303,1068,298,303,1068,298,303,1068,-1
303,310,1054,303,310,1054,303,310,1054,-1
310,304,1069,310,304,1069,310,304,1069,-1
304,298,1063,304,298,1063,304,298,1063,-1
298,303,1034,298,303,1034,298,303,1034,-1
303,300,1031,303,300,1031,303,300,1031,-1
300,301,1050,300,301,1050,300,301,1050,-1
301,301,1033,301,301,1033,301,301,1033,-1
301,209,1023,301,209,1023,301,209,1023,-1
209,184,874,209,184,874,209,184,874,-1
184,200,808,184,200,808,184,200,808,-1
200,299,1044,200,299,1044,200,299,1044,-1
299,293,1018,299,293,1018,299,293,1018,-1
293,304,1030,293,304,1030,293,304,1030,-1
304,293,1039,304,293,1039,304,293,1039,-1
293,299,1026,293,299,1026,293,299,1026,-1
299,304,1035,299,304,1035,299,304,1035,-1
304,195,1042,304,195,1042,304,195,1042,-1
195,198,852,195,198,852,195,198,852,-1
198,204,907,198,204,907,198,204,907,-1
204,122,828,204,122,828,204,122,828,-1
122,151,871,122,151,871,122,151,871,-1
151,311,1034,151,311,1034,151,311,1034,-1
311,314,1029,311,314,1029,311,314,1029,-1
314,308,1040,314,308,1040,314,308,1040,-1
308,304,1022,308,304,1022,308,304,1022,-1
304,306,1009,304,306,1009,304,306,1009,-1
306,305,1009,306,305,1009,306,305,1009,-1
305,296,1016,305,296,1016,305,296,1016,-1
296,305,1013,296,305,1013,296,305,1013,-1
305,309,1029,305,309,1029,305,309,1029,-1
309,294,1031,309,294,1031,309,294,1031,-1
294,302,1017,294,302,1017,294,302,1017,-1
302,310,1017,302,310,1017,302,310,1017,-1
310,304,1029,310,304,1029,310,304,1029,-1
304,305,1037,304,305,1037,304,305,1037,-1
305,300,1021,305,300,1021,305,300,1021,-1
300,297,1044,300,297,1044,300,297,1044,-1
297,296,1021,297,296,1021,297,296,1021,-1
296,172,947,296,172,947,296,172,947,-1
172,129,851,172,129,851,172,129,851,-1
129,298,1048,129,298,1048,129,298,1048,-1
298,291,1010,298,291,1010,298,291,1010,-1
291,283,993,291,283,993,291,283,993,-1
283,215,1014,283,215,1014,283,215,1014,-1
215,318,997,215,318,997,215,318,997,-1
318,295,1018,318,295,1018,318,295,1018,-1
295,291,1035,295,291,1035,295,291,1035,-1
291,300,1022,291,300,1022,291,300,1022,-1
300,298,1042,300,298,1042,300,298,1042,-1
298,304,1028,298,304,1028,298,304,1028,-1
304,314,1014,304,314,1014,304,314,1014,-1
314,301,1043,314,301,1043,314,301,1043,-1
301,304,1017,301,304,1017,301,304,1017,-1
304,319,997,304,319,997,304,319,997,-1
319,310,1015,319,310,1015,319,310,1015,-1
310,299,1028,310,299,1028,310,299,1028,-1
299,307,1011,299,307,1011,299,307,1011,-1
307,300,1003,307,300,1003,307,300,1003,-1
300,301,1051,300,301,1051,300,301,1051,-1
301,308,1063,301,308,1063,301,308,1063,-1
308,299,1043,308,299,1043,308,299,1043,-1
299,307,1026,299,307,1026,299,307,1026,-1
307,311,1044,307,311,1044,307,311,1044,-1
311,311,1033,311,311,1033,311,311,1033,-1
311,319,1005,311,319,1005,311,319,1005,-1
319,311,1020,319,311,1020,319,311,1020,-1
311,313,1046,311,313,1046,311,313,1046,-1
313,195,1011,313,195,1011,313,195,1011,-1
195,206,803,195,206,803,195,206,803,-1
206,212,870,206,212,870,206,212,870,-1
212,248,1013,212,248,1013,212,248,1013,-1
248,373,1159,248,373,1159,248,373,1159,-1
373,301,1050,373,301,1050,373,301,1050,-1
301,312,1040,301,312,1040,301,312,1040,-1
312,308,1035,312,308,1035,312,308,1035,-1
308,302,1048,308,302,1048,308,302,1048,-1
302,305,1037,302,305,1037,302,305,1037,-1
305,306,1011,305,306,1011,305,306,1011,-1
306,312,1030,306,312,1030,306,312,1030,-1
312,310,998,312,310,998,312,310,998,-1
310,311,992,310,311,992,310,311,992,-1
311,308,991,311,308,991,311,308,991,-1
308,315,1007,308,315,1007,308,315,1007,-1
315,313,1027,315,313,1027,315,313,1027,-1
313,311,1013,313,311,1013,313,311,1013,-1
311,308,1012,311,308,1012,311,308,1012,-1
308,307,1058,308,307,1058,308,307,1058,-1
307,309,1011,307,309,1011,307,309,1011,-1
309,310,1015,309,310,1015,309,310,1015,-1
310,311,1015,310,311,1015,310,311,1015,-1
311,313,1033,311,313,1033,311,313,1033,-1
313,306,1006,313,306,1006,313,306,1006,-1
306,313,1003,306,313,1003,306,313,1003,-1
313,308,1006,313,308,1006,313,308,1006,-1
308,130,1004,308,130,1004,308,130,1004,-1
130,176,861,130,176,861,130,176,861,-1
176,130,1040,176,130,1040,176,130,1040,-1
130,173,863,130,173,863,130,173,863,-1
173,197,975,173,197,975,173,197,975,-1
197,281,778,197,281,778,197,281,778,-1
281,130,848,281,130,848,281,130,848,-1
130,300,1069,130,300,1069,130,300,1069,-1
300,305,1054,300,305,1054,300,305,1054,-1
305,198,1053,305,198,1053,305,198,1053,-1
198,266,937,198,266,937,198,266,937,-1
266,256,924,266,256,924,266,256,924,-1
256,162,927,256,162,927,256,162,927,-1
162,285,1055,162,285,1055,162,285,1055,-1
285,232,1072,285,232,1072,285,232,1072,-1
232,179,1051,232,179,1051,232,179,1051,-1
179,133,868,179,133,868,179,133,868,-1
133,156,1058,133,156,1058,133,156,1058,-1
156,142,902,156,142,902,156,142,902,-1
142,287,1095,142,287,1095,142,287,1095,-1
287,286,1084,287,286,1084,287,286,1084,-1
286,201,1086,286,201,1086,286,201,1086,-1
201,190,888,201,190,888,201,190,888,-1
190,129,819,190,129,819,190,129,819,-1
129,159,1077,129,159,1077,129,159,1077,-1
159,151,908,159,151,908,159,151,908,-1
151,205,1138,151,205,1138,151,205,1138,-1
205,204,808,205,204,808,205,204,808,-1
204,156,846,204,156,846,204,156,846,-1
156,173,1053,156,173,1053,156,173,1053,-1
173,360,855,173,360,855,173,360,855,-1
360,184,1083,360,184,1083,360,184,1083,-1
184,246,940,184,246,940,184,246,940,-1
246,360,944,246,360,944,246,360,944,-1
360,181,1106,360,181,1106,360,181,1106,-1
181,344,920,181,344,920,181,344,920,-1
344,157,1124,344,157,1124,344,157,1124,-1
157,187,908,157,187,908,157,187,908,-1
187,164,781,187,164,781,187,164,781,-1
164,170,1126,164,170,1126,164,170,1126,-1
170,197,921,170,197,921,170,197,921,-1
197,149,866,197,149,866,197,149,866,-1
149,248,1076,149,248,1076,149,248,1076,-1
248,250,1076,248,250,1076,248,250,1076,-1
250,162,1099,250,162,1099,250,162,1099,-1
162,197,902,162,197,902,162,197,902,-1
197,134,903,197,134,903,197,134,903,-1
134,244,1010,134,244,1010,134,244,1010,-1
244,244,1055,244,244,1055,244,244,1055,-1
244,140,1044,244,140,1044,244,140,1044,-1
140,347,971,140,347,971,140,347,971,-1
347,241,989,347,241,989,347,241,989,-1
241,145,1011,241,145,1011,241,145,1011,-1
145,336,852,145,336,852,145,336,852,-1
336,247,974,336,247,974,336,247,974,-1
247,162,1020,247,162,1020,247,162,1020,-1
162,321,866,162,321,866,162,321,866,-1
321,149,973,321,149,973,321,149,973,-1
149,186,837,149,186,837,149,186,837,-1
186,150,774,186,150,774,186,150,774,-1
150,245,980,150,245,980,150,245,980,-1
245,129,1006,245,129,1006,245,129,1006,-1
129,361,906,129,361,906,129,361,906,-1
361,175,1013,361,175,1013,361,175,1013,-1
175,170,900,175,170,900,175,170,900,-1
170,149,851,170,149,851,170,149,851,-1
149,239,1014,149,239,1014,149,239,1014,-1
239,166,993,239,166,993,239,166,993,-1
166,253,889,166,253,889,166,253,889,-1
253,229,888,253,229,888,253,229,888,-1
229,202,884,229,202,884,229,202,884,-1
202,127,869,202,127,869,202,127,869,-1
127,165,1014,127,165,1014,127,165,1014,-1
165,199,896,165,199,896,165,199,896,-1
199,210,885,199,210,885,199,210,885,-1
210,149,811,210,149,811,210,149,811,-1
149,161,1008,149,161,1008,149,161,1008,-1
161,178,854,161,178,854,161,178,854,-1
178,150,852,178,150,852,178,150,852,-1
150,245,1015,150,245,1015,150,245,1015,-1
245,242,1011,245,242,1011,245,242,1011,-1
242,138,1006,242,138,1006,242,138,1006,-1
138,350,933,138,350,933,138,350,933,-1
350,247,982,350,247,982,350,247,982,-1
247,243,993,247,243,993,247,243,993,-1
243,142,970,243,142,970,243,142,970,-1
142,344,861,142,344,861,142,344,861,-1
344,140,941,344,140,941,344,140,941,-1
140,269,845,140,269,845,140,269,845,-1
269,198,850,269,198,850,269,198,850,-1
198,121,891,198,121,891,198,121,891,-1
121,242,976,121,242,976,121,242,976,-1
242,246,963,242,246,963,242,246,963,-1
246,155,966,246,155,966,246,155,966,-1
155,336,840,155,336,840,155,336,840,-1
336,241,973,336,241,973,336,241,973,-1
241,189,988,241,189,988,241,189,988,-1
189,189,958,189,189,958,189,189,958,-1
189,184,883,189,184,883,189,184,883,-1
184,157,819,184,157,819,184,157,819,-1
157,142,976,157,142,976,157,142,976,-1
142,352,852,142,352,852,142,352,852,-1
352,247,957,352,247,957,352,247,957,-1
247,135,999,247,135,999,247,135,999,-1
135,195,926,135,195,926,135,195,926,-1
195,162,858,195,162,858,195,162,858,-1
162,254,987,162,254,987,162,254,987,-1
254,244,996,254,244,996,254,244,996,-1
244,246,997,244,246,997,244,246,997,-1
246,250,994,246,250,994,246,250,994,-1
250,257,1028,250,257,1028,250,257,1028,-1
257,144,1041,257,144,1041,257,144,1041,-1
144,184,913,144,184,913,144,184,913,-1
184,163,824,184,163,824,184,163,824,-1
163,164,1027,163,164,1027,163,164,1027,-1
164,173,902,164,173,902,164,173,902,-1
173,157,831,173,157,831,173,157,831,-1
157,152,1022,157,152,1022,157,152,1022,-1
152,236,902,152,236,902,152,236,902,-1
236,286,907,236,286,907,236,286,907,-1
286,335,862,286,335,862,286,335,862,-1
335,249,1006,335,249,1006,335,249,1006,-1
249,167,994,249,167,994,249,167,994,-1
167,179,858,167,179,858,167,179,858,-1
179,161,813,179,161,813,179,161,813,-1
161,144,1029,161,144,1029,161,144,1029,-1
