126,126,874,126,126,874,126,126,874,-1
126,224,901,126,224,901,126,224,901,1
224,125,866,224,125,866,224,125,866,1
125,132,886,125,132,886,125,132,886,1
132,228,842,132,228,842,132,228,842,1
228,219,851,228,219,851,228,219,851,1
219,351,860,219,351,860,219,351,860,1
351,355,879,351,355,879,351,355,879,1
355,121,858,355,121,858,355,121,858,1
121,238,885,121,238,885,121,238,885,1
238,130,886,238,130,886,238,130,886,1
130,233,914,130,233,914,130,233,914,1
233,244,895,233,244,895,233,244,895,1
244,122,851,244,122,851,244,122,851,1
122,124,859,122,124,859,122,124,859,1
124,126,877,124,126,877,124,126,877,1
126,245,822,126,245,822,126,245,822,1
245,233,869,245,233,869,245,233,869,1
233,127,836,233,127,836,233,127,836,1
127,245,853,127,245,853,127,245,853,1
245,128,816,245,128,816,245,128,816,1
128,228,770,128,228,770,128,228,770,1
228,353,697,228,353,697,228,353,697,1
353,128,755,353,128,755,353,128,755,1
128,239,811,128,239,811,128,239,811,1
239,122,839,239,122,839,239,122,839,1
122,234,885,122,234,885,122,234,885,1
234,125,940,234,125,940,234,125,940,1
125,233,1009,125,233,1009,125,233,1009,1
233,128,1003,233,128,1003,233,128,1003,1
128,235,1013,128,235,1013,128,235,1013,1
235,125,941,235,125,941,235,125,941,1
125,235,954,125,235,954,125,235,954,1
235,125,889,235,125,889,235,125,889,1
125,235,898,125,235,898,125,235,898,1
235,126,858,235,126,858,235,126,858,1
126,232,877,126,232,877,126,232,877,1
232,127,851,232,127,851,232,127,851,1
127,228,877,127,228,877,127,228,877,1
228,351,850,228,351,850,228,351,850,1
351,220,858,351,220,858,351,220,858,1
220,129,839,220,129,839,220,129,839,1
129,127,866,129,127,866,129,127,866,1
127,223,881,127,223,881,127,223,881,1
223,127,845,223,127,845,223,127,845,1
127,227,861,127,227,861,127,227,861,1
227,121,832,227,121,832,227,121,832,1
121,228,860,121,228,860,121,228,860,1
228,122,835,228,122,835,228,122,835,1
122,225,867,122,225,867,122,225,867,1
225,124,845,225,124,845,225,124,845,1
124,238,883,124,238,883,124,238,883,1
238,122,850,238,122,850,238,122,850,1
122,230,868,122,230,868,122,230,868,1
230,347,841,230,347,841,230,347,841,1
347,128,863,347,128,863,347,128,863,1
128,236,879,128,236,879,128,236,879,1
236,127,841,236,127,841,236,127,841,1
127,228,868,127,228,868,127,228,868,1
228,130,845,228,130,845,228,130,845,1
130,226,879,130,226,879,130,226,879,1
226,123,860,226,123,860,226,123,860,1
123,243,884,123,243,884,123,243,884,1
243,356,862,243,356,862,243,356,862,1
356,123,847,356,123,847,356,123,847,1
123,243,870,123,243,870,123,243,870,1
243,126,856,243,126,856,243,126,856,1
126,253,870,126,253,870,126,253,870,1
253,365,866,253,365,866,253,365,866,1
365,376,847,365,376,847,365,376,847,1
376,135,854,376,135,854,376,135,854,1
135,239,871,135,239,871,135,239,871,1
239,124,860,239,124,860,239,124,860,1
124,250,890,124,250,890,124,250,890,1
250,235,877,250,235,877,250,235,877,1
235,143,851,235,143,851,235,143,851,1
143,125,897,143,125,897,143,125,897,1
125,245,920,125,245,920,125,245,920,1
245,129,902,245,129,902,245,129,902,1
129,241,930,129,241,930,129,241,930,1
241,122,896,241,122,896,241,122,896,1
122,264,922,122,264,922,122,264,922,1
264,353,970,264,353,970,264,353,970,1
353,124,814,353,124,814,353,124,814,1
124,243,845,124,243,845,124,243,845,1
243,128,825,243,128,825,243,128,825,1
128,158,848,128,158,848,128,158,848,1
158,204,812,158,204,812,158,204,812,1
204,236,851,204,236,851,204,236,851,1
236,121,833,236,121,833,236,121,833,1
121,229,865,121,229,865,121,229,865,1
229,123,853,229,123,853,229,123,853,1
123,226,887,123,226,887,123,226,887,1
226,122,869,226,122,869,226,122,869,1
122,226,904,122,226,904,122,226,904,1
226,124,879,226,124,879,226,124,879,1
124,234,904,124,234,904,124,234,904,1
234,124,882,234,124,882,234,124,882,1
124,231,914,124,231,914,124,231,914,1
231,353,888,231,353,888,231,353,888,1
353,125,891,353,125,891,353,125,891,1
125,243,922,125,243,922,125,243,922,1
243,362,898,243,362,898,243,362,898,1
362,126,894,362,126,894,362,126,894,1
126,240,912,126,240,912,126,240,912,1
240,122,884,240,122,884,240,122,884,1
122,249,902,122,249,902,122,249,902,1
249,123,868,249,123,868,249,123,868,1
123,237,894,123,237,894,123,237,894,1
237,123,881,237,123,881,237,123,881,1
123,125,907,123,125,907,123,125,907,1
125,123,858,125,123,858,125,123,858,1
123,124,863,123,124,863,123,124,863,1
124,244,892,124,244,892,124,244,892,1
244,125,864,244,125,864,244,125,864,1
125,233,893,125,233,893,125,233,893,1
233,364,866,233,364,866,233,364,866,1
364,126,856,364,126,856,364,126,856,1
126,236,882,126,236,882,126,236,882,1
236,124,856,236,124,856,236,124,856,1
124,234,881,124,234,881,124,234,881,1
234,353,859,234,353,859,234,353,859,1
353,123,853,353,123,853,353,123,853,1
123,223,887,123,223,887,123,223,887,1
223,124,845,223,124,845,223,124,845,1
124,221,867,124,221,867,124,221,867,1
221,229,824,221,229,824,221,229,824,1
229,128,807,229,128,807,229,128,807,1
128,121,834,128,121,834,128,121,834,1
121,233,870,121,233,870,121,233,870,1
233,124,845,233,124,845,233,124,845,1
124,228,873,124,228,873,124,228,873,1
228,132,850,228,132,850,228,132,850,1
132,234,875,132,234,875,132,234,875,1
234,127,855,234,127,855,234,127,855,1
127,231,866,127,231,866,127,231,866,1
231,127,848,231,127,848,231,127,848,1
127,226,870,127,226,870,127,226,870,1
226,123,851,226,123,851,226,123,851,1
123,244,883,123,244,883,123,244,883,1
244,236,854,244,236,854,244,236,854,1
236,126,831,236,126,831,236,126,831,1
126,205,848,126,205,848,126,205,848,1
205,160,825,205,160,825,205,160,825,1
160,124,844,160,124,844,160,124,844,1
124,245,876,124,245,876,124,245,876,1
245,126,863,245,126,863,245,126,863,1
126,237,896,126,237,896,126,237,896,1
237,123,865,237,123,865,237,123,865,1
123,247,884,123,247,884,123,247,884,1
247,124,841,247,124,841,247,124,841,1
124,256,867,124,256,867,124,256,867,1
256,207,853,256,207,853,256,207,853,1
207,164,805,207,164,805,207,164,805,1
164,233,827,164,233,827,164,233,827,1
233,132,802,233,132,802,233,132,802,1
132,126,815,132,126,815,132,126,815,1
126,248,851,126,248,851,126,248,851,1
248,124,830,248,124,830,248,124,830,1
124,244,864,124,244,864,124,244,864,1
244,129,876,244,129,876,244,129,876,1
129,252,896,129,252,896,129,252,896,1
252,121,863,252,121,863,252,121,863,1
121,248,883,121,248,883,121,248,883,1
248,123,845,248,123,845,248,123,845,1
123,243,873,123,243,873,123,243,873,1
243,128,857,243,128,857,243,128,857,1
128,129,878,128,129,878,128,129,878,1
129,242,834,129,242,834,129,242,834,1
242,247,865,242,247,865,242,247,865,1
247,206,839,247,206,839,247,206,839,1
206,154,813,206,154,813,206,154,813,1
154,128,838,154,128,838,154,128,838,1
128,233,871,128,233,871,128,233,871,1
233,126,848,233,126,848,233,126,848,1
126,241,870,126,241,870,126,241,870,1
241,123,848,241,123,848,241,123,848,1
123,248,879,123,248,879,123,248,879,1
248,122,863,248,122,863,248,122,863,1
122,245,886,122,245,886,122,245,886,1
245,125,853,245,125,853,245,125,853,1
125,239,875,125,239,875,125,239,875,1
239,124,865,239,124,865,239,124,865,1
124,249,915,124,249,915,124,249,915,1
249,122,867,249,122,867,249,122,867,1
122,246,879,122,246,879,122,246,879,1
246,125,868,246,125,868,246,125,868,1
125,239,895,125,239,895,125,239,895,1
239,123,867,239,123,867,239,123,867,1
123,245,887,123,245,887,123,245,887,1
245,368,862,245,368,862,245,368,862,1
368,209,864,368,209,864,368,209,864,1
209,162,836,209,162,836,209,162,836,1
162,132,854,162,132,854,162,132,854,1
132,255,857,132,255,857,132,255,857,1
255,363,974,255,363,974,255,363,974,1
363,371,848,363,371,848,363,371,848,1
371,126,856,371,126,856,371,126,856,1
126,246,880,126,246,880,126,246,880,1
246,128,850,246,128,850,246,128,850,1
128,126,864,128,126,864,128,126,864,1
126,223,836,126,223,836,126,223,836,1
223,242,872,223,242,872,223,242,872,1
242,206,838,242,206,838,242,206,838,1
206,149,821,206,149,821,206,149,821,1
149,124,840,149,124,840,149,124,840,1
124,232,859,124,232,859,124,232,859,1
232,127,837,232,127,837,232,127,837,1
127,231,846,127,231,846,127,231,846,1
231,348,847,231,348,847,231,348,847,1
348,128,856,348,128,856,348,128,856,1
128,220,873,128,220,873,128,220,873,1
220,129,858,220,129,858,220,129,858,1
129,236,876,129,236,876,129,236,876,1
236,125,849,236,125,849,236,125,849,1
125,231,874,125,231,874,125,231,874,1
231,349,850,231,349,850,231,349,850,-1
349,127,858,349,127,858,349,127,858,1
127,228,880,127,228,880,127,228,880,1
228,121,862,228,121,862,228,121,862,1
121,227,884,121,227,884,121,227,884,1
227,123,871,227,123,871,227,123,871,1
123,233,883,123,233,883,123,233,883,1
233,125,863,233,125,863,233,125,863,1
125,234,883,125,234,883,125,234,883,1
234,124,867,234,124,867,234,124,867,1
124,234,882,124,234,882,124,234,882,1
234,355,880,234,355,880,234,355,880,1
355,122,869,355,122,869,355,122,869,1
122,150,893,122,150,893,122,150,893,1
150,211,844,150,211,844,150,211,844,1
211,155,884,211,155,884,211,155,884,1
155,204,837,155,204,837,155,204,837,1
204,233,867,204,233,867,204,233,867,1
233,126,851,233,126,851,233,126,851,1
126,150,879,126,150,879,126,150,879,1
150,200,824,150,200,824,150,200,824,1
200,233,869,200,233,869,200,233,869,1
233,125,834,233,125,834,233,125,834,1
125,231,866,125,231,866,125,231,866,1
231,128,846,231,128,846,231,128,846,1
128,219,863,128,219,863,128,219,863,1
219,121,851,219,121,851,219,121,851,1
121,224,879,121,224,879,121,224,879,1
224,123,845,224,123,845,224,123,845,1
123,223,865,123,223,865,123,223,865,1
223,126,856,223,126,856,223,126,856,1
126,215,881,126,215,881,126,215,881,-1
215,121,857,215,121,857,215,121,857,1
121,213,884,121,213,884,121,213,884,1
213,340,855,213,340,855,213,340,855,1
340,342,857,340,342,857,340,342,857,1
342,123,854,342,123,854,342,123,854,1
123,220,877,123,220,877,123,220,877,1
220,127,865,220,127,865,220,127,865,1
127,225,873,127,225,873,127,225,873,1
225,125,848,225,125,848,225,125,848,1
125,222,879,125,222,879,125,222,879,1
222,127,842,222,127,842,222,127,842,1
127,223,873,127,223,873,127,223,873,1
223,123,848,223,123,848,223,123,848,1
123,229,890,123,229,890,123,229,890,1
229,121,849,229,121,849,229,121,849,1
121,216,895,121,216,895,121,216,895,1
216,121,877,216,121,877,216,121,877,1
121,227,907,121,227,907,121,227,907,1
227,337,892,227,337,892,227,337,892,1
337,335,876,337,335,876,337,335,876,1
335,121,859,335,121,859,335,121,859,1
121,206,893,121,206,893,121,206,893,1
206,337,863,206,337,863,206,337,863,1
337,127,844,337,127,844,337,127,844,1
127,211,864,127,211,864,127,211,864,1
211,344,841,211,344,841,211,344,841,1
344,221,840,344,221,840,344,221,840,1
221,138,817,221,138,817,221,138,817,1
138,358,847,138,358,847,138,358,847,1
358,124,806,358,124,806,358,124,806,1
124,236,813,124,236,813,124,236,813,1
236,123,797,236,123,797,236,123,797,1
123,244,824,123,244,824,123,244,824,1
244,358,818,244,358,818,244,358,818,1
358,355,826,358,355,826,358,355,826,1
355,124,849,355,124,849,355,124,849,1
124,243,879,124,243,879,124,243,879,1
243,242,870,243,242,870,243,242,870,1
242,222,858,242,222,858,242,222,858,1
222,231,893,222,231,893,222,231,893,1
231,130,878,231,130,878,231,130,878,1
130,222,880,130,222,880,130,222,880,1
222,122,872,222,122,872,222,122,872,1
122,226,881,122,226,881,122,226,881,1
226,126,865,226,126,865,226,126,865,1
126,218,872,126,218,872,126,218,872,1
218,344,859,218,344,859,218,344,859,1
344,121,859,344,121,859,344,121,859,1
121,227,875,121,227,875,121,227,875,1
227,122,856,227,122,856,227,122,856,1
122,227,871,122,227,871,122,227,871,1
227,122,839,227,122,839,227,122,839,1
122,233,857,122,233,857,122,233,857,1
233,343,823,233,343,823,233,343,823,1
343,180,827,343,180,827,343,180,827,1
180,169,819,180,169,819,180,169,819,1
169,129,827,169,129,827,169,129,827,1
129,222,847,129,222,847,129,222,847,1
222,341,840,222,341,840,222,341,840,1
341,342,831,341,342,831,341,342,831,1
342,196,838,342,196,838,342,196,838,1
196,145,804,196,145,804,196,145,804,1
145,122,850,145,122,850,145,122,850,1
122,222,874,122,222,874,122,222,874,1
222,126,853,222,126,853,222,126,853,1
126,221,864,126,221,864,126,221,864,1
221,343,825,221,343,825,221,343,825,1
343,123,835,343,123,835,343,123,835,1
123,216,853,123,216,853,123,216,853,1
216,339,807,216,339,807,216,339,807,1
339,332,783,339,332,783,339,332,783,1
332,122,796,332,122,796,332,122,796,1
122,217,836,122,217,836,122,217,836,1
217,326,848,217,326,848,217,326,848,1
326,126,849,326,126,849,326,126,849,1
126,203,864,126,203,864,126,203,864,1
203,329,846,203,329,846,203,329,846,1
329,333,858,329,333,858,329,333,858,1
333,121,899,333,121,899,333,121,899,1
121,220,919,121,220,919,121,220,919,1
220,188,896,220,188,896,220,188,896,1
188,152,889,188,152,889,188,152,889,1
152,123,892,152,123,892,152,123,892,1
123,222,907,123,222,907,123,222,907,1
222,121,883,222,121,883,222,121,883,1
121,225,890,121,225,890,121,225,890,1
225,192,865,225,192,865,225,192,865,1
192,156,826,192,156,826,192,156,826,1
156,344,831,156,344,831,156,344,831,1
344,122,815,344,122,815,344,122,815,1
122,218,840,122,218,840,122,218,840,1
218,121,815,218,121,815,218,121,815,1
121,222,844,121,222,844,121,222,844,1
222,125,813,222,125,813,222,125,813,1
125,226,849,125,226,849,125,226,849,1
226,121,845,226,121,845,226,121,845,1
121,210,853,121,210,853,121,210,853,1
210,337,845,210,337,845,210,337,845,1
337,123,827,337,123,827,337,123,827,1
123,229,841,123,229,841,123,229,841,1
229,123,824,229,123,824,229,123,824,1
123,227,848,123,227,848,123,227,848,1
227,121,826,227,121,826,227,121,826,1
121,219,845,121,219,845,121,219,845,1
219,346,824,219,346,824,219,346,824,1
346,209,833,346,209,833,346,209,833,1
209,141,828,209,141,828,209,141,828,1
141,359,851,141,359,851,141,359,851,1
359,367,853,359,367,853,359,367,853,1
367,121,861,367,121,861,367,121,861,1
121,223,881,121,223,881,121,223,881,1
223,124,854,223,124,854,223,124,854,1
124,232,873,124,232,873,124,232,873,1
232,372,846,232,372,846,232,372,846,1
372,239,848,372,239,848,372,239,848,1
239,125,833,239,125,833,239,125,833,1
125,125,846,125,125,846,125,125,846,1
125,237,878,125,237,878,125,237,878,1
237,125,852,237,125,852,237,125,852,1
125,251,884,125,251,884,125,251,884,1
251,248,860,251,248,860,251,248,860,1
248,123,845,248,123,845,248,123,845,1
123,123,864,123,123,864,123,123,864,1
123,253,899,123,253,899,123,253,899,1
253,121,875,253,121,875,253,121,875,1
121,247,897,121,247,897,121,247,897,1
247,124,838,247,124,838,247,124,838,1
124,236,869,124,236,869,124,236,869,1
236,123,854,236,123,854,236,123,854,1
123,267,884,123,267,884,123,267,884,1
267,350,1014,267,350,1014,267,350,1014,1
350,126,861,350,126,861,350,126,861,1
126,127,891,126,127,891,126,127,891,1
127,224,839,127,224,839,127,224,839,1
224,245,840,224,245,840,224,245,840,1
245,204,791,245,204,791,245,204,791,1
204,157,777,204,157,777,204,157,777,1
157,124,816,157,124,816,157,124,816,1
124,236,819,124,236,819,124,236,819,1
236,125,823,236,125,823,236,125,823,1
125,235,863,125,235,863,125,235,863,1
235,183,820,235,183,820,235,183,820,1
183,168,797,183,168,797,183,168,797,1
168,349,801,168,349,801,168,349,801,1
349,128,789,349,128,789,349,128,789,1
128,148,843,128,148,843,128,148,843,1
148,193,805,148,193,805,148,193,805,1
193,235,858,193,235,858,193,235,858,1
235,193,828,235,193,828,235,193,828,1
193,152,812,193,152,812,193,152,812,1
152,253,839,152,253,839,152,253,839,1
253,216,831,253,216,831,253,216,831,1
216,227,870,216,227,870,216,227,870,1
227,219,858,227,219,858,227,219,858,1
219,129,835,219,129,835,219,129,835,1
129,209,861,129,209,861,129,209,861,1
209,141,842,209,141,842,209,141,842,1
141,265,864,141,265,864,141,265,864,1
265,181,849,265,181,849,265,181,849,1
181,252,873,181,252,873,181,252,873,1
252,251,848,252,251,848,252,251,848,1
251,202,834,251,202,834,251,202,834,1
202,123,876,202,123,876,202,123,876,1
123,226,840,123,226,840,123,226,840,1
226,229,896,226,229,896,226,229,896,1
229,127,862,229,127,862,229,127,862,1
127,220,865,127,220,865,127,220,865,1
220,349,855,220,349,855,220,349,855,1
349,124,872,349,124,872,349,124,872,1
124,227,890,124,227,890,124,227,890,1
227,350,872,227,350,872,227,350,872,1
350,124,859,350,124,859,350,124,859,1
124,221,888,124,221,888,124,221,888,1
221,277,840,221,277,840,221,277,840,1
277,198,839,277,198,839,277,198,839,1
198,225,874,198,225,874,198,225,874,1
225,128,893,225,128,893,225,128,893,1
128,226,906,128,226,906,128,226,906,1
226,260,884,226,260,884,226,260,884,1
260,215,863,260,215,863,260,215,863,1
215,123,877,215,123,877,215,123,877,1
123,253,824,123,253,824,123,253,824,1
253,180,815,253,180,815,253,180,815,1
180,122,823,180,122,823,180,122,823,1
122,220,854,122,220,854,122,220,854,1
220,341,789,220,341,789,220,341,789,1
341,250,644,341,250,644,341,250,644,1
250,220,662,250,220,662,250,220,662,1
220,215,746,220,215,746,220,215,746,1
215,131,784,215,131,784,215,131,784,1
131,133,835,131,133,835,131,133,835,1
133,194,832,133,194,832,133,194,832,1
194,222,872,194,222,872,194,222,872,1
222,165,888,222,165,888,222,165,888,1
165,186,888,165,186,888,165,186,888,1
186,342,937,186,342,937,186,342,937,1
342,183,951,342,183,951,342,183,951,1
183,173,955,183,173,955,183,173,955,1
173,122,960,173,122,960,173,122,960,1
122,236,992,122,236,992,122,236,992,1
236,123,968,236,123,968,236,123,968,1
123,232,994,123,232,994,123,232,994,1
232,128,919,232,128,919,232,128,919,1
128,233,950,128,233,950,128,233,950,1
233,127,906,233,127,906,233,127,906,1
127,241,937,127,241,937,127,241,937,1
241,131,973,241,131,973,241,131,973,1
131,228,1024,131,228,1024,131,228,1024,1
228,157,975,228,157,975,228,157,975,1
157,196,956,157,196,956,157,196,956,1
196,361,903,196,361,903,196,361,903,1
361,187,965,361,187,965,361,187,965,1
187,153,796,187,153,796,187,153,796,1
153,122,817,153,122,817,153,122,817,1
122,139,844,122,139,844,122,139,844,1
139,207,810,139,207,810,139,207,810,1
207,224,860,207,224,860,207,224,860,1
224,271,841,224,271,841,224,271,841,1
271,425,714,271,425,714,271,425,714,1
425,137,743,425,137,743,425,137,743,1
137,222,754,137,222,754,137,222,754,1
222,180,777,222,180,777,222,180,777,1
180,171,787,180,171,787,180,171,787,1
171,125,823,171,125,823,171,125,823,1
125,227,851,125,227,851,125,227,851,1
227,124,866,227,124,866,227,124,866,1
124,136,904,124,136,904,124,136,904,1
136,263,861,136,263,861,136,263,861,1
263,185,879,263,185,879,263,185,879,1
185,164,895,185,164,895,185,164,895,1
164,133,878,164,133,878,164,133,878,1
133,156,871,133,156,871,133,156,871,1
156,167,896,156,167,896,156,167,896,1
167,223,853,167,223,853,167,223,853,1
223,239,903,223,239,903,223,239,903,1
239,121,873,239,121,873,239,121,873,1
121,247,897,121,247,897,121,247,897,1
247,125,884,247,125,884,247,125,884,1
125,244,922,125,244,922,125,244,922,1
244,143,911,244,143,911,244,143,911,1
143,228,905,143,228,905,143,228,905,1
228,243,906,228,243,906,228,243,906,1
243,124,896,243,124,896,243,124,896,1
124,122,995,124,122,995,124,122,995,1
122,241,1084,122,241,1084,122,241,1084,1
241,216,1059,241,216,1059,241,216,1059,1
216,151,994,216,151,994,216,151,994,1
151,125,974,151,125,974,151,125,974,1
125,247,969,125,247,969,125,247,969,1
247,124,876,247,124,876,247,124,876,1
124,236,877,124,236,877,124,236,877,1
236,123,826,236,123,826,236,123,826,1
123,242,831,123,242,831,123,242,831,1
242,129,784,242,129,784,242,129,784,1
129,237,787,129,237,787,129,237,787,1
237,124,754,237,124,754,237,124,754,1
124,240,770,124,240,770,124,240,770,1
240,237,748,240,237,748,240,237,748,1
237,125,730,237,125,730,237,125,730,1
125,121,766,125,121,766,125,121,766,1
121,244,804,121,244,804,121,244,804,1
244,242,793,244,242,793,244,242,793,1
242,124,784,242,124,784,242,124,784,1
124,123,804,124,123,804,124,123,804,1
123,250,832,123,250,832,123,250,832,1
250,122,797,250,122,797,250,122,797,1
122,126,835,122,126,835,122,126,835,1
126,121,792,126,121,792,126,121,792,1
121,124,823,121,124,823,121,124,823,1
124,249,855,124,249,855,124,249,855,1
249,125,840,249,125,840,249,125,840,1
125,256,871,125,256,871,125,256,871,1
256,125,852,256,125,852,256,125,852,1
125,251,881,125,251,881,125,251,881,1
251,124,857,251,124,857,251,124,857,1
124,246,893,124,246,893,124,246,893,1
246,126,893,246,126,893,246,126,893,1
126,247,955,126,247,955,126,247,955,1
247,123,938,247,123,938,247,123,938,1
123,134,962,123,134,962,123,134,962,1
134,240,916,134,240,916,134,240,916,1
240,244,950,240,244,950,240,244,950,1
244,125,906,244,125,906,244,125,906,1
125,233,927,125,233,927,125,233,927,1
233,230,889,233,230,889,233,230,889,1
230,134,840,230,134,840,230,134,840,1
134,124,856,134,124,856,134,124,856,1
124,140,876,124,140,876,124,140,876,1
140,232,816,140,232,816,140,232,816,1
232,232,848,232,232,848,232,232,848,1
232,128,825,232,128,825,232,128,825,1
128,227,840,128,227,840,128,227,840,1
227,125,821,227,125,821,227,125,821,1
125,236,852,125,236,852,125,236,852,1
236,123,824,236,123,824,236,123,824,1
123,235,856,123,235,856,123,235,856,1
235,124,829,235,124,829,235,124,829,1
124,234,847,124,234,847,124,234,847,1
234,127,816,234,127,816,234,127,816,1
127,233,830,127,233,830,127,233,830,1
233,230,808,233,230,808,233,230,808,1
230,127,800,230,127,800,230,127,800,1
127,352,826,127,352,826,127,352,826,1
352,126,806,352,126,806,352,126,806,1
126,155,826,126,155,826,126,155,826,1
155,197,770,155,197,770,155,197,770,1
197,239,769,197,239,769,197,239,769,1
239,209,779,239,209,779,239,209,779,1
209,145,815,209,145,815,209,145,815,1
145,124,844,145,124,844,145,124,844,1
124,238,881,124,238,881,124,238,881,1
238,123,859,238,123,859,238,123,859,1
123,238,885,123,238,885,123,238,885,1
238,123,863,238,123,863,238,123,863,1
123,254,891,123,254,891,123,254,891,1
254,232,909,254,232,909,254,232,909,1
232,127,852,232,127,852,232,127,852,1
127,191,874,127,191,874,127,191,874,1
191,168,866,191,168,866,191,168,866,1
168,122,887,168,122,887,168,122,887,1
122,125,903,122,125,903,122,125,903,1
125,127,856,125,127,856,125,127,856,1
127,373,869,127,373,869,127,373,869,1
373,358,912,373,358,912,373,358,912,1
358,122,868,358,122,868,358,122,868,1
122,244,894,122,244,894,122,244,894,1
244,124,869,244,124,869,244,124,869,1
124,245,897,124,245,897,124,245,897,1
245,127,876,245,127,876,245,127,876,1
127,245,897,127,245,897,127,245,897,1
245,129,879,245,129,879,245,129,879,1
129,155,917,129,155,917,129,155,917,1
155,206,882,155,206,882,155,206,882,1
206,121,927,206,121,927,206,121,927,1
121,240,887,121,240,887,121,240,887,1
240,249,876,240,249,876,240,249,876,1
249,131,826,249,131,826,249,131,826,1
131,234,828,131,234,828,131,234,828,1
234,129,747,234,129,747,234,129,747,1
129,224,788,129,224,788,129,224,788,1
224,122,818,224,122,818,224,122,818,1
122,241,871,122,241,871,122,241,871,1
241,122,838,241,122,838,241,122,838,1
122,229,873,122,229,873,122,229,873,1
229,348,846,229,348,846,229,348,846,1
348,221,859,348,221,859,348,221,859,1
221,139,838,221,139,838,221,139,838,1
139,121,860,139,121,860,139,121,860,1
121,227,894,121,227,894,121,227,894,1
227,341,885,227,341,885,227,341,885,1
341,127,869,341,127,869,341,127,869,1
127,226,895,127,226,895,127,226,895,1
226,122,858,226,122,858,226,122,858,1
122,223,876,122,223,876,122,223,876,1
223,124,850,223,124,850,223,124,850,1
124,228,877,124,228,877,124,228,877,1
228,123,852,228,123,852,228,123,852,1
123,240,876,123,240,876,123,240,876,1
240,365,857,240,365,857,240,365,857,1
365,125,831,365,125,831,365,125,831,1
125,250,859,125,250,859,125,250,859,1
250,124,854,250,124,854,250,124,854,1
124,243,896,124,243,896,124,243,896,1
243,127,878,243,127,878,243,127,878,1
127,241,892,127,241,892,127,241,892,1
241,123,864,241,123,864,241,123,864,1
123,254,879,123,254,879,123,254,879,1
254,128,844,254,128,844,254,128,844,1
128,245,874,128,245,874,128,245,874,1
245,125,865,245,125,865,245,125,865,1
125,242,908,125,242,908,125,242,908,1
242,191,884,242,191,884,242,191,884,1
191,176,855,191,176,855,191,176,855,1
176,124,858,176,124,858,176,124,858,1
124,241,876,124,241,876,124,241,876,1
241,123,836,241,123,836,241,123,836,1
123,239,863,123,239,863,123,239,863,1
239,121,857,239,121,857,239,121,857,1
121,124,886,121,124,886,121,124,886,1
124,244,838,124,244,838,124,244,838,1
244,233,869,244,233,869,244,233,869,1
233,365,852,233,365,852,233,365,852,1
365,125,846,365,125,846,365,125,846,1
125,247,869,125,247,869,125,247,869,1
247,126,829,247,126,829,247,126,829,1
126,236,857,126,236,857,126,236,857,1
236,184,776,236,184,776,236,184,776,1
184,165,739,184,165,739,184,165,739,1
165,213,660,165,213,660,165,213,660,1
213,149,733,213,149,733,213,149,733,1
149,122,838,149,122,838,149,122,838,1
122,225,878,122,225,878,122,225,878,1
225,121,887,225,121,887,225,121,887,1
121,238,939,121,238,939,121,238,939,1
238,122,947,238,122,947,238,122,947,1
122,238,971,122,238,971,122,238,971,1
238,123,934,238,123,934,238,123,934,1
123,236,939,123,236,939,123,236,939,1
236,121,913,236,121,913,236,121,913,1
121,252,934,121,252,934,121,252,934,1
252,123,908,252,123,908,252,123,908,1
123,247,939,123,247,939,123,247,939,1
247,124,907,247,124,907,247,124,907,1
124,245,929,124,245,929,124,245,929,1
245,231,903,245,231,903,245,231,903,1
231,143,866,231,143,866,231,143,866,1
143,293,872,143,293,872,143,293,872,1
293,153,765,293,153,765,293,153,765,1
153,131,686,153,131,686,153,131,686,1
131,155,725,131,155,725,131,155,725,1
155,248,819,155,248,819,155,248,819,1
248,134,882,248,134,882,248,134,882,1
134,375,887,134,375,887,134,375,887,1
375,125,857,375,125,857,375,125,857,1
125,242,827,125,242,827,125,242,827,1
242,123,960,242,123,960,242,123,960,1
123,254,996,123,254,996,123,254,996,1
254,126,946,254,126,946,254,126,946,1
126,246,960,126,246,960,126,246,960,1
246,125,904,246,125,904,246,125,904,1
125,239,912,125,239,912,125,239,912,1
239,124,840,239,124,840,239,124,840,1
124,235,865,124,235,865,124,235,865,1
235,124,836,235,124,836,235,124,836,1
124,240,871,124,240,871,124,240,871,1
240,122,836,240,122,836,240,122,836,1
122,248,855,122,248,855,122,248,855,1
248,124,817,248,124,817,248,124,817,1
124,231,842,124,231,842,124,231,842,1
231,128,818,231,128,818,231,128,818,1
128,228,845,128,228,845,128,228,845,1
228,131,833,228,131,833,228,131,833,1
131,243,855,131,243,855,131,243,855,1
243,232,864,243,232,864,243,232,864,1
232,122,807,232,122,807,232,122,807,1
122,125,822,122,125,822,122,125,822,1
125,234,854,125,234,854,125,234,854,1
234,126,846,234,126,846,234,126,846,1
126,150,878,126,150,878,126,150,878,1
150,211,864,150,211,864,150,211,864,1
211,238,898,211,238,898,211,238,898,1
238,121,882,238,121,882,238,121,882,1
121,242,899,121,242,899,121,242,899,1
242,232,853,242,232,853,242,232,853,1
232,132,834,232,132,834,232,132,834,1
132,125,858,132,125,858,132,125,858,1
125,237,891,125,237,891,125,237,891,1
237,124,899,237,124,899,237,124,899,1
124,238,923,124,238,923,124,238,923,1
238,124,885,238,124,885,238,124,885,1
124,236,898,124,236,898,124,236,898,1
236,123,861,236,123,861,236,123,861,1
123,235,887,123,235,887,123,235,887,1
235,353,820,235,353,820,235,353,820,1
353,130,820,353,130,820,353,130,820,1
130,224,840,130,224,840,130,224,840,1
224,125,825,224,125,825,224,125,825,1
125,224,836,125,224,836,125,224,836,1
224,245,829,224,245,829,224,245,829,1
245,241,828,245,241,828,245,241,828,1
241,235,854,241,235,854,241,235,854,1
235,353,825,235,353,825,235,353,825,1
353,234,805,353,234,805,353,234,805,1
234,128,813,234,128,813,234,128,813,1
128,350,852,128,350,852,128,350,852,1
350,128,870,350,128,870,350,128,870,1
128,217,868,128,217,868,128,217,868,1
217,121,854,217,121,854,217,121,854,1
121,227,909,121,227,909,121,227,909,1
227,365,948,227,365,948,227,365,948,1
365,330,1073,365,330,1073,365,330,1073,1
330,121,783,330,121,783,330,121,783,1
121,232,797,121,232,797,121,232,797,1
232,206,803,232,206,803,232,206,803,1
206,236,783,206,236,783,206,236,783,1
236,211,853,236,211,853,236,211,853,1
211,124,852,211,124,852,211,124,852,1
124,215,885,124,215,885,124,215,885,1
215,329,894,215,329,894,215,329,894,1
329,316,919,329,316,919,329,316,919,1
316,123,917,316,123,917,316,123,917,1
123,200,922,123,200,922,123,200,922,1
200,309,868,200,309,868,200,309,868,1
309,307,883,309,307,883,309,307,883,1
307,121,899,307,121,899,307,121,899,1
121,192,928,121,192,928,121,192,928,1
192,121,906,192,121,906,192,121,906,1
121,187,933,121,187,933,121,187,933,1
187,312,915,187,312,915,187,312,915,1
312,317,901,312,317,901,312,317,901,1
317,122,867,317,122,867,317,122,867,1
122,200,877,122,200,877,122,200,877,1
200,121,844,200,121,844,200,121,844,1
121,208,874,121,208,874,121,208,874,1
208,321,868,208,321,868,208,321,868,1
321,122,875,321,122,875,321,122,875,1
122,207,892,122,207,892,122,207,892,1
207,317,856,207,317,856,207,317,856,1
317,122,851,317,122,851,317,122,851,1
122,199,870,122,199,870,122,199,870,1
199,129,838,199,129,838,199,129,838,1
129,194,837,129,194,837,129,194,837,1
194,315,728,194,315,728,194,315,728,1
315,311,699,315,311,699,315,311,699,1
311,322,752,311,322,752,311,322,752,1
322,310,829,322,310,829,322,310,829,1
310,122,876,310,122,876,310,122,876,1
122,188,919,122,188,919,122,188,919,1
188,121,870,188,121,870,188,121,870,1
121,193,886,121,193,886,121,193,886,1
193,198,903,193,198,903,193,198,903,1
198,242,908,198,242,908,198,242,908,1
242,199,937,242,199,937,242,199,937,1
199,326,907,199,326,907,199,326,907,1
326,126,898,326,126,898,326,126,898,1
126,203,913,126,203,913,126,203,913,1
203,122,886,203,122,886,203,122,886,1
122,215,907,122,215,907,122,215,907,1
215,121,872,215,121,872,215,121,872,1
121,224,888,121,224,888,121,224,888,1
224,124,849,224,124,849,224,124,849,1
124,216,896,124,216,896,124,216,896,1
216,122,885,216,122,885,216,122,885,1
122,214,897,122,214,897,122,214,897,1
214,334,896,214,334,896,214,334,896,1
334,124,859,334,124,859,334,124,859,1
124,210,878,124,210,878,124,210,878,1
210,124,851,210,124,851,210,124,851,1
124,221,868,124,221,868,124,221,868,1
221,127,838,221,127,838,221,127,838,1
127,221,847,127,221,847,127,221,847,1
221,345,815,221,345,815,221,345,815,1
345,121,816,345,121,816,345,121,816,1
121,224,831,121,224,831,121,224,831,1
224,123,806,224,123,806,224,123,806,1
123,224,825,123,224,825,123,224,825,1
224,124,812,224,124,812,224,124,812,1
124,224,833,124,224,833,124,224,833,1
224,124,809,224,124,809,224,124,809,1
124,218,825,124,218,825,124,218,825,1
218,342,785,218,342,785,218,342,785,1
342,125,801,342,125,801,342,125,801,1
125,212,826,125,212,826,125,212,826,1
212,123,808,212,123,808,212,123,808,1
123,212,836,123,212,836,123,212,836,1
212,122,828,212,122,828,212,122,828,1
122,220,854,122,220,854,122,220,854,1
220,337,836,220,337,836,220,337,836,1
337,337,842,337,337,842,337,337,842,1
337,351,856,337,351,856,337,351,856,1
351,218,858,351,218,858,351,218,858,1
218,126,843,218,126,843,218,126,843,1
126,121,868,126,121,868,126,121,868,1
121,224,892,121,224,892,121,224,892,1
224,121,880,224,121,880,224,121,880,1
121,229,901,121,229,901,121,229,901,1
229,192,905,229,192,905,229,192,905,1
192,163,889,192,163,889,192,163,889,1
163,125,902,163,125,902,163,125,902,1
125,235,911,125,235,911,125,235,911,1
235,123,859,235,123,859,235,123,859,1
123,262,878,123,262,878,123,262,878,1
262,338,1028,262,338,1028,262,338,1028,1
338,345,820,338,345,820,338,345,820,1
345,125,825,345,125,825,345,125,825,1
125,229,839,125,229,839,125,229,839,1
229,122,823,229,122,823,229,122,823,1
122,231,848,122,231,848,122,231,848,1
231,334,833,231,334,833,231,334,833,1
334,351,839,334,351,839,334,351,839,1
351,205,843,351,205,843,351,205,843,1
205,144,829,205,144,829,205,144,829,1
144,126,845,144,126,845,144,126,845,1
126,228,862,126,228,862,126,228,862,1
228,133,859,228,133,859,228,133,859,1
133,238,865,133,238,865,133,238,865,1
238,327,1026,238,327,1026,238,327,1026,1
327,257,858,327,257,858,327,257,858,1
257,211,846,257,211,846,257,211,846,1
211,230,874,211,230,874,211,230,874,1
230,332,964,230,332,964,230,332,964,1
332,122,849,332,122,849,332,122,849,1
122,210,876,122,210,876,122,210,876,1
210,125,853,210,125,853,210,125,853,1
125,219,884,125,219,884,125,219,884,1
219,196,866,219,196,866,219,196,866,1
196,140,836,196,140,836,196,140,836,1
140,340,863,140,340,863,140,340,863,1
340,127,858,340,127,858,340,127,858,1
127,222,883,127,222,883,127,222,883,1
222,345,864,222,345,864,222,345,864,1
345,353,866,345,353,866,345,353,866,1
353,125,857,353,125,857,353,125,857,1
125,236,880,125,236,880,125,236,880,1
236,124,858,236,124,858,236,124,858,1
124,235,881,124,235,881,124,235,881,1
235,122,850,235,122,850,235,122,850,1
122,226,883,122,226,883,122,226,883,1
226,124,878,226,124,878,226,124,878,1
124,249,898,124,249,898,124,249,898,1
249,215,1031,249,215,1031,249,215,1031,1
215,122,723,215,122,723,215,122,723,1
122,121,788,122,121,788,122,121,788,1
121,229,835,121,229,835,121,229,835,1
229,121,839,229,121,839,229,121,839,1
121,231,870,121,231,870,121,231,870,1
231,347,856,231,347,856,231,347,856,1
347,221,868,347,221,868,347,221,868,1
221,137,855,221,137,855,221,137,855,1
137,121,885,137,121,885,137,121,885,1
121,238,903,121,238,903,121,238,903,1
238,123,901,238,123,901,238,123,901,1
123,233,917,123,233,917,123,233,917,1
233,347,886,233,347,886,233,347,886,1
347,217,884,347,217,884,347,217,884,1
217,136,866,217,136,866,217,136,866,1
136,122,885,136,122,885,136,122,885,1
122,235,905,122,235,905,122,235,905,1
235,126,868,235,126,868,235,126,868,1
126,238,895,126,238,895,126,238,895,1
238,189,879,238,189,879,238,189,879,1
189,147,846,189,147,846,189,147,846,1
147,121,871,147,121,871,147,121,871,1
121,241,892,121,241,892,121,241,892,1
241,332,1052,241,332,1052,241,332,1052,1
332,203,812,332,203,812,332,203,812,1
203,134,789,203,134,789,203,134,789,1
134,124,806,134,124,806,134,124,806,1
124,205,825,124,205,825,124,205,825,1
205,335,801,205,335,801,205,335,801,1
335,199,837,335,199,837,335,199,837,1
199,127,836,199,127,836,199,127,836,1
127,339,879,127,339,879,127,339,879,1
339,352,894,339,352,894,339,352,894,1
352,123,900,352,123,900,352,123,900,1
123,222,924,123,222,924,123,222,924,1
222,348,914,222,348,914,222,348,914,1
348,127,904,348,127,904,348,127,904,1
127,235,914,127,235,914,127,235,914,1
235,125,879,235,125,879,235,125,879,1
125,232,880,125,232,880,125,232,880,1
232,334,892,232,334,892,232,334,892,1
334,352,853,334,352,853,334,352,853,1
352,343,839,352,343,839,352,343,839,1
343,336,840,343,336,840,343,336,840,1
336,338,855,336,338,855,336,338,855,1
338,345,864,338,345,864,338,345,864,1
345,223,896,345,223,896,345,223,896,1
223,237,839,223,237,839,223,237,839,1
237,243,898,237,243,898,237,243,898,1
243,359,889,243,359,889,243,359,889,1
359,127,871,359,127,871,359,127,871,1
127,236,882,127,236,882,127,236,882,1
236,126,854,236,126,854,236,126,854,1
126,240,885,126,240,885,126,240,885,1
240,199,859,240,199,859,240,199,859,1
199,168,820,199,168,820,199,168,820,1
168,125,836,168,125,836,168,125,836,1
125,233,867,125,233,867,125,233,867,1
233,126,845,233,126,845,233,126,845,1
126,243,861,126,243,861,126,243,861,1
243,363,845,243,363,845,243,363,845,1
363,364,828,363,364,828,363,364,828,1
364,125,828,364,125,828,364,125,828,1
125,235,863,125,235,863,125,235,863,1
235,124,831,235,124,831,235,124,831,1
124,232,869,124,232,869,124,232,869,1
232,194,845,232,194,845,232,194,845,1
194,154,825,194,154,825,194,154,825,1
154,345,851,154,345,851,154,345,851,1
345,121,847,345,121,847,345,121,847,1
121,225,872,121,225,872,121,225,872,1
225,123,850,225,123,850,225,123,850,1
123,229,872,123,229,872,123,229,872,1
229,344,845,229,344,845,229,344,845,1
344,123,863,344,123,863,344,123,863,1
123,218,888,123,218,888,123,218,888,1
218,350,866,218,350,866,218,350,866,1
350,126,853,350,126,853,350,126,853,1
126,220,868,126,220,868,126,220,868,1
220,344,843,220,344,843,220,344,843,1
344,122,783,344,122,783,344,122,783,1
122,228,820,122,228,820,122,228,820,1
228,121,816,228,121,816,228,121,816,1
121,232,845,121,232,845,121,232,845,1
232,229,840,232,229,840,232,229,840,1
229,122,842,229,122,842,229,122,842,1
122,123,865,122,123,865,122,123,865,1
123,240,900,123,240,900,123,240,900,1
240,122,885,240,122,885,240,122,885,1
122,237,912,122,237,912,122,237,912,1
237,123,883,237,123,883,237,123,883,1
123,231,922,123,231,922,123,231,922,1
231,127,890,231,127,890,231,127,890,1
127,257,913,127,257,913,127,257,913,1
257,349,1056,257,349,1056,257,349,1056,1
349,124,885,349,124,885,349,124,885,1
124,216,900,124,216,900,124,216,900,1
216,124,883,216,124,883,216,124,883,1
124,226,890,124,226,890,124,226,890,1
226,122,851,226,122,851,226,122,851,1
122,232,869,122,232,869,122,232,869,1
232,128,845,232,128,845,232,128,845,1
128,231,859,128,231,859,128,231,859,1
231,130,839,231,130,839,231,130,839,1
130,226,857,130,226,857,130,226,857,1
226,122,835,226,122,835,226,122,835,1
122,228,866,122,228,866,122,228,866,1
228,122,854,228,122,854,228,122,854,1
122,236,875,122,236,875,122,236,875,1
236,124,856,236,124,856,236,124,856,1
124,234,883,124,234,883,124,234,883,1
234,127,777,234,127,777,234,127,777,1
127,228,817,127,228,817,127,228,817,1
228,157,858,228,157,858,228,157,858,1
157,194,870,157,194,870,157,194,870,1
194,207,897,194,207,897,194,207,897,1
207,149,877,207,149,877,207,149,877,1
149,125,916,149,125,916,149,125,916,1
125,236,920,125,236,920,125,236,920,1
236,121,873,236,121,873,236,121,873,1
121,254,889,121,254,889,121,254,889,1
254,255,871,254,255,871,254,255,871,1
255,221,800,255,221,800,255,221,800,1
221,226,815,221,226,815,221,226,815,1
226,124,810,226,124,810,226,124,810,1
124,125,854,124,125,854,124,125,854,1
125,236,832,125,236,832,125,236,832,1
236,237,855,236,237,855,236,237,855,1
237,122,871,237,122,871,237,122,871,1
122,225,914,122,225,914,122,225,914,1
225,124,878,225,124,878,225,124,878,1
124,232,901,124,232,901,124,232,901,1
232,125,875,232,125,875,232,125,875,1
125,227,912,125,227,912,125,227,912,1
227,123,896,227,123,896,227,123,896,1
123,242,902,123,242,902,123,242,902,1
242,127,873,242,127,873,242,127,873,1
127,235,887,127,235,887,127,235,887,1
235,217,896,235,217,896,235,217,896,1
217,164,879,217,164,879,217,164,879,1
164,186,1073,164,186,1073,164,186,1073,1
186,184,858,186,184,858,186,184,858,1
184,223,1031,184,223,1031,184,223,1031,1
223,143,818,223,143,818,223,143,818,1
143,351,955,143,351,955,143,351,955,1
351,124,815,351,124,815,351,124,815,1
124,242,836,124,242,836,124,242,836,1
242,364,847,242,364,847,242,364,847,1
364,127,855,364,127,855,364,127,855,1
127,237,877,127,237,877,127,237,877,1
237,125,850,237,125,850,237,125,850,1
125,243,879,125,243,879,125,243,879,1
243,372,864,243,372,864,243,372,864,1
372,351,988,372,351,988,372,351,988,1
351,126,852,351,126,852,351,126,852,1
126,243,888,126,243,888,126,243,888,1
243,231,862,243,231,862,243,231,862,1
231,136,842,231,136,842,231,136,842,1
136,121,868,136,121,868,136,121,868,1
121,238,886,121,238,886,121,238,886,1
238,124,872,238,124,872,238,124,872,1
124,241,894,124,241,894,124,241,894,1
241,353,858,241,353,858,241,353,858,1
353,124,852,353,124,852,353,124,852,1
124,230,873,124,230,873,124,230,873,1
230,122,864,230,122,864,230,122,864,1
122,235,887,122,235,887,122,235,887,1
235,124,865,235,124,865,235,124,865,1
124,235,885,124,235,885,124,235,885,1
235,124,848,235,124,848,235,124,848,1
124,244,875,124,244,875,124,244,875,-1
244,126,841,244,126,841,244,126,841,1
126,241,860,126,241,860,126,241,860,-1
241,123,847,241,123,847,241,123,847,1
123,240,878,123,240,878,123,240,878,1
240,372,862,240,372,862,240,372,862,1
372,121,888,372,121,888,372,121,888,1
121,246,916,121,246,916,121,246,916,1
246,124,888,246,124,888,246,124,888,1
124,240,931,124,240,931,124,240,931,1
240,124,850,240,124,850,240,124,850,1
124,240,850,124,240,850,124,240,850,1
240,255,837,240,255,837,240,255,837,1
255,232,831,255,232,831,255,232,831,1
232,241,850,232,241,850,232,241,850,1
241,131,836,241,131,836,241,131,836,1
131,238,859,131,238,859,131,238,859,1
238,125,832,238,125,832,238,125,832,1
125,243,871,125,243,871,125,243,871,1
243,206,859,243,206,859,243,206,859,1
206,150,860,206,150,860,206,150,860,1
150,122,884,150,122,884,150,122,884,1
122,125,908,122,125,908,122,125,908,1
125,234,859,125,234,859,125,234,859,1
234,258,905,234,258,905,234,258,905,1
258,204,1005,258,204,1005,258,204,1005,1
204,149,830,204,149,830,204,149,830,1
149,123,907,149,123,907,149,123,907,1
123,241,948,123,241,948,123,241,948,1
241,365,920,241,365,920,241,365,920,1
365,126,888,365,126,888,365,126,888,1
126,256,910,126,256,910,126,256,910,1
256,241,886,256,241,886,256,241,886,1
241,131,860,241,131,860,241,131,860,1
131,127,864,131,127,864,131,127,864,1
127,127,886,127,127,886,127,127,886,1
127,247,837,127,247,837,127,247,837,1
247,257,881,247,257,881,247,257,881,1
257,125,856,257,125,856,257,125,856,1
125,251,885,125,251,885,125,251,885,1
251,124,861,251,124,861,251,124,861,1
124,265,898,124,265,898,124,265,898,1
265,130,870,265,130,870,265,130,870,1
130,252,875,130,252,875,130,252,875,1
252,129,874,252,129,874,252,129,874,1
129,248,892,129,248,892,129,248,892,1
248,126,868,248,126,868,248,126,868,1
126,262,893,126,262,893,126,262,893,1
262,123,867,262,123,867,262,123,867,1
123,272,891,123,272,891,123,272,891,1
272,355,1022,272,355,1022,272,355,1022,1
355,129,863,355,129,863,355,129,863,1
129,245,890,129,245,890,129,245,890,1
245,127,858,245,127,858,245,127,858,1
127,254,878,127,254,878,127,254,878,1
254,130,858,254,130,858,254,130,858,1
130,127,876,130,127,876,130,127,876,1
127,127,835,127,127,835,127,127,835,1
127,131,853,127,131,853,127,131,853,1
131,245,860,131,245,860,131,245,860,1
245,126,872,245,126,872,245,126,872,1
126,243,902,126,243,902,126,243,902,1
243,187,869,243,187,869,243,187,869,1
187,188,846,187,188,846,187,188,846,1
188,127,847,188,127,847,188,127,847,1
127,233,857,127,233,857,127,233,857,1
233,128,840,233,128,840,233,128,840,1
128,232,857,128,232,857,128,232,857,1
232,366,832,232,366,832,232,366,832,1
366,226,847,366,226,847,366,226,847,1
226,132,842,226,132,842,226,132,842,1
132,124,863,132,124,863,132,124,863,1
124,236,891,124,236,891,124,236,891,1
236,124,861,236,124,861,236,124,861,1
124,251,885,124,251,885,124,251,885,1
251,122,856,251,122,856,251,122,856,1
122,248,874,122,248,874,122,248,874,1
248,124,834,248,124,834,248,124,834,1
124,248,858,124,248,858,124,248,858,1
248,126,821,248,126,821,248,126,821,1
126,268,847,126,268,847,126,268,847,1
268,370,918,268,370,918,268,370,918,1
370,367,834,370,367,834,370,367,834,1
367,124,823,367,124,823,367,124,823,1
124,254,854,124,254,854,124,254,854,1
254,127,831,254,127,831,254,127,831,1
127,128,848,127,128,848,127,128,848,1
128,125,818,128,125,818,128,125,818,1
125,124,837,125,124,837,125,124,837,1
124,259,864,124,259,864,124,259,864,1
259,122,854,259,122,854,259,122,854,1
122,126,887,122,126,887,122,126,887,1
126,140,844,126,140,844,126,140,844,1
140,221,1023,140,221,1023,140,221,1023,1
221,137,835,221,137,835,221,137,835,1
137,122,854,137,122,854,137,122,854,1
122,261,888,122,261,888,122,261,888,1
261,122,870,261,122,870,261,122,870,1
122,257,885,122,257,885,122,257,885,1
257,125,853,257,125,853,257,125,853,1
125,249,883,125,249,883,125,249,883,1
249,126,865,249,126,865,249,126,865,1
126,250,904,126,250,904,126,250,904,1
250,122,859,250,122,859,250,122,859,1
122,262,885,122,262,885,122,262,885,1
262,124,864,262,124,864,262,124,864,1
124,263,891,124,263,891,124,263,891,1
263,363,888,263,363,888,263,363,888,1
363,128,877,363,128,877,363,128,877,1
128,237,893,128,237,893,128,237,893,1
237,124,835,237,124,835,237,124,835,1
124,254,867,124,254,867,124,254,867,1
254,128,833,254,128,833,254,128,833,1
128,234,855,128,234,855,128,234,855,1
234,127,838,234,127,838,234,127,838,1
127,234,853,127,234,853,127,234,853,1
234,128,819,234,128,819,234,128,819,1
128,240,844,128,240,844,128,240,844,1
240,128,830,240,128,830,240,128,830,1
128,233,858,128,233,858,128,233,858,1
233,232,853,233,232,853,233,232,853,1
232,137,826,232,137,826,232,137,826,1
137,123,844,137,123,844,137,123,844,1
123,250,871,123,250,871,123,250,871,1
250,123,860,250,123,860,250,123,860,1
123,241,892,123,241,892,123,241,892,1
241,128,882,241,128,882,241,128,882,1
128,250,885,128,250,885,128,250,885,1
250,124,856,250,124,856,250,124,856,1
124,253,883,124,253,883,124,253,883,1
253,128,867,253,128,867,253,128,867,1
128,237,887,128,237,887,128,237,887,1
237,125,855,237,125,855,237,125,855,1
125,251,879,125,251,879,125,251,879,1
251,122,860,251,122,860,251,122,860,1
122,243,883,122,243,883,122,243,883,1
243,128,885,243,128,885,243,128,885,1
128,240,906,128,240,906,128,240,906,1
240,130,879,240,130,879,240,130,879,1
130,265,889,130,265,889,130,265,889,1
265,200,1041,265,200,1041,265,200,1041,1
200,149,859,200,149,859,200,149,859,1
149,122,879,149,122,879,149,122,879,1
122,250,895,122,250,895,122,250,895,1
250,124,855,250,124,855,250,124,855,1
124,254,879,124,254,879,124,254,879,1
254,368,868,254,368,868,254,368,868,1
368,259,865,368,259,865,368,259,865,1
259,232,832,259,232,832,259,232,832,1
232,241,862,232,241,862,232,241,862,1
241,122,843,241,122,843,241,122,843,1
122,236,873,122,236,873,122,236,873,1
236,124,832,236,124,832,236,124,832,1
124,250,863,124,250,863,124,250,863,1
250,200,869,250,200,869,250,200,869,1
200,150,829,200,150,829,200,150,829,1
150,121,860,150,121,860,150,121,860,1
121,243,879,121,243,879,121,243,879,1
243,128,850,243,128,850,243,128,850,1
128,255,872,128,255,872,128,255,872,1
255,367,978,255,367,978,255,367,978,1
367,349,974,367,349,974,367,349,974,1
349,130,844,349,130,844,349,130,844,1
130,230,864,130,230,864,130,230,864,1
230,133,847,230,133,847,230,133,847,1
133,225,874,133,225,874,133,225,874,1
225,125,852,225,125,852,225,125,852,1
125,242,883,125,242,883,125,242,883,1
242,128,867,242,128,867,242,128,867,1
128,236,894,128,236,894,128,236,894,1
236,126,871,236,126,871,236,126,871,1
126,235,898,126,235,898,126,235,898,1
235,125,880,235,125,880,235,125,880,1
125,238,909,125,238,909,125,238,909,1
238,123,870,238,123,870,238,123,870,1
123,241,896,123,241,896,123,241,896,1
241,129,861,241,129,861,241,129,861,1
129,230,878,129,230,878,129,230,878,1
230,121,850,230,121,850,230,121,850,1
121,244,878,121,244,878,121,244,878,1
244,126,834,244,126,834,244,126,834,1
126,239,851,126,239,851,126,239,851,1
239,122,821,239,122,821,239,122,821,1
122,250,846,122,250,846,122,250,846,1
250,132,823,250,132,823,250,132,823,1
132,242,854,132,242,854,132,242,854,1
242,121,821,242,121,821,242,121,821,1
121,251,848,121,251,848,121,251,848,1
251,122,823,251,122,823,251,122,823,1
122,257,860,122,257,860,122,257,860,1
257,127,852,257,127,852,257,127,852,1
127,256,890,127,256,890,127,256,890,1
256,218,909,256,218,909,256,218,909,1
218,150,815,218,150,815,218,150,815,1
150,370,834,150,370,834,150,370,834,1
370,122,850,370,122,850,370,122,850,1
122,251,871,122,251,871,122,251,871,1
251,130,840,251,130,840,251,130,840,1
130,245,866,130,245,866,130,245,866,1
245,130,861,245,130,861,245,130,861,1
130,234,897,130,234,897,130,234,897,1
234,126,867,234,126,867,234,126,867,1
126,249,891,126,249,891,126,249,891,1
249,124,866,249,124,866,249,124,866,1
124,252,897,124,252,897,124,252,897,1
252,131,876,252,131,876,252,131,876,1
131,237,908,131,237,908,131,237,908,1
237,125,866,237,125,866,237,125,866,1
125,251,893,125,251,893,125,251,893,1
251,121,857,251,121,857,251,121,857,1
121,247,877,121,247,877,121,247,877,1
247,125,857,247,125,857,247,125,857,1
125,241,889,125,241,889,125,241,889,1
241,129,838,241,129,838,241,129,838,1
129,246,850,129,246,850,129,246,850,1
246,128,832,246,128,832,246,128,832,1
128,243,872,128,243,872,128,243,872,1
243,128,855,243,128,855,243,128,855,1
128,121,868,128,121,868,128,121,868,1
121,122,830,121,122,830,121,122,830,1
122,209,903,122,209,903,122,209,903,1
209,137,853,209,137,853,209,137,853,1
137,123,872,137,123,872,137,123,872,1
123,265,888,123,265,888,123,265,888,1
265,344,1034,265,344,1034,265,344,1034,1
344,132,850,344,132,850,344,132,850,1
132,215,875,132,215,875,132,215,875,1
215,123,853,215,123,853,215,123,853,1
123,240,872,123,240,872,123,240,872,1
240,121,841,240,121,841,240,121,841,1
121,241,864,121,241,864,121,241,864,1
241,129,851,241,129,851,241,129,851,1
129,228,883,129,228,883,129,228,883,1
228,132,876,228,132,876,228,132,876,1
132,232,890,132,232,890,132,232,890,1
232,128,870,232,128,870,232,128,870,1
128,223,914,128,223,914,128,223,914,1
223,124,885,223,124,885,223,124,885,1
124,240,906,124,240,906,124,240,906,1
240,134,876,240,134,876,240,134,876,1
134,229,896,134,229,896,134,229,896,1
229,130,878,229,130,878,229,130,878,1
130,225,911,130,225,911,130,225,911,1
225,124,906,225,124,906,225,124,906,1
124,234,925,124,234,925,124,234,925,1
234,126,864,234,126,864,234,126,864,1
126,241,862,126,241,862,126,241,862,1
241,131,835,241,131,835,241,131,835,1
131,232,846,131,232,846,131,232,846,1
232,129,825,232,129,825,232,129,825,1
129,243,857,129,243,857,129,243,857,1
243,128,841,243,128,841,243,128,841,1
128,226,882,128,226,882,128,226,882,1
226,123,866,226,123,866,226,123,866,1
123,239,891,123,239,891,123,239,891,1
239,134,865,239,134,865,239,134,865,1
134,233,897,134,233,897,134,233,897,1
233,127,872,233,127,872,233,127,872,1
127,235,897,127,235,897,127,235,897,1
235,125,854,235,125,854,235,125,854,1
125,227,880,125,227,880,125,227,880,1
227,130,851,227,130,851,227,130,851,1
130,229,873,130,229,873,130,229,873,1
229,124,849,229,124,849,229,124,849,1
124,233,876,124,233,876,124,233,876,1
233,126,872,233,126,872,233,126,872,1
126,236,903,126,236,903,126,236,903,1
236,125,862,236,125,862,236,125,862,1
125,234,898,125,234,898,125,234,898,1
234,125,864,234,125,864,234,125,864,1
125,233,885,125,233,885,125,233,885,1
233,127,866,233,127,866,233,127,866,1
127,234,881,127,234,881,127,234,881,1
234,128,859,234,128,859,234,128,859,1
128,228,885,128,228,885,128,228,885,1
228,359,862,228,359,862,228,359,862,1
359,364,856,359,364,856,359,364,856,1
364,129,847,364,129,847,364,129,847,1
129,232,878,129,232,878,129,232,878,1
232,126,862,232,126,862,232,126,862,1
126,230,883,126,230,883,126,230,883,1
230,121,881,230,121,881,230,121,881,1
121,240,896,121,240,896,121,240,896,1
240,121,868,240,121,868,240,121,868,1
121,241,886,121,241,886,121,241,886,1
241,220,845,241,220,845,241,220,845,1
220,147,825,220,147,825,220,147,825,1
147,125,843,147,125,843,147,125,843,1
125,256,874,125,256,874,125,256,874,1
256,125,852,256,125,852,256,125,852,1
125,249,875,125,249,875,125,249,875,1
249,123,850,249,123,850,249,123,850,1
123,230,880,123,230,880,123,230,880,1
230,129,850,230,129,850,230,129,850,1
129,240,865,129,240,865,129,240,865,1
240,123,856,240,123,856,240,123,856,1
123,243,880,123,243,880,123,243,880,1
243,254,858,243,254,858,243,254,858,1
254,245,847,254,245,847,254,245,847,1
245,242,878,245,242,878,245,242,878,1
242,199,848,242,199,848,242,199,848,1
199,154,811,199,154,811,199,154,811,1
154,125,870,154,125,870,154,125,870,1
125,244,897,125,244,897,125,244,897,1
244,129,883,244,129,883,244,129,883,1
129,237,905,129,237,905,129,237,905,1
237,125,868,237,125,868,237,125,868,1
125,235,897,125,235,897,125,235,897,1
235,124,848,235,124,848,235,124,848,1
124,248,872,124,248,872,124,248,872,1
248,125,831,248,125,831,248,125,831,1
125,244,855,125,244,855,125,244,855,1
244,127,821,244,127,821,244,127,821,1
127,247,843,127,247,843,127,247,843,1
247,126,825,247,126,825,247,126,825,1
126,139,854,126,139,854,126,139,854,1
139,236,822,139,236,822,139,236,822,1
236,143,883,236,143,883,236,143,883,1
143,240,828,143,240,828,143,240,828,1
240,237,848,240,237,848,240,237,848,1
237,124,837,237,124,837,237,124,837,1
124,257,868,124,257,868,124,257,868,1
257,240,849,257,240,849,257,240,849,1
240,129,827,240,129,827,240,129,827,1
129,217,838,129,217,838,129,217,838,1
217,144,823,217,144,823,217,144,823,1
144,127,837,144,127,837,144,127,837,1
127,236,875,127,236,875,127,236,875,1
236,125,860,236,125,860,236,125,860,1
125,243,891,125,243,891,125,243,891,1
243,128,868,243,128,868,243,128,868,1
128,250,893,128,250,893,128,250,893,1
250,125,878,250,125,878,250,125,878,1
125,247,911,125,247,911,125,247,911,1
247,125,884,247,125,884,247,125,884,1
125,244,917,125,244,917,125,244,917,1
244,127,876,244,127,876,244,127,876,1
127,258,895,127,258,895,127,258,895,1
258,125,857,258,125,857,258,125,857,1
125,246,884,125,246,884,125,246,884,1
246,368,863,246,368,863,246,368,863,1
368,122,864,368,122,864,368,122,864,1
122,252,888,122,252,888,122,252,888,1
252,375,859,252,375,859,252,375,859,1
375,126,843,375,126,843,375,126,843,1
126,256,867,126,256,867,126,256,867,1
256,130,836,256,130,836,256,130,836,1
130,244,855,130,244,855,130,244,855,1
244,129,843,244,129,843,244,129,843,1
129,240,874,129,240,874,129,240,874,1
240,129,855,240,129,855,240,129,855,1
129,239,876,129,239,876,129,239,876,1
239,125,864,239,125,864,239,125,864,1
125,237,892,125,237,892,125,237,892,1
237,123,864,237,123,864,237,123,864,1
123,228,887,123,228,887,123,228,887,1
228,129,868,228,129,868,228,129,868,1
129,228,882,129,228,882,129,228,882,1
228,122,858,228,122,858,228,122,858,1
122,238,874,122,238,874,122,238,874,1
238,123,847,238,123,847,238,123,847,1
123,245,869,123,245,869,123,245,869,1
245,126,843,245,126,843,245,126,843,1
126,242,879,126,242,879,126,242,879,1
242,362,860,242,362,860,242,362,860,1
362,372,865,362,372,865,362,372,865,1
372,130,872,372,130,872,372,130,872,1
130,235,896,130,235,896,130,235,896,1
235,156,871,235,156,871,235,156,871,1
156,220,851,156,220,851,156,220,851,1
220,360,899,220,360,899,220,360,899,1
360,199,851,360,199,851,360,199,851,1
199,160,825,199,160,825,199,160,825,1
160,122,847,160,122,847,160,122,847,1
122,238,877,122,238,877,122,238,877,1
238,122,848,238,122,848,238,122,848,1
122,246,867,122,246,867,122,246,867,1
246,125,832,246,125,832,246,125,832,1
125,232,856,125,232,856,125,232,856,1
232,207,845,232,207,845,232,207,845,1
207,147,820,207,147,820,207,147,820,1
147,125,843,147,125,843,147,125,843,1
125,232,876,125,232,876,125,232,876,1
232,124,838,232,124,838,232,124,838,1
124,215,868,124,215,868,124,215,868,1
215,123,842,215,123,842,215,123,842,1
123,215,880,123,215,880,123,215,880,1
215,123,843,215,123,843,215,123,843,1
123,231,868,123,231,868,123,231,868,1
231,188,833,231,188,833,231,188,833,1
188,161,818,188,161,818,188,161,818,1
161,126,829,161,126,829,161,126,829,1
126,229,847,126,229,847,126,229,847,1
229,130,829,229,130,829,229,130,829,1
130,230,846,130,230,846,130,230,846,1
230,121,817,230,121,817,230,121,817,1
121,234,855,121,234,855,121,234,855,1
234,125,835,234,125,835,234,125,835,1
125,234,862,125,234,862,125,234,862,1
234,129,846,234,129,846,234,129,846,1
129,228,878,129,228,878,129,228,878,1
228,197,854,228,197,854,228,197,854,1
197,160,826,197,160,826,197,160,826,1
160,121,849,160,121,849,160,121,849,1
121,228,878,121,228,878,121,228,878,1
228,123,863,228,123,863,228,123,863,1
123,225,896,123,225,896,123,225,896,1
225,122,849,225,122,849,225,122,849,1
122,230,880,122,230,880,122,230,880,1
230,355,839,230,355,839,230,355,839,1
355,123,775,355,123,775,355,123,775,1
123,229,795,123,229,795,123,229,795,1
229,221,797,229,221,797,229,221,797,1
221,246,817,221,246,817,221,246,817,1
246,217,886,246,217,886,246,217,886,1
217,351,891,217,351,891,217,351,891,1
351,128,867,351,128,867,351,128,867,1
128,228,904,128,228,904,128,228,904,1
228,124,899,228,124,899,228,124,899,1
124,241,910,124,241,910,124,241,910,1
241,364,883,241,364,883,241,364,883,1
364,125,880,364,125,880,364,125,880,1
125,240,910,125,240,910,125,240,910,1
240,121,852,240,121,852,240,121,852,1
121,247,908,121,247,908,121,247,908,1
247,123,879,247,123,879,247,123,879,1
123,230,916,123,230,916,123,230,916,1
230,361,901,230,361,901,230,361,901,1
361,130,897,361,130,897,361,130,897,1
130,236,928,130,236,928,130,236,928,1
236,126,903,236,126,903,236,126,903,1
126,237,930,126,237,930,126,237,930,1
237,122,890,237,122,890,237,122,890,1
122,228,914,122,228,914,122,228,914,1
228,132,874,228,132,874,228,132,874,1
132,225,883,132,225,883,132,225,883,1
225,124,847,225,124,847,225,124,847,1
124,230,870,124,230,870,124,230,870,1
230,129,842,230,129,842,230,129,842,1
129,233,869,129,233,869,129,233,869,1
233,128,833,233,128,833,233,128,833,1
128,222,855,128,222,855,128,222,855,1
222,125,822,222,125,822,222,125,822,1
125,225,850,125,225,850,125,225,850,1
225,124,818,225,124,818,225,124,818,1
124,236,853,124,236,853,124,236,853,1
236,125,827,236,125,827,236,125,827,1
125,229,862,125,229,862,125,229,862,1
229,364,835,229,364,835,229,364,835,1
364,348,968,364,348,968,364,348,968,1
348,348,847,348,348,847,348,348,847,1
348,127,861,348,127,861,348,127,861,1
127,237,881,127,237,881,127,237,881,1
237,124,853,237,124,853,237,124,853,1
124,126,882,124,126,882,124,126,882,1
126,122,837,126,122,837,126,122,837,1
122,123,850,122,123,850,122,123,850,1
123,243,886,123,243,886,123,243,886,1
243,368,857,243,368,857,243,368,857,1
368,134,860,368,134,860,368,134,860,1
134,235,889,134,235,889,134,235,889,1
235,126,887,235,126,887,235,126,887,1
126,246,917,126,246,917,126,246,917,1
246,123,890,246,123,890,246,123,890,1
123,234,930,123,234,930,123,234,930,1
234,128,899,234,128,899,234,128,899,1
128,240,907,128,240,907,128,240,907,1
240,122,851,240,122,851,240,122,851,1
122,240,860,122,240,860,122,240,860,1
240,121,808,240,121,808,240,121,808,1
121,245,833,121,245,833,121,245,833,1
245,125,807,245,125,807,245,125,807,1
125,237,845,125,237,845,125,237,845,1
237,124,800,237,124,800,237,124,800,1
124,235,826,124,235,826,124,235,826,1
235,125,793,235,125,793,235,125,793,1
125,245,824,125,245,824,125,245,824,1
245,127,790,245,127,790,245,127,790,1
127,239,824,127,239,824,127,239,824,1
239,123,818,239,123,818,239,123,818,1
123,230,849,123,230,849,123,230,849,1
230,129,820,230,129,820,230,129,820,1
129,235,840,129,235,840,129,235,840,1
235,125,809,235,125,809,235,125,809,1
125,234,831,125,234,831,125,234,831,1
234,127,809,234,127,809,234,127,809,1
127,239,840,127,239,840,127,239,840,1
239,132,827,239,132,827,239,132,827,1
132,234,856,132,234,856,132,234,856,1
234,126,832,234,126,832,234,126,832,1
126,235,860,126,235,860,126,235,860,1
235,126,845,235,126,845,235,126,845,1
126,239,879,126,239,879,126,239,879,1
239,132,883,239,132,883,239,132,883,1
132,236,919,132,236,919,132,236,919,1
236,125,890,236,125,890,236,125,890,1
125,249,921,125,249,921,125,249,921,1
249,227,903,249,227,903,249,227,903,1
227,125,892,227,125,892,227,125,892,1
125,128,909,125,128,909,125,128,909,1
128,243,919,128,243,919,128,243,919,1
243,132,871,243,132,871,243,132,871,1
132,234,894,132,234,894,132,234,894,1
234,126,876,234,126,876,234,126,876,1
126,246,897,126,246,897,126,246,897,1
246,363,865,246,363,865,246,363,865,1
363,123,863,363,123,863,363,123,863,1
123,233,874,123,233,874,123,233,874,1
233,128,832,233,128,832,233,128,832,1
128,126,834,128,126,834,128,126,834,1
126,123,809,126,123,809,126,123,809,1
123,123,858,123,123,858,123,123,858,1
123,235,881,123,235,881,123,235,881,1
235,126,844,235,126,844,235,126,844,1
126,227,877,126,227,877,126,227,877,1
227,122,849,227,122,849,227,122,849,1
122,238,885,122,238,885,122,238,885,1
238,123,853,238,123,853,238,123,853,1
123,228,882,123,228,882,123,228,882,1
228,121,852,228,121,852,228,121,852,1
121,230,876,121,230,876,121,230,876,1
230,124,844,230,124,844,230,124,844,1
124,230,863,124,230,863,124,230,863,1
230,212,840,230,212,840,230,212,840,1
212,133,819,212,133,819,212,133,819,1
133,125,840,133,125,840,133,125,840,1
125,223,867,125,223,867,125,223,867,1
223,127,827,223,127,827,223,127,827,-1
127,229,866,127,229,866,127,229,866,1
229,208,856,229,208,856,229,208,856,1
208,144,842,208,144,842,208,144,842,1
144,125,865,144,125,865,144,125,865,1
125,224,894,125,224,894,125,224,894,1
224,126,884,224,126,884,224,126,884,1
126,225,928,126,225,928,126,225,928,1
225,122,889,225,122,889,225,122,889,1
122,230,913,122,230,913,122,230,913,-1
230,121,889,230,121,889,230,121,889,1
121,238,911,121,238,911,121,238,911,1
238,121,879,238,121,879,238,121,879,-1
121,233,903,121,233,903,121,233,903,1
233,126,872,233,126,872,233,126,872,1
126,233,887,126,233,887,126,233,887,1
233,126,870,233,126,870,233,126,870,1
126,234,898,126,234,898,126,234,898,1
234,128,870,234,128,870,234,128,870,1
128,228,896,128,228,896,128,228,896,1
228,121,877,228,121,877,228,121,877,1
121,228,900,121,228,900,121,228,900,1
228,368,874,228,368,874,228,368,874,1
368,123,864,368,123,864,368,123,864,-1
123,245,884,123,245,884,123,245,884,1
245,126,833,245,126,833,245,126,833,1
126,237,847,126,237,847,126,237,847,-1
237,125,821,237,125,821,237,125,821,1
125,245,854,125,245,854,125,245,854,1
245,126,831,245,126,831,245,126,831,1
126,240,859,126,240,859,126,240,859,1
240,122,841,240,122,841,240,122,841,1
122,241,867,122,241,867,122,241,867,1
241,130,854,241,130,854,241,130,854,1
130,246,870,130,246,870,130,246,870,1
246,126,838,246,126,838,246,126,838,-1
126,245,855,126,245,855,126,245,855,1
245,125,840,245,125,840,245,125,840,1
125,238,862,125,238,862,125,238,862,1
238,127,854,238,127,854,238,127,854,1
127,239,896,127,239,896,127,239,896,1
239,123,873,239,123,873,239,123,873,1
123,239,898,123,239,898,123,239,898,1
239,130,900,239,130,900,239,130,900,1
130,236,913,130,236,913,130,236,913,1
236,125,874,236,125,874,236,125,874,1
125,243,895,125,243,895,125,243,895,1
243,126,873,243,126,873,243,126,873,1
126,245,887,126,245,887,126,245,887,1
245,129,860,245,129,860,245,129,860,1
129,248,881,129,248,881,129,248,881,1
248,127,860,248,127,860,248,127,860,1
127,244,899,127,244,899,127,244,899,1
244,127,870,244,127,870,244,127,870,1
127,235,896,127,235,896,127,235,896,1
235,126,852,235,126,852,235,126,852,1
126,125,888,126,125,888,126,125,888,1
125,243,846,125,243,846,125,243,846,1
243,229,876,243,229,876,243,229,876,1
229,123,848,229,123,848,229,123,848,1
123,243,876,123,243,876,123,243,876,1
243,129,858,243,129,858,243,129,858,1
129,241,875,129,241,875,129,241,875,1
241,128,860,241,128,860,241,128,860,1
128,235,880,128,235,880,128,235,880,1
235,126,849,235,126,849,235,126,849,1
126,244,873,126,244,873,126,244,873,1
244,129,847,244,129,847,244,129,847,1
129,237,871,129,237,871,129,237,871,1
237,125,841,237,125,841,237,125,841,1
125,236,872,125,236,872,125,236,872,1
236,124,841,236,124,841,236,124,841,1
124,241,864,124,241,864,124,241,864,1
241,358,856,241,358,856,241,358,856,1
358,369,849,358,369,849,358,369,849,1
369,125,842,369,125,842,369,125,842,1
125,256,860,125,256,860,125,256,860,1
256,127,839,256,127,839,256,127,839,1
127,246,858,127,246,858,127,246,858,1
246,127,824,246,127,824,246,127,824,1
127,247,847,127,247,847,127,247,847,1
247,127,830,247,127,830,247,127,830,1
127,135,859,127,135,859,127,135,859,1
135,244,822,135,244,822,135,244,822,1
244,246,863,244,246,863,244,246,863,1
246,195,849,246,195,849,246,195,849,1
195,171,820,195,171,820,195,171,820,1
171,123,843,171,123,843,171,123,843,1
123,247,870,123,247,870,123,247,870,1
247,126,842,247,126,842,247,126,842,1
126,239,865,126,239,865,126,239,865,1
239,131,848,239,131,848,239,131,848,1
131,254,868,131,254,868,131,254,868,1
254,186,1030,254,186,1030,254,186,1030,1
186,151,838,186,151,838,186,151,838,1
151,121,876,151,121,876,151,121,876,1
121,227,902,121,227,902,121,227,902,1
227,122,874,227,122,874,227,122,874,1
122,249,895,122,249,895,122,249,895,1
249,123,862,249,123,862,249,123,862,1
123,235,884,123,235,884,123,235,884,1
235,125,839,235,125,839,235,125,839,1
125,225,857,125,225,857,125,225,857,1
225,123,849,225,123,849,225,123,849,1
123,124,867,123,124,867,123,124,867,1
124,236,827,124,236,827,124,236,827,1
236,239,875,236,239,875,236,239,875,1
239,121,844,239,121,844,239,121,844,1
121,164,880,121,164,880,121,164,880,1
164,196,850,164,196,850,164,196,850,1
196,230,856,196,230,856,196,230,856,1
230,356,846,230,356,846,230,356,846,1
356,122,841,356,122,841,356,122,841,1
122,235,862,122,235,862,122,235,862,1
235,126,839,235,126,839,235,126,839,1
126,236,858,126,236,858,126,236,858,1
236,125,841,236,125,841,236,125,841,1
125,236,863,125,236,863,125,236,863,1
236,123,842,236,123,842,236,123,842,1
123,242,862,123,242,862,123,242,862,1
242,121,843,242,121,843,242,121,843,1
121,235,869,121,235,869,121,235,869,1
235,122,843,235,122,843,235,122,843,1
122,240,862,122,240,862,122,240,862,1
240,123,829,240,123,829,240,123,829,1
123,244,856,123,244,856,123,244,856,1
244,126,819,244,126,819,244,126,819,1
126,231,854,126,231,854,126,231,854,1
231,127,828,231,127,828,231,127,828,1
127,222,852,127,222,852,127,222,852,1
222,207,838,222,207,838,222,207,838,1
207,154,819,207,154,819,207,154,819,1
154,217,833,154,217,833,154,217,833,1
217,134,820,217,134,820,217,134,820,1
134,122,837,134,122,837,134,122,837,1
122,229,862,122,229,862,122,229,862,1
229,123,847,229,123,847,229,123,847,1
123,233,879,123,233,879,123,233,879,1
233,123,846,233,123,846,233,123,846,1
123,225,873,123,225,873,123,225,873,1
225,125,850,225,125,850,225,125,850,1
125,229,874,125,229,874,125,229,874,1
229,124,858,229,124,858,229,124,858,1
124,230,887,124,230,887,124,230,887,1
230,358,858,230,358,858,230,358,858,1
358,358,862,358,358,862,358,358,862,1
358,130,854,358,130,854,358,130,854,-1
130,235,869,130,235,869,130,235,869,1
235,127,833,235,127,833,235,127,833,1
127,233,860,127,233,860,127,233,860,1
233,124,835,233,124,835,233,124,835,1
124,230,829,124,230,829,124,230,829,-1
230,123,814,230,123,814,230,123,814,1
123,228,839,123,228,839,123,228,839,1
228,125,816,228,125,816,228,125,816,1
125,236,824,125,236,824,125,236,824,1
236,209,826,236,209,826,236,209,826,1
209,178,820,209,178,820,209,178,820,1
178,357,1040,178,357,1040,178,357,1040,1
357,343,1009,357,343,1009,357,343,1009,1
343,124,869,343,124,869,343,124,869,1
124,142,901,124,142,901,124,142,901,1
142,219,868,142,219,868,142,219,868,1
219,250,897,219,250,897,219,250,897,1
250,123,868,250,123,868,250,123,868,1
123,228,897,123,228,897,123,228,897,1
228,127,888,228,127,888,228,127,888,1
127,235,903,127,235,903,127,235,903,1
235,126,872,235,126,872,235,126,872,1
126,232,895,126,232,895,126,232,895,1
232,220,887,232,220,887,232,220,887,1
220,133,863,220,133,863,220,133,863,1
133,125,880,133,125,880,133,125,880,1
125,236,905,125,236,905,125,236,905,1
236,124,863,236,124,863,236,124,863,1
124,231,894,124,231,894,124,231,894,1
231,219,885,231,219,885,231,219,885,1
219,134,858,219,134,858,219,134,858,1
134,125,876,134,125,876,134,125,876,1
125,226,901,125,226,901,125,226,901,1
226,121,879,226,121,879,226,121,879,1
121,151,900,121,151,900,121,151,900,1
151,199,859,151,199,859,151,199,859,1
199,228,907,199,228,907,199,228,907,1
228,131,873,228,131,873,228,131,873,1
131,222,898,131,222,898,131,222,898,1
222,347,871,222,347,871,222,347,871,1
347,343,867,347,343,867,347,343,867,1
343,124,871,343,124,871,343,124,871,1
124,216,895,124,216,895,124,216,895,1
216,212,874,216,212,874,216,212,874,1
212,154,855,212,154,855,212,154,855,1
154,341,1055,154,341,1055,154,341,1055,1
341,121,865,341,121,865,341,121,865,1
121,230,887,121,230,887,121,230,887,1
230,126,854,230,126,854,230,126,854,1
126,147,884,126,147,884,126,147,884,1
147,204,856,147,204,856,147,204,856,1
204,234,883,204,234,883,204,234,883,1
234,125,860,234,125,860,234,125,860,1
125,220,890,125,220,890,125,220,890,1
220,125,858,220,125,858,220,125,858,1
125,227,881,125,227,881,125,227,881,1
227,125,872,227,125,872,227,125,872,1
125,236,903,125,236,903,125,236,903,1
236,123,877,236,123,877,236,123,877,1
123,237,898,123,237,898,123,237,898,1
237,123,877,237,123,877,237,123,877,1
123,239,906,123,239,906,123,239,906,1
239,123,888,239,123,888,239,123,888,1
123,124,918,123,124,918,123,124,918,1
124,127,872,124,127,872,124,127,872,1
127,123,885,127,123,885,127,123,885,1
123,240,909,123,240,909,123,240,909,1
240,196,875,240,196,875,240,196,875,1
196,148,850,196,148,850,196,148,850,1
148,124,872,148,124,872,148,124,872,1
124,229,888,124,229,888,124,229,888,1
229,343,859,229,343,859,229,343,859,1
343,123,854,343,123,854,343,123,854,1
123,219,878,123,219,878,123,219,878,1
219,127,843,219,127,843,219,127,843,1
127,219,869,127,219,869,127,219,869,1
219,333,845,219,333,845,219,333,845,1
333,121,851,333,121,851,333,121,851,1
121,209,867,121,209,867,121,209,867,1
209,333,827,209,333,827,209,333,827,1
333,350,830,333,350,830,333,350,830,1
350,121,832,350,121,832,350,121,832,1
121,218,856,121,218,856,121,218,856,1
218,128,837,218,128,837,218,128,837,1
128,216,857,128,216,857,128,216,857,1
216,221,847,216,221,847,216,221,847,1
221,121,841,221,121,841,221,121,841,1
121,124,859,121,124,859,121,124,859,1
124,248,888,124,248,888,124,248,888,1
248,344,1036,248,344,1036,248,344,1036,1
344,232,856,344,232,856,344,232,856,1
232,135,838,232,135,838,232,135,838,1
135,122,856,135,122,856,135,122,856,1
122,249,878,122,249,878,122,249,878,1
249,126,855,249,126,855,249,126,855,1
126,255,885,126,255,885,126,255,885,1
255,127,856,255,127,856,255,127,856,1
127,245,894,127,245,894,127,245,894,1
245,263,887,245,263,887,245,263,887,1
263,241,881,263,241,881,263,241,881,1
241,253,907,241,253,907,241,253,907,1
253,253,874,253,253,874,253,253,874,1
253,131,854,253,131,854,253,131,854,1
131,128,862,131,128,862,131,128,862,1
128,263,880,128,263,880,128,263,880,1
263,122,851,263,122,851,263,122,851,1
122,149,868,122,149,868,122,149,868,1
149,236,835,149,236,835,149,236,835,1
236,149,896,236,149,896,236,149,896,1
149,247,856,149,247,856,149,247,856,1
247,259,891,247,259,891,247,259,891,-1
259,125,855,259,125,855,259,125,855,1
125,260,869,125,260,869,125,260,869,1
260,122,833,260,122,833,260,122,833,-1
122,128,861,122,128,861,122,128,861,1
128,123,834,128,123,834,128,123,834,1
123,122,851,123,122,851,123,122,851,1
122,251,873,122,251,873,122,251,873,1
251,122,837,251,122,837,251,122,837,1
122,254,862,122,254,862,122,254,862,1
254,220,833,254,220,833,254,220,833,1
220,165,823,220,165,823,220,165,823,1
165,364,835,165,364,835,165,364,835,1
364,125,853,364,125,853,364,125,853,1
125,242,853,125,242,853,125,242,853,1
242,130,872,242,130,872,242,130,872,1
130,252,896,130,252,896,130,252,896,1
252,121,884,252,121,884,252,121,884,1
121,169,910,121,169,910,121,169,910,1
169,203,876,169,203,876,169,203,876,1
203,127,829,203,127,829,203,127,829,1
127,133,791,127,133,791,127,133,791,1
133,124,828,133,124,828,133,124,828,1
124,251,876,124,251,876,124,251,876,1
251,129,882,251,129,882,251,129,882,1
129,240,931,129,240,931,129,240,931,1
240,191,883,240,191,883,240,191,883,1
191,187,917,191,187,917,191,187,917,1
187,130,931,187,130,931,187,130,931,1
130,246,949,130,246,949,130,246,949,1
246,128,894,246,128,894,246,128,894,1
128,238,919,128,238,919,128,238,919,1
238,124,883,238,124,883,238,124,883,1
124,260,900,124,260,900,124,260,900,1
260,121,853,260,121,853,260,121,853,1
121,261,872,121,261,872,121,261,872,1
261,123,826,261,123,826,261,123,826,1
123,243,865,123,243,865,123,243,865,1
243,128,841,243,128,841,243,128,841,1
128,248,865,128,248,865,128,248,865,1
248,126,838,248,126,838,248,126,838,1
126,249,861,126,249,861,126,249,861,1
249,133,811,249,133,811,249,133,811,1
133,256,839,133,256,839,133,256,839,1
256,129,831,256,129,831,256,129,831,1
129,245,859,129,245,859,129,245,859,1
245,128,851,245,128,851,245,128,851,1
128,247,871,128,247,871,128,247,871,1
247,131,845,247,131,845,247,131,845,1
131,134,881,131,134,881,131,134,881,1
134,234,835,134,234,835,134,234,835,1
234,257,864,234,257,864,234,257,864,1
257,127,837,257,127,837,257,127,837,1
127,131,869,127,131,869,127,131,869,1
131,239,839,131,239,839,131,239,839,1
239,248,897,239,248,897,239,248,897,1
248,127,854,248,127,854,248,127,854,1
127,125,887,127,125,887,127,125,887,1
125,125,866,125,125,866,125,125,866,1
125,163,889,125,163,889,125,163,889,1
163,167,862,163,167,862,163,167,862,1
167,128,871,167,128,871,167,128,871,1
128,206,903,128,206,903,128,206,903,1
206,227,988,206,227,988,206,227,988,1
227,171,882,227,171,882,227,171,882,1
171,129,879,171,129,879,171,129,879,1
129,125,881,129,125,881,129,125,881,1
125,131,848,125,131,848,125,131,848,1
131,242,895,131,242,895,131,242,895,1
242,127,859,242,127,859,242,127,859,1
127,350,918,127,350,918,127,350,918,1
350,128,870,350,128,870,350,128,870,1
128,157,892,128,157,892,128,157,892,1
