190,190,922,190,190,922,190,190,922,-1
190,166,827,190,166,827,190,166,827,1
166,133,840,166,133,840,166,133,840,1
133,140,890,133,140,890,133,140,890,1
140,198,823,140,198,823,140,198,823,1
198,129,865,198,129,865,198,129,865,1
129,122,927,129,122,927,129,122,927,1
122,227,845,122,227,845,122,227,845,1
227,130,863,227,130,863,227,130,863,1
130,296,917,130,296,917,130,296,917,1
296,127,849,296,127,849,296,127,849,1
127,289,924,127,289,924,127,289,924,1
289,129,902,289,129,902,289,129,902,1
129,352,932,129,352,932,129,352,932,1
352,129,850,352,129,850,352,129,850,1
129,309,919,129,309,919,129,309,919,1
309,128,877,309,128,877,309,128,877,1
128,280,940,128,280,940,128,280,940,1
280,125,889,280,125,889,280,125,889,1
125,200,959,125,200,959,125,200,959,1
200,162,851,200,162,851,200,162,851,1
162,132,907,162,132,907,162,132,907,1
132,343,949,132,343,949,132,343,949,1
343,128,869,343,128,869,343,128,869,1
128,135,947,128,135,947,128,135,947,1
135,179,861,135,179,861,135,179,861,1
179,136,908,179,136,908,179,136,908,1
136,226,946,136,226,946,136,226,946,1
226,161,853,226,161,853,226,161,853,1
161,132,883,161,132,883,161,132,883,1
132,187,938,132,187,938,132,187,938,1
187,160,833,187,160,833,187,160,833,1
160,129,874,160,129,874,160,129,874,1
129,308,921,129,308,921,129,308,921,1
308,129,861,308,129,861,308,129,861,1
129,199,928,129,199,928,129,199,928,1
199,153,832,199,153,832,199,153,832,1
153,130,875,153,130,875,153,130,875,1
130,138,934,130,138,934,130,138,934,1
138,215,825,138,215,825,138,215,825,1
215,128,881,215,128,881,215,128,881,1
128,318,930,128,318,930,128,318,930,1
318,134,873,318,134,873,318,134,873,1
134,148,926,134,148,926,134,148,926,1
148,206,852,148,206,852,148,206,852,1
206,130,886,206,130,886,206,130,886,1
130,138,948,130,138,948,130,138,948,1
138,216,844,138,216,844,138,216,844,1
216,136,878,216,136,878,216,136,878,1
136,298,914,136,298,914,136,298,914,1
298,134,889,298,134,889,298,134,889,1
134,141,915,134,141,915,134,141,915,1
141,192,847,141,192,847,141,192,847,1
192,136,877,192,136,877,192,136,877,1
136,344,925,136,344,925,136,344,925,1
344,128,859,344,128,859,344,128,859,1
128,161,933,128,161,933,128,161,933,1
161,151,843,161,151,843,161,151,843,1
151,134,892,151,134,892,151,134,892,1
134,350,937,134,350,937,134,350,937,1
350,130,882,350,130,882,350,130,882,1
130,183,946,130,183,946,130,183,946,1
183,171,846,183,171,846,183,171,846,1
171,134,891,171,134,891,171,134,891,1
134,151,938,134,151,938,134,151,938,1
151,179,845,151,179,845,151,179,845,1
179,129,880,179,129,880,179,129,880,1
129,360,946,129,360,946,129,360,946,1
360,134,900,360,134,900,360,134,900,1
134,345,954,134,345,954,134,345,954,1
345,131,891,345,131,891,345,131,891,1
131,128,944,131,128,944,131,128,944,1
128,158,863,128,158,863,128,158,863,1
158,135,914,158,135,914,158,135,914,1
135,144,954,135,144,954,135,144,954,1
144,182,874,144,182,874,144,182,874,1
182,130,893,182,130,893,182,130,893,1
130,128,953,130,128,953,130,128,953,1
128,189,859,128,189,859,128,189,859,1
189,131,875,189,131,875,189,131,875,1
131,278,935,131,278,935,131,278,935,1
278,128,867,278,128,867,278,128,867,1
128,301,934,128,301,934,128,301,934,1
301,130,904,301,130,904,301,130,904,1
130,127,944,130,127,944,130,127,944,1
127,188,854,127,188,854,127,188,854,1
188,128,875,188,128,875,188,128,875,1
128,262,929,128,262,929,128,262,929,1
262,127,867,262,127,867,262,127,867,1
127,274,930,127,274,930,127,274,930,1
274,131,892,274,131,892,274,131,892,1
131,221,940,131,221,940,131,221,940,1
221,212,857,221,212,857,221,212,857,1
212,276,950,212,276,950,212,276,950,1
276,131,885,276,131,885,276,131,885,1
131,256,936,131,256,936,131,256,936,1
256,129,889,256,129,889,256,129,889,1
129,326,945,129,326,945,129,326,945,1
326,131,875,326,131,875,326,131,875,1
131,131,929,131,131,929,131,131,929,1
131,164,831,131,164,831,131,164,831,1
164,127,849,164,127,849,164,127,849,1
127,278,916,127,278,916,127,278,916,1
278,130,851,278,130,851,278,130,851,1
130,337,920,130,337,920,130,337,920,1
337,130,864,337,130,864,337,130,864,1
130,293,920,130,293,920,130,293,920,1
293,126,848,293,126,848,293,126,848,1
126,276,896,126,276,896,126,276,896,1
276,129,852,276,129,852,276,129,852,1
129,307,916,129,307,916,129,307,916,1
307,131,854,307,131,854,307,131,854,1
131,281,920,131,281,920,131,281,920,1
281,129,845,281,129,845,281,129,845,1
129,260,913,129,260,913,129,260,913,1
260,124,866,260,124,866,260,124,866,1
124,323,944,124,323,944,124,323,944,1
323,132,898,323,132,898,323,132,898,1
132,323,947,132,323,947,132,323,947,1
323,129,879,323,129,879,323,129,879,1
129,288,927,129,288,927,129,288,927,1
288,135,875,288,135,875,288,135,875,1
135,314,932,135,314,932,135,314,932,1
314,130,895,314,130,895,314,130,895,1
130,307,931,130,307,931,130,307,931,1
307,130,871,307,130,871,307,130,871,1
130,285,934,130,285,934,130,285,934,1
285,130,883,285,130,883,285,130,883,1
130,313,950,130,313,950,130,313,950,1
313,132,884,313,132,884,313,132,884,1
132,133,956,132,133,956,132,133,956,1
133,179,853,133,179,853,133,179,853,1
179,133,861,179,133,861,179,133,861,1
133,271,925,133,271,925,133,271,925,1
271,123,876,271,123,876,271,123,876,1
123,153,954,123,153,954,123,153,954,1
153,172,847,153,172,847,153,172,847,1
172,125,879,172,125,879,172,125,879,1
125,312,959,125,312,959,125,312,959,1
312,128,876,312,128,876,312,128,876,1
128,268,949,128,268,949,128,268,949,1
268,129,927,268,129,927,268,129,927,1
129,245,972,129,245,972,129,245,972,1
245,127,896,245,127,896,245,127,896,1
127,229,963,127,229,963,127,229,963,1
229,133,882,229,133,882,229,133,882,1
133,230,921,133,230,921,133,230,921,1
230,124,834,230,124,834,230,124,834,1
124,155,922,124,155,922,124,155,922,1
155,203,819,155,203,819,155,203,819,1
203,220,942,203,220,942,203,220,942,1
220,126,894,220,126,894,220,126,894,1
126,242,939,126,242,939,126,242,939,1
242,129,874,242,129,874,242,129,874,1
129,251,931,129,251,931,129,251,931,1
251,127,883,251,127,883,251,127,883,1
127,243,941,127,243,941,127,243,941,1
243,125,895,243,125,895,243,125,895,1
125,282,953,125,282,953,125,282,953,1
282,124,888,282,124,888,282,124,888,1
124,181,958,124,181,958,124,181,958,1
181,173,859,181,173,859,181,173,859,1
173,127,876,173,127,876,173,127,876,1
127,151,944,127,151,944,127,151,944,1
151,178,849,151,178,849,151,178,849,1
178,127,873,178,127,873,178,127,873,1
127,344,939,127,344,939,127,344,939,1
344,127,894,344,127,894,344,127,894,1
127,142,939,127,142,939,127,142,939,1
142,193,857,142,193,857,142,193,857,1
193,132,870,193,132,870,193,132,870,1
132,299,923,132,299,923,132,299,923,1
299,132,872,299,132,872,299,132,872,1
132,144,921,132,144,921,132,144,921,1
144,158,848,144,158,848,144,158,848,1
158,130,860,158,130,860,158,130,860,1
130,329,918,130,329,918,130,329,918,1
329,131,860,329,131,860,329,131,860,1
131,286,919,131,286,919,131,286,919,1
286,132,874,286,132,874,286,132,874,1
132,295,919,132,295,919,132,295,919,1
295,133,886,295,133,886,295,133,886,1
133,312,918,133,312,918,133,312,918,1
312,126,866,312,126,866,312,126,866,1
126,280,927,126,280,927,126,280,927,1
280,137,853,280,137,853,280,137,853,1
137,284,903,137,284,903,137,284,903,1
284,126,862,284,126,862,284,126,862,1
126,199,936,126,199,936,126,199,936,1
199,179,835,199,179,835,199,179,835,1
179,136,867,179,136,867,179,136,867,1
136,291,917,136,291,917,136,291,917,1
291,130,858,291,130,858,291,130,858,1
130,122,906,130,122,906,130,122,906,1
122,156,838,122,156,838,122,156,838,1
156,128,864,156,128,864,156,128,864,1
128,137,924,128,137,924,128,137,924,1
137,240,839,137,240,839,137,240,839,1
240,130,874,240,130,874,240,130,874,1
130,215,927,130,215,927,130,215,927,1
215,183,822,215,183,822,215,183,822,1
183,181,681,183,181,681,183,181,681,1
181,208,538,181,208,538,181,208,538,1
208,144,728,208,144,728,208,144,728,1
144,219,747,144,219,747,144,219,747,1
219,246,906,219,246,906,219,246,906,1
246,127,995,246,127,995,246,127,995,1
127,233,1087,127,233,1087,127,233,1087,1
233,129,980,233,129,980,233,129,980,1
129,248,1012,129,248,1012,129,248,1012,1
248,124,933,248,124,933,248,124,933,1
124,239,991,124,239,991,124,239,991,1
239,123,917,239,123,917,239,123,917,1
123,260,986,123,260,986,123,260,986,1
260,125,902,260,125,902,260,125,902,1
125,274,967,125,274,967,125,274,967,1
274,131,890,274,131,890,274,131,890,1
131,261,931,131,261,931,131,261,931,1
261,128,869,261,128,869,261,128,869,1
128,366,949,128,366,949,128,366,949,1
366,135,872,366,135,872,366,135,872,1
135,200,930,135,200,930,135,200,930,1
200,164,833,200,164,833,200,164,833,1
164,130,880,164,130,880,164,130,880,1
130,132,920,130,132,920,130,132,920,1
132,220,850,132,220,850,132,220,850,1
220,132,899,220,132,899,220,132,899,1
132,206,924,132,206,924,132,206,924,1
206,154,835,206,154,835,206,154,835,1
154,130,850,154,130,850,154,130,850,1
130,306,917,130,306,917,130,306,917,1
306,136,868,306,136,868,306,136,868,1
136,308,909,136,308,909,136,308,909,1
308,127,862,308,127,862,308,127,862,1
127,171,925,127,171,925,127,171,925,1
171,169,829,171,169,829,171,169,829,1
169,138,857,169,138,857,169,138,857,1
138,282,895,138,282,895,138,282,895,1
282,129,829,282,129,829,282,129,829,1
129,262,892,129,262,892,129,262,892,1
262,122,857,262,122,857,262,122,857,1
122,296,915,122,296,915,122,296,915,1
296,125,846,296,125,846,296,125,846,1
125,162,929,125,162,929,125,162,929,1
162,161,819,162,161,819,162,161,819,1
161,130,867,161,130,867,161,130,867,1
130,291,922,130,291,922,130,291,922,1
291,129,870,291,129,870,291,129,870,1
129,163,930,129,163,930,129,163,930,1
163,152,840,163,152,840,163,152,840,1
152,130,868,152,130,868,152,130,868,1
130,138,947,130,138,947,130,138,947,1
138,191,846,138,191,846,138,191,846,1
191,130,901,191,130,901,191,130,901,1
130,238,935,130,238,935,130,238,935,1
238,131,880,238,131,880,238,131,880,1
131,234,931,131,234,931,131,234,931,1
234,129,862,234,129,862,234,129,862,1
129,239,935,129,239,935,129,239,935,1
239,122,878,239,122,878,239,122,878,1
122,258,966,122,258,966,122,258,966,1
258,126,947,258,126,947,258,126,947,1
126,399,1006,126,399,1006,126,399,1006,1
399,126,881,399,126,881,399,126,881,1
126,122,920,126,122,920,126,122,920,1
122,221,812,122,221,812,122,221,812,1
221,128,822,221,128,822,221,128,822,1
128,137,876,128,137,876,128,137,876,1
137,216,798,137,216,798,137,216,798,1
216,127,830,216,127,830,216,127,830,1
127,351,888,127,351,888,127,351,888,1
351,127,808,351,127,808,351,127,808,1
127,133,869,127,133,869,127,133,869,1
133,185,793,133,185,793,133,185,793,1
185,128,822,185,128,822,185,128,822,1
128,139,888,128,139,888,128,139,888,1
139,204,810,139,204,810,139,204,810,1
204,128,831,204,128,831,204,128,831,1
128,152,904,128,152,904,128,152,904,1
152,200,814,152,200,814,152,200,814,1
200,127,847,200,127,847,200,127,847,1
127,298,894,127,298,894,127,298,894,1
298,129,864,298,129,864,298,129,864,1
129,184,912,129,184,912,129,184,912,1
184,177,830,184,177,830,184,177,830,1
177,126,860,177,126,860,177,126,860,1
126,165,921,126,165,921,126,165,921,1
165,177,825,165,177,825,165,177,825,1
177,125,850,177,125,850,177,125,850,1
125,289,909,125,289,909,125,289,909,1
289,129,862,289,129,862,289,129,862,1
129,163,920,129,163,920,129,163,920,1
163,147,837,163,147,837,163,147,837,1
147,127,874,147,127,874,147,127,874,1
127,140,920,127,140,920,127,140,920,1
140,202,830,140,202,830,140,202,830,1
202,134,865,202,134,865,202,134,865,1
134,296,908,134,296,908,134,296,908,1
296,128,853,296,128,853,296,128,853,1
128,289,917,128,289,917,128,289,917,1
289,131,871,289,131,871,289,131,871,1
131,172,933,131,172,933,131,172,933,1
172,168,830,172,168,830,172,168,830,1
168,127,865,168,127,865,168,127,865,1
127,254,919,127,254,919,127,254,919,1
254,131,871,254,131,871,254,131,871,1
131,250,914,131,250,914,131,250,914,1
250,124,863,250,124,863,250,124,863,1
124,271,930,124,271,930,124,271,930,1
271,127,841,271,127,841,271,127,841,1
127,292,915,127,292,915,127,292,915,1
292,125,845,292,125,845,292,125,845,1
125,154,918,125,154,918,125,154,918,1
154,264,829,154,264,829,154,264,829,1
264,132,854,264,132,854,264,132,854,1
132,186,916,132,186,916,132,186,916,1
186,187,817,186,187,817,186,187,817,1
187,130,852,187,130,852,187,130,852,1
130,328,892,130,328,892,130,328,892,1
328,130,861,328,130,861,328,130,861,1
130,350,917,130,350,917,130,350,917,1
350,131,859,350,131,859,350,131,859,1
131,324,905,131,324,905,131,324,905,1
324,133,851,324,133,851,324,133,851,1
133,304,899,133,304,899,133,304,899,1
304,129,862,304,129,862,304,129,862,1
129,155,926,129,155,926,129,155,926,1
155,185,838,155,185,838,155,185,838,1
185,131,844,185,131,844,185,131,844,1
131,299,911,131,299,911,131,299,911,1
299,127,858,299,127,858,299,127,858,1
127,269,909,127,269,909,127,269,909,1
269,126,860,269,126,860,269,126,860,1
126,298,915,126,298,915,126,298,915,1
298,126,853,298,126,853,298,126,853,1
126,289,924,126,289,924,126,289,924,1
289,129,865,289,129,865,289,129,865,1
129,266,920,129,266,920,129,266,920,1
266,132,856,266,132,856,266,132,856,1
132,266,918,132,266,918,132,266,918,1
266,131,882,266,131,882,266,131,882,1
131,174,941,131,174,941,131,174,941,1
174,191,836,174,191,836,174,191,836,1
191,138,868,191,138,868,191,138,868,1
138,175,947,138,175,947,138,175,947,1
175,162,830,175,162,830,175,162,830,1
162,133,897,162,133,897,162,133,897,1
133,269,925,133,269,925,133,269,925,1
269,129,864,269,129,864,269,129,864,1
129,177,945,129,177,945,129,177,945,1
177,171,846,177,171,846,177,171,846,1
171,130,890,171,130,890,171,130,890,1
130,132,962,130,132,962,130,132,962,1
132,194,861,132,194,861,132,194,861,-1
194,132,907,194,132,907,194,132,907,1
132,252,954,132,252,954,132,252,954,1
252,128,867,252,128,867,252,128,867,1
128,237,925,128,237,925,128,237,925,1
237,126,851,237,126,851,237,126,851,1
126,243,935,126,243,935,126,243,935,1
243,128,865,243,128,865,243,128,865,1
128,228,933,128,228,933,128,228,933,1
228,125,895,228,125,895,228,125,895,1
125,246,950,125,246,950,125,246,950,1
246,131,883,246,131,883,246,131,883,1
131,215,939,131,215,939,131,215,939,1
215,165,837,215,165,837,215,165,837,1
165,128,875,165,128,875,165,128,875,1
128,175,950,128,175,950,128,175,950,1
175,173,857,175,173,857,175,173,857,1
173,134,897,173,134,897,173,134,897,1
134,368,948,134,368,948,134,368,948,1
368,133,892,368,133,892,368,133,892,1
133,182,936,133,182,936,133,182,936,1
182,158,854,182,158,854,182,158,854,1
158,132,889,158,132,889,158,132,889,1
132,340,927,132,340,927,132,340,927,1
340,133,860,340,133,860,340,133,860,1
133,156,926,133,156,926,133,156,926,1
156,209,835,156,209,835,156,209,835,1
209,131,870,209,131,870,209,131,870,1
131,140,925,131,140,925,131,140,925,1
140,174,837,140,174,837,140,174,837,1
174,133,861,174,133,861,174,133,861,1
133,131,900,133,131,900,133,131,900,1
131,171,844,131,171,844,131,171,844,1
171,131,866,171,131,866,171,131,866,1
131,349,924,131,349,924,131,349,924,1
349,130,865,349,130,865,349,130,865,1
130,324,930,130,324,930,130,324,930,1
324,132,891,324,132,891,324,132,891,1
132,290,923,132,290,923,132,290,923,1
290,132,885,290,132,885,290,132,885,1
132,311,940,132,311,940,132,311,940,1
311,133,884,311,133,884,311,133,884,1
133,280,930,133,280,930,133,280,930,1
280,129,853,280,129,853,280,129,853,1
129,265,923,129,265,923,129,265,923,1
265,131,885,265,131,885,265,131,885,1
131,332,942,131,332,942,131,332,942,1
332,133,869,332,133,869,332,133,869,1
133,277,932,133,277,932,133,277,932,1
277,127,870,277,127,870,277,127,870,1
127,243,934,127,243,934,127,243,934,1
243,125,865,243,125,865,243,125,865,1
125,256,945,125,256,945,125,256,945,1
256,126,881,256,126,881,256,126,881,1
126,243,935,126,243,935,126,243,935,1
243,130,886,243,130,886,243,130,886,1
130,375,964,130,375,964,130,375,964,1
375,131,908,375,131,908,375,131,908,1
131,137,957,131,137,957,131,137,957,1
137,208,853,137,208,853,137,208,853,1
208,135,885,208,135,885,208,135,885,1
135,332,930,135,332,930,135,332,930,1
332,128,874,332,128,874,332,128,874,1
128,153,943,128,153,943,128,153,943,1
153,215,855,153,215,855,153,215,855,1
215,132,895,215,132,895,215,132,895,1
132,174,939,132,174,939,132,174,939,1
174,151,842,174,151,842,174,151,842,1
151,130,888,151,130,888,151,130,888,1
130,324,932,130,324,932,130,324,932,1
324,134,905,324,134,905,324,134,905,1
134,157,950,134,157,950,134,157,950,1
157,156,860,157,156,860,157,156,860,1
156,130,878,156,130,878,156,130,878,1
130,278,923,130,278,923,130,278,923,1
278,133,898,278,133,898,278,133,898,1
133,326,936,133,326,936,133,326,936,1
326,130,862,326,130,862,326,130,862,1
130,300,936,130,300,936,130,300,936,1
300,134,867,300,134,867,300,134,867,1
134,276,930,134,276,930,134,276,930,1
276,130,869,276,130,869,276,130,869,1
130,143,933,130,143,933,130,143,933,1
143,147,853,143,147,853,143,147,853,1
147,129,869,147,129,869,147,129,869,1
129,152,929,129,152,929,129,152,929,1
152,171,845,152,171,845,152,171,845,1
171,127,868,171,127,868,171,127,868,1
127,269,937,127,269,937,127,269,937,1
269,130,886,269,130,886,269,130,886,1
130,268,927,130,268,927,130,268,927,1
268,130,908,268,130,908,268,130,908,1
130,237,939,130,237,939,130,237,939,1
237,128,855,237,128,855,237,128,855,1
128,228,952,128,228,952,128,228,952,1
228,129,909,228,129,909,228,129,909,1
129,247,967,129,247,967,129,247,967,1
247,126,888,247,126,888,247,126,888,1
126,239,967,126,239,967,126,239,967,1
239,123,892,239,123,892,239,123,892,1
123,264,964,123,264,964,123,264,964,1
264,126,916,264,126,916,264,126,916,1
126,162,960,126,162,960,126,162,960,1
162,203,860,162,203,860,162,203,860,1
203,132,898,203,132,898,203,132,898,1
132,337,941,132,337,941,132,337,941,1
337,133,900,337,133,900,337,133,900,1
133,358,943,133,358,943,133,358,943,1
358,133,906,358,133,906,358,133,906,1
133,193,958,133,193,958,133,193,958,1
193,159,874,193,159,874,193,159,874,1
159,131,887,159,131,887,159,131,887,1
131,304,930,131,304,930,131,304,930,1
304,129,875,304,129,875,304,129,875,1
129,301,920,129,301,920,129,301,920,1
301,130,887,301,130,887,301,130,887,1
130,168,938,130,168,938,130,168,938,1
168,167,848,168,167,848,168,167,848,1
167,131,871,167,131,871,167,131,871,1
131,295,926,131,295,926,131,295,926,1
295,137,863,295,137,863,295,137,863,1
137,295,921,137,295,921,137,295,921,1
295,129,870,295,129,870,295,129,870,1
129,161,942,129,161,942,129,161,942,1
161,160,849,161,160,849,161,160,849,1
160,134,900,160,134,900,160,134,900,1
134,291,946,134,291,946,134,291,946,1
291,130,865,291,130,865,291,130,865,1
130,143,924,130,143,924,130,143,924,1
143,143,864,143,143,864,143,143,864,1
143,132,899,143,132,899,143,132,899,1
132,342,948,132,342,948,132,342,948,1
342,129,883,342,129,883,342,129,883,1
129,303,948,129,303,948,129,303,948,1
303,129,867,303,129,867,303,129,867,1
129,279,924,129,279,924,129,279,924,1
279,128,886,279,128,886,279,128,886,1
128,317,948,128,317,948,128,317,948,1
317,127,889,317,127,889,317,127,889,1
127,330,960,127,330,960,127,330,960,1
330,126,876,330,126,876,330,126,876,1
126,289,953,126,289,953,126,289,953,1
289,129,924,289,129,924,289,129,924,1
129,154,964,129,154,964,129,154,964,1
154,210,864,154,210,864,154,210,864,1
210,130,913,210,130,913,210,130,913,1
130,304,944,130,304,944,130,304,944,1
304,130,873,304,130,873,304,130,873,1
130,281,933,130,281,933,130,281,933,1
281,130,891,281,130,891,281,130,891,1
130,165,949,130,165,949,130,165,949,1
165,157,859,165,157,859,165,157,859,1
157,131,886,157,131,886,157,131,886,1
131,236,946,131,236,946,131,236,946,1
236,212,842,236,212,842,236,212,842,1
212,278,935,212,278,935,212,278,935,1
278,130,901,278,130,901,278,130,901,1
130,242,945,130,242,945,130,242,945,1
242,212,852,242,212,852,242,212,852,1
212,121,945,212,121,945,212,121,945,1
121,191,861,121,191,861,121,191,861,1
191,132,872,191,132,872,191,132,872,1
132,277,938,132,277,938,132,277,938,1
277,130,889,277,130,889,277,130,889,1
130,322,939,130,322,939,130,322,939,1
322,128,867,322,128,867,322,128,867,1
128,273,944,128,273,944,128,273,944,1
273,130,863,273,130,863,273,130,863,1
130,246,917,130,246,917,130,246,917,1
246,127,880,246,127,880,246,127,880,1
127,243,944,127,243,944,127,243,944,1
243,131,872,243,131,872,243,131,872,1
131,224,939,131,224,939,131,224,939,1
224,132,891,224,132,891,224,132,891,1
132,231,953,132,231,953,132,231,953,1
231,129,879,231,129,879,231,129,879,1
129,227,948,129,227,948,129,227,948,1
227,125,880,227,125,880,227,125,880,1
125,236,954,125,236,954,125,236,954,1
236,127,880,236,127,880,236,127,880,1
127,233,953,127,233,953,127,233,953,1
233,126,866,233,126,866,233,126,866,1
126,238,948,126,238,948,126,238,948,1
238,130,901,238,130,901,238,130,901,1
130,375,950,130,375,950,130,375,950,1
375,130,887,375,130,887,375,130,887,1
130,129,927,130,129,927,130,129,927,1
129,199,847,129,199,847,129,199,847,1
199,132,875,199,132,875,199,132,875,1
132,337,930,132,337,930,132,337,930,1
337,129,900,337,129,900,337,129,900,1
129,162,938,129,162,938,129,162,938,1
162,205,859,162,205,859,162,205,859,1
205,137,883,205,137,883,205,137,883,1
137,316,923,137,316,923,137,316,923,1
316,131,860,316,131,860,316,131,860,1
131,150,909,131,150,909,131,150,909,1
150,197,844,150,197,844,150,197,844,1
197,136,882,197,136,882,197,136,882,1
136,141,935,136,141,935,136,141,935,1
141,221,854,141,221,854,141,221,854,1
221,136,862,221,136,862,221,136,862,1
136,308,902,136,308,902,136,308,902,1
308,137,859,308,137,859,308,137,859,1
137,313,906,137,313,906,137,313,906,1
313,132,872,313,132,872,313,132,872,1
132,121,935,132,121,935,132,121,935,1
121,205,857,121,205,857,121,205,857,1
205,133,877,205,133,877,205,133,877,1
133,289,925,133,289,925,133,289,925,1
289,130,878,289,130,878,289,130,878,1
130,162,932,130,162,932,130,162,932,1
162,155,856,162,155,856,162,155,856,1
155,138,886,155,138,886,155,138,886,1
138,189,941,138,189,941,138,189,941,1
189,152,851,189,152,851,189,152,851,1
152,130,880,152,130,880,152,130,880,1
130,310,935,130,310,935,130,310,935,1
310,133,893,310,133,893,310,133,893,1
133,321,926,133,321,926,133,321,926,1
321,134,886,321,134,886,321,134,886,1
134,346,937,134,346,937,134,346,937,1
346,133,869,346,133,869,346,133,869,1
133,312,925,133,312,925,133,312,925,1
312,133,875,312,133,875,312,133,875,1
133,322,915,133,322,915,133,322,915,1
322,136,867,322,136,867,322,136,867,1
136,354,933,136,354,933,136,354,933,1
354,130,858,354,130,858,354,130,858,1
130,299,922,130,299,922,130,299,922,1
299,131,866,299,131,866,299,131,866,1
131,339,929,131,339,929,131,339,929,1
339,130,881,339,130,881,339,130,881,1
130,332,936,130,332,936,130,332,936,1
332,135,875,332,135,875,332,135,875,1
135,287,922,135,287,922,135,287,922,1
287,129,877,287,129,877,287,129,877,1
129,152,933,129,152,933,129,152,933,1
152,167,847,152,167,847,152,167,847,1
167,131,874,167,131,874,167,131,874,1
131,295,947,131,295,947,131,295,947,1
295,128,881,295,128,881,295,128,881,1
128,236,930,128,236,930,128,236,930,1
236,123,893,236,123,893,236,123,893,1
123,236,942,123,236,942,123,236,942,1
236,131,903,236,131,903,236,131,903,1
131,236,947,131,236,947,131,236,947,1
236,128,863,236,128,863,236,128,863,1
128,230,939,128,230,939,128,230,939,1
230,129,892,230,129,892,230,129,892,1
129,286,944,129,286,944,129,286,944,1
286,125,872,286,125,872,286,125,872,1
125,402,956,125,402,956,125,402,956,1
402,136,878,402,136,878,402,136,878,1
136,346,931,136,346,931,136,346,931,1
346,127,889,346,127,889,346,127,889,1
127,159,955,127,159,955,127,159,955,1
159,195,867,159,195,867,159,195,867,1
195,133,907,195,133,907,195,133,907,1
133,169,950,133,169,950,133,169,950,1
169,155,870,169,155,870,169,155,870,1
155,132,884,155,132,884,155,132,884,1
132,325,937,132,325,937,132,325,937,1
325,133,906,325,133,906,325,133,906,1
133,347,960,133,347,960,133,347,960,1
347,131,886,347,131,886,347,131,886,1
131,311,935,131,311,935,131,311,935,1
311,136,885,311,136,885,311,136,885,1
136,151,946,136,151,946,136,151,946,1
151,155,875,151,155,875,151,155,875,1
155,129,896,155,129,896,155,129,896,1
129,327,965,129,327,965,129,327,965,1
327,126,893,327,126,893,327,126,893,1
126,291,938,126,291,938,126,291,938,1
291,128,904,291,128,904,291,128,904,1
128,330,943,128,330,943,128,330,943,1
330,131,869,330,131,869,330,131,869,1
131,191,939,131,191,939,131,191,939,1
191,149,848,191,149,848,191,149,848,1
149,127,871,149,127,871,149,127,871,1
127,296,932,127,296,932,127,296,932,1
296,126,875,296,126,875,296,126,875,1
126,335,941,126,335,941,126,335,941,1
335,131,879,335,131,879,335,131,879,1
131,327,952,131,327,952,131,327,952,1
327,129,892,327,129,892,327,129,892,1
129,292,932,129,292,932,129,292,932,1
292,130,893,292,130,893,292,130,893,1
130,167,957,130,167,957,130,167,957,1
167,176,862,167,176,862,167,176,862,1
176,127,899,176,127,899,176,127,899,1
127,160,949,127,160,949,127,160,949,1
160,175,843,160,175,843,160,175,843,1
175,131,889,175,131,889,175,131,889,1
131,289,944,131,289,944,131,289,944,1
289,127,887,289,127,887,289,127,887,1
127,124,944,127,124,944,127,124,944,1
124,181,868,124,181,868,124,181,868,1
181,133,889,181,133,889,181,133,889,1
133,256,946,133,256,946,133,256,946,1
256,129,867,256,129,867,256,129,867,1
129,228,938,129,228,938,129,228,938,1
228,128,869,228,128,869,228,128,869,1
128,242,935,128,242,935,128,242,935,1
242,126,881,242,126,881,242,126,881,1
126,242,942,126,242,942,126,242,942,1
242,127,865,242,127,865,242,127,865,1
127,260,954,127,260,954,127,260,954,1
260,132,883,260,132,883,260,132,883,1
132,165,969,132,165,969,132,165,969,1
165,245,856,165,245,856,165,245,856,1
245,130,911,245,130,911,245,130,911,1
130,182,951,130,182,951,130,182,951,1
182,179,853,182,179,853,182,179,853,1
179,133,873,179,133,873,179,133,873,1
133,181,928,133,181,928,133,181,928,1
181,169,856,181,169,856,181,169,856,1
169,129,880,169,129,880,169,129,880,1
129,201,935,129,201,935,129,201,935,1
201,163,831,201,163,831,201,163,831,1
163,128,866,163,128,866,163,128,866,1
128,313,917,128,313,917,128,313,917,1
313,133,869,313,133,869,313,133,869,1
133,194,912,133,194,912,133,194,912,1
194,157,842,194,157,842,194,157,842,1
157,131,867,157,131,867,157,131,867,1
131,127,942,131,127,942,131,127,942,1
127,213,844,127,213,844,127,213,844,1
213,128,878,213,128,878,213,128,878,1
128,300,933,128,300,933,128,300,933,1
300,132,882,300,132,882,300,132,882,1
132,317,936,132,317,936,132,317,936,1
317,131,879,317,131,879,317,131,879,1
131,327,946,131,327,946,131,327,946,1
327,136,878,327,136,878,327,136,878,1
136,288,930,136,288,930,136,288,930,1
288,133,877,288,133,877,288,133,877,1
133,270,922,133,270,922,133,270,922,1
270,132,874,270,132,874,270,132,874,1
132,128,944,132,128,944,132,128,944,1
128,189,858,128,189,858,128,189,858,1
189,133,888,189,133,888,189,133,888,1
133,296,925,133,296,925,133,296,925,1
296,128,859,296,128,859,296,128,859,1
128,272,931,128,272,931,128,272,931,1
272,127,884,272,127,884,272,127,884,1
127,299,950,127,299,950,127,299,950,1
299,121,870,299,121,870,299,121,870,1
121,270,936,121,270,936,121,270,936,1
270,127,857,270,127,857,270,127,857,1
127,151,923,127,151,923,127,151,923,1
151,146,846,151,146,846,151,146,846,1
146,130,873,146,130,873,146,130,873,1
130,164,927,130,164,927,130,164,927,1
164,158,827,164,158,827,164,158,827,1
158,135,855,158,135,855,158,135,855,1
135,139,913,135,139,913,135,139,913,1
139,154,827,139,154,827,139,154,827,1
154,128,869,154,128,869,154,128,869,1
128,325,926,128,325,926,128,325,926,1
325,140,873,325,140,873,325,140,873,1
140,159,926,140,159,926,140,159,926,1
159,155,845,159,155,845,159,155,845,1
155,132,886,155,132,886,155,132,886,1
132,283,923,132,283,923,132,283,923,1
283,130,872,283,130,872,283,130,872,1
130,309,940,130,309,940,130,309,940,1
309,129,872,309,129,872,309,129,872,1
129,276,912,129,276,912,129,276,912,1
276,132,851,276,132,851,276,132,851,1
132,293,906,132,293,906,132,293,906,1
293,129,848,293,129,848,293,129,848,1
129,176,913,129,176,913,129,176,913,1
176,148,828,176,148,828,176,148,828,1
148,132,862,148,132,862,148,132,862,1
132,286,914,132,286,914,132,286,914,1
286,126,862,286,126,862,286,126,862,1
126,292,911,126,292,911,126,292,911,1
292,126,873,292,126,873,292,126,873,1
126,297,936,126,297,936,126,297,936,1
297,126,881,297,126,881,297,126,881,1
126,237,928,126,237,928,126,237,928,1
237,129,849,237,129,849,237,129,849,1
129,226,907,129,226,907,129,226,907,1
226,128,875,226,128,875,226,128,875,1
128,237,936,128,237,936,128,237,936,1
237,125,853,237,125,853,237,125,853,1
125,236,943,125,236,943,125,236,943,1
236,124,865,236,124,865,236,124,865,1
124,171,927,124,171,927,124,171,927,1
171,212,833,171,212,833,171,212,833,1
212,197,940,212,197,940,212,197,940,1
197,158,825,197,158,825,197,158,825,1
158,126,867,158,126,867,158,126,867,1
126,351,939,126,351,939,126,351,939,1
351,128,855,351,128,855,351,128,855,1
128,311,913,128,311,913,128,311,913,1
311,131,886,311,131,886,311,131,886,1
131,372,930,131,372,930,131,372,930,1
372,132,866,372,132,866,372,132,866,1
132,321,915,132,321,915,132,321,915,1
321,127,857,321,127,857,321,127,857,1
127,339,910,127,339,910,127,339,910,1
339,129,875,339,129,875,339,129,875,1
129,179,925,129,179,925,129,179,925,1
179,150,822,179,150,822,179,150,822,1
150,126,840,150,126,840,150,126,840,1
126,288,906,126,288,906,126,288,906,1
288,130,877,288,130,877,288,130,877,1
130,316,916,130,316,916,130,316,916,1
316,130,868,316,130,868,316,130,868,1
130,121,937,130,121,937,130,121,937,1
121,192,845,121,192,845,121,192,845,1
192,133,886,192,133,886,192,133,886,1
133,274,918,133,274,918,133,274,918,1
274,125,863,274,125,863,274,125,863,1
125,327,927,125,327,927,125,327,927,1
327,138,877,327,138,877,327,138,877,1
138,307,914,138,307,914,138,307,914,1
307,134,842,307,134,842,307,134,842,1
134,249,881,134,249,881,134,249,881,1
249,134,830,249,134,830,249,134,830,1
134,123,894,134,123,894,134,123,894,1
123,171,823,123,171,823,123,171,823,1
171,130,849,171,130,849,171,130,849,1
130,310,908,130,310,908,130,310,908,1
310,134,854,310,134,854,310,134,854,1
134,268,905,134,268,905,134,268,905,1
268,128,854,268,128,854,268,128,854,1
128,258,904,128,258,904,128,258,904,1
258,127,867,258,127,867,258,127,867,1
127,188,931,127,188,931,127,188,931,1
188,211,825,188,211,825,188,211,825,1
211,224,929,211,224,929,211,224,929,1
224,131,846,224,131,846,224,131,846,1
131,225,912,131,225,912,131,225,912,1
225,127,858,225,127,858,225,127,858,1
127,239,935,127,239,935,127,239,935,1
239,123,865,239,123,865,239,123,865,1
123,240,944,123,240,944,123,240,944,1
240,129,870,240,129,870,240,129,870,1
129,269,929,129,269,929,129,269,929,1
269,129,862,269,129,862,269,129,862,1
129,336,928,129,336,928,129,336,928,1
336,132,876,336,132,876,336,132,876,1
132,319,915,132,319,915,132,319,915,1
319,129,847,319,129,847,319,129,847,1
129,158,908,129,158,908,129,158,908,1
158,172,830,158,172,830,158,172,830,1
172,132,876,172,132,876,172,132,876,1
132,123,913,132,123,913,132,123,913,1
123,228,841,123,228,841,123,228,841,1
228,131,878,228,131,878,228,131,878,1
131,302,905,131,302,905,131,302,905,1
302,198,867,302,198,867,302,198,867,1
198,176,1107,198,176,1107,198,176,1107,1
176,205,870,176,205,870,176,205,870,1
205,276,903,205,276,903,205,276,903,1
276,129,847,276,129,847,276,129,847,1
129,288,901,129,288,901,129,288,901,1
288,133,868,288,133,868,288,133,868,1
133,277,891,133,277,891,133,277,891,1
277,131,874,277,131,874,277,131,874,1
131,300,924,131,300,924,131,300,924,1
300,129,871,300,129,871,300,129,871,1
129,267,910,129,267,910,129,267,910,1
267,129,861,267,129,861,267,129,861,1
129,271,903,129,271,903,129,271,903,1
271,128,851,271,128,851,271,128,851,1
128,139,919,128,139,919,128,139,919,1
139,163,837,139,163,837,139,163,837,1
163,129,864,163,129,864,163,129,864,1
129,129,915,129,129,915,129,129,915,1
129,154,833,129,154,833,129,154,833,1
154,127,854,154,127,854,154,127,854,1
127,281,904,127,281,904,127,281,904,1
281,130,872,281,130,872,281,130,872,1
130,148,920,130,148,920,130,148,920,1
148,149,836,148,149,836,148,149,836,1
149,131,865,149,131,865,149,131,865,1
131,232,908,131,232,908,131,232,908,1
232,130,843,232,130,843,232,130,843,1
130,236,906,130,236,906,130,236,906,1
236,125,850,236,125,850,236,125,850,1
125,240,927,125,240,927,125,240,927,1
240,128,852,240,128,852,240,128,852,1
128,226,907,128,226,907,128,226,907,1
226,128,860,226,128,860,226,128,860,1
128,248,924,128,248,924,128,248,924,1
248,125,846,248,125,846,248,125,846,1
125,319,921,125,319,921,125,319,921,1
319,136,857,319,136,857,319,136,857,1
136,316,898,136,316,898,136,316,898,1
316,128,837,316,128,837,316,128,837,1
128,291,899,128,291,899,128,291,899,1
291,129,843,291,129,843,291,129,843,1
129,309,922,129,309,922,129,309,922,1
309,124,851,309,124,851,309,124,851,1
124,296,922,124,296,922,124,296,922,1
296,125,869,296,125,869,296,125,869,1
125,305,925,125,305,925,125,305,925,1
305,122,846,305,122,846,305,122,846,1
122,248,872,122,248,872,122,248,872,1
248,128,814,248,128,814,248,128,814,1
128,237,898,128,237,898,128,237,898,1
237,133,908,237,133,908,237,133,908,1
133,231,934,133,231,934,133,231,934,1
231,144,877,231,144,877,231,144,877,1
144,201,899,144,201,899,144,201,899,1
201,334,899,201,334,899,201,334,899,1
334,124,940,334,124,940,334,124,940,1
124,226,940,124,226,940,124,226,940,1
226,124,888,226,124,888,226,124,888,1
124,267,936,124,267,936,124,267,936,1
267,128,863,267,128,863,267,128,863,1
128,250,928,128,250,928,128,250,928,1
250,123,852,250,123,852,250,123,852,1
123,247,939,123,247,939,123,247,939,1
247,126,870,247,126,870,247,126,870,1
126,275,939,126,275,939,126,275,939,1
275,132,894,275,132,894,275,132,894,1
132,133,938,132,133,938,132,133,938,1
133,161,860,133,161,860,133,161,860,1
161,128,870,161,128,870,161,128,870,1
128,197,927,128,197,927,128,197,927,1
197,163,834,197,163,834,197,163,834,1
163,133,865,163,133,865,163,133,865,1
133,242,895,133,242,895,133,242,895,1
242,212,845,242,212,845,242,212,845,1
212,126,923,212,126,923,212,126,923,1
126,223,848,126,223,848,126,223,848,1
223,134,889,223,134,889,223,134,889,1
134,329,928,134,329,928,134,329,928,1
329,127,863,329,127,863,329,127,863,1
127,315,903,127,315,903,127,315,903,1
315,138,872,315,138,872,315,138,872,1
138,334,915,138,334,915,138,334,915,1
334,132,873,334,132,873,334,132,873,1
132,307,904,132,307,904,132,307,904,1
307,131,858,307,131,858,307,131,858,1
131,290,902,131,290,902,131,290,902,1
290,128,865,290,128,865,290,128,865,1
128,318,919,128,318,919,128,318,919,1
318,129,856,318,129,856,318,129,856,1
129,281,922,129,281,922,129,281,922,1
281,124,861,281,124,861,281,124,861,1
124,247,915,124,247,915,124,247,915,1
247,126,871,247,126,871,247,126,871,1
126,237,934,126,237,934,126,237,934,1
237,126,868,237,126,868,237,126,868,1
126,219,923,126,219,923,126,219,923,1
219,127,865,219,127,865,219,127,865,1
127,223,926,127,223,926,127,223,926,1
223,125,869,223,125,869,223,125,869,1
125,244,949,125,244,949,125,244,949,1
244,126,884,244,126,884,244,126,884,1
126,289,944,126,289,944,126,289,944,1
289,131,897,289,131,897,289,131,897,1
131,285,937,131,285,937,131,285,937,1
285,128,906,285,128,906,285,128,906,1
128,167,967,128,167,967,128,167,967,1
167,154,874,167,154,874,167,154,874,1
154,126,901,154,126,901,154,126,901,1
126,240,941,126,240,941,126,240,941,1
240,213,853,240,213,853,240,213,853,1
213,288,922,213,288,922,213,288,922,1
288,129,870,288,129,870,288,129,870,1
129,302,929,129,302,929,129,302,929,1
302,132,863,302,132,863,302,132,863,1
132,281,909,132,281,909,132,281,909,1
281,296,866,281,296,866,281,296,866,1
296,209,835,296,209,835,296,209,835,1
209,244,915,209,244,915,209,244,915,1
244,126,862,244,126,862,244,126,862,1
126,229,927,126,229,927,126,229,927,1
229,348,865,229,348,865,229,348,865,1
348,127,858,348,127,858,348,127,858,1
127,222,927,127,222,927,127,222,927,1
222,128,870,222,128,870,222,128,870,1
128,216,932,128,216,932,128,216,932,1
216,121,860,216,121,860,216,121,860,1
121,224,932,121,224,932,121,224,932,1
224,125,870,224,125,870,224,125,870,1
125,251,946,125,251,946,125,251,946,1
251,122,902,251,122,902,251,122,902,1
122,196,970,122,196,970,122,196,970,1
196,155,867,196,155,867,196,155,867,1
155,131,911,155,131,911,155,131,911,1
131,153,959,131,153,959,131,153,959,1
153,194,871,153,194,871,153,194,871,1
194,128,920,194,128,920,194,128,920,1
128,176,958,128,176,958,128,176,958,1
176,197,865,176,197,865,176,197,865,1
197,132,906,197,132,906,197,132,906,1
132,133,943,132,133,943,132,133,943,1
133,207,860,133,207,860,133,207,860,1
207,130,872,207,130,872,207,130,872,1
130,312,926,130,312,926,130,312,926,1
312,131,899,312,131,899,312,131,899,1
131,187,957,131,187,957,131,187,957,1
187,155,875,187,155,875,187,155,875,1
155,129,897,155,129,897,155,129,897,1
129,221,961,129,221,961,129,221,961,1
221,155,864,221,155,864,221,155,864,1
155,130,898,155,130,898,155,130,898,1
130,301,945,130,301,945,130,301,945,1
301,127,897,301,127,897,301,127,897,1
127,348,949,127,348,949,127,348,949,1
348,133,936,348,133,936,348,133,936,1
133,355,956,133,355,956,133,355,956,1
355,126,914,355,126,914,355,126,914,1
126,293,947,126,293,947,126,293,947,1
293,129,879,293,129,879,293,129,879,1
129,136,931,129,136,931,129,136,931,1
136,185,853,136,185,853,136,185,853,1
185,131,894,185,131,894,185,131,894,1
131,327,936,131,327,936,131,327,936,1
327,132,886,327,132,886,327,132,886,1
132,197,940,132,197,940,132,197,940,1
197,211,848,197,211,848,197,211,848,1
211,279,941,211,279,941,211,279,941,1
279,130,890,279,130,890,279,130,890,1
130,245,948,130,245,948,130,245,948,1
245,127,886,245,127,886,245,127,886,1
127,246,941,127,246,941,127,246,941,1
246,124,870,246,124,870,246,124,870,1
124,246,949,124,246,949,124,246,949,1
246,126,900,246,126,900,246,126,900,1
126,247,949,126,247,949,126,247,949,1
247,125,899,247,125,899,247,125,899,1
125,286,957,125,286,957,125,286,957,1
286,134,899,286,134,899,286,134,899,1
134,130,963,134,130,963,134,130,963,1
130,230,878,130,230,878,130,230,878,1
230,125,904,230,125,904,230,125,904,1
125,357,961,125,357,961,125,357,961,1
357,132,930,357,132,930,357,132,930,1
132,176,972,132,176,972,132,176,972,1
176,177,879,176,177,879,176,177,879,1
177,130,909,177,130,909,177,130,909,1
130,325,944,130,325,944,130,325,944,1
325,131,883,325,131,883,325,131,883,1
131,317,924,131,317,924,131,317,924,1
317,126,876,317,126,876,317,126,876,1
126,132,940,126,132,940,126,132,940,1
132,213,852,132,213,852,132,213,852,1
213,135,879,213,135,879,213,135,879,1
135,146,908,135,146,908,135,146,908,1
146,177,836,146,177,836,146,177,836,1
177,133,854,177,133,854,177,133,854,1
133,300,895,133,300,895,133,300,895,1
300,135,885,300,135,885,300,135,885,1
135,329,926,135,329,926,135,329,926,1
329,127,873,329,127,873,329,127,873,1
127,291,922,127,291,922,127,291,922,1
291,139,855,291,139,855,291,139,855,1
139,282,892,139,282,892,139,282,892,1
282,128,863,282,128,863,282,128,863,1
128,315,932,128,315,932,128,315,932,1
315,130,881,315,130,881,315,130,881,1
130,276,933,130,276,933,130,276,933,1
276,130,865,276,130,865,276,130,865,1
130,146,914,130,146,914,130,146,914,1
146,149,857,146,149,857,146,149,857,1
149,129,874,149,129,874,149,129,874,1
129,311,935,129,311,935,129,311,935,1
311,128,870,311,128,870,311,128,870,1
128,280,920,128,280,920,128,280,920,1
280,123,880,280,123,880,280,123,880,1
123,271,933,123,271,933,123,271,933,1
271,125,900,271,125,900,271,125,900,1
125,236,946,125,236,946,125,236,946,1
236,131,875,236,131,875,236,131,875,1
131,226,918,131,226,918,131,226,918,1
226,127,864,226,127,864,226,127,864,1
127,235,923,127,235,923,127,235,923,1
235,123,861,235,123,861,235,123,861,1
123,223,929,123,223,929,123,223,929,1
223,124,878,223,124,878,223,124,878,1
124,240,934,124,240,934,124,240,934,1
240,132,889,240,132,889,240,132,889,1
132,122,929,132,122,929,132,122,929,1
122,148,856,122,148,856,122,148,856,1
148,127,887,148,127,887,148,127,887,1
127,294,933,127,294,933,127,294,933,1
294,128,876,294,128,876,294,128,876,1
128,251,934,128,251,934,128,251,934,1
251,147,860,251,147,860,251,147,860,1
147,129,886,147,129,886,147,129,886,1
129,349,937,129,349,937,129,349,937,1
349,134,886,349,134,886,349,134,886,1
134,148,925,134,148,925,134,148,925,1
148,155,850,148,155,850,148,155,850,1
155,170,874,155,170,874,155,170,874,1
170,222,862,170,222,862,170,222,862,1
222,131,875,222,131,875,222,131,875,1
131,245,918,131,245,918,131,245,918,1
245,128,875,245,128,875,245,128,875,1
128,238,928,128,238,928,128,238,928,1
238,225,882,238,225,882,238,225,882,1
225,126,861,225,126,861,225,126,861,1
126,130,859,126,130,859,126,130,859,1
130,213,941,130,213,941,130,213,941,1
213,126,856,213,126,856,213,126,856,1
126,206,935,126,206,935,126,206,935,1
206,349,903,206,349,903,206,349,903,1
349,129,856,349,129,856,349,129,856,1
129,215,936,129,215,936,129,215,936,1
215,123,880,215,123,880,215,123,880,1
123,215,990,123,215,990,123,215,990,1
215,130,904,215,130,904,215,130,904,1
130,225,980,130,225,980,130,225,980,1
225,124,905,225,124,905,225,124,905,1
124,249,970,124,249,970,124,249,970,1
249,126,939,249,126,939,249,126,939,1
126,255,965,126,255,965,126,255,965,1
255,129,912,255,129,912,255,129,912,1
129,268,963,129,268,963,129,268,963,1
268,127,892,268,127,892,268,127,892,1
127,249,949,127,249,949,127,249,949,1
249,131,882,249,131,882,249,131,882,1
131,258,920,131,258,920,131,258,920,1
258,127,873,258,127,873,258,127,873,1
127,293,928,127,293,928,127,293,928,1
293,129,884,293,129,884,293,129,884,1
129,121,928,129,121,928,129,121,928,1
121,208,842,121,208,842,121,208,842,1
208,129,857,208,129,857,208,129,857,1
129,166,912,129,166,912,129,166,912,1
166,171,849,166,171,849,166,171,849,1
171,130,881,171,130,881,171,130,881,1
130,144,922,130,144,922,130,144,922,1
144,227,853,144,227,853,144,227,853,1
227,132,868,227,132,868,227,132,868,1
132,139,922,132,139,922,132,139,922,1
139,184,834,139,184,834,139,184,834,1
184,135,858,184,135,858,184,135,858,1
135,139,903,135,139,903,135,139,903,1
139,190,844,139,190,844,139,190,844,1
190,129,875,190,129,875,190,129,875,1
129,366,940,129,366,940,129,366,940,1
366,131,861,366,131,861,366,131,861,1
131,312,918,131,312,918,131,312,918,1
312,128,857,312,128,857,312,128,857,1
128,131,913,128,131,913,128,131,913,1
131,160,851,131,160,851,131,160,851,1
160,127,875,160,127,875,160,127,875,1
127,122,940,127,122,940,127,122,940,1
122,187,853,122,187,853,122,187,853,1
187,133,868,187,133,868,187,133,868,1
133,249,918,133,249,918,133,249,918,1
249,126,876,249,126,876,249,126,876,1
126,242,924,126,242,924,126,242,924,1
242,130,888,242,130,888,242,130,888,1
130,246,935,130,246,935,130,246,935,1
246,127,870,246,127,870,246,127,870,1
127,247,938,127,247,938,127,247,938,1
247,124,887,247,124,887,247,124,887,1
124,337,957,124,337,957,124,337,957,1
337,130,884,337,130,884,337,130,884,1
130,134,940,130,134,940,130,134,940,1
134,281,855,134,281,855,134,281,855,1
281,126,874,281,126,874,281,126,874,1
126,172,930,126,172,930,126,172,930,1
172,220,867,172,220,867,172,220,867,1
220,128,909,220,128,909,220,128,909,1
128,389,964,128,389,964,128,389,964,1
389,136,886,389,136,886,389,136,886,1
136,337,922,136,337,922,136,337,922,1
337,133,860,337,133,860,337,133,860,1
133,342,915,133,342,915,133,342,915,1
342,137,861,342,137,861,342,137,861,1
137,121,916,137,121,916,137,121,916,1
121,240,844,121,240,844,121,240,844,1
240,132,866,240,132,866,240,132,866,1
132,312,907,132,312,907,132,312,907,1
312,131,878,312,131,878,312,131,878,1
131,326,922,131,326,922,131,326,922,1
326,132,889,326,132,889,326,132,889,1
132,132,930,132,132,930,132,132,930,1
132,164,848,132,164,848,132,164,848,1
164,127,875,164,127,875,164,127,875,1
127,292,920,127,292,920,127,292,920,1
292,125,885,292,125,885,292,125,885,1
125,134,946,125,134,946,125,134,946,1
134,192,861,134,192,861,134,192,861,1
192,130,885,192,130,885,192,130,885,1
130,284,941,130,284,941,130,284,941,1
284,127,892,284,127,892,284,127,892,1
127,240,943,127,240,943,127,240,943,1
240,131,878,240,131,878,240,131,878,1
131,243,944,131,243,944,131,243,944,1
243,130,886,243,130,886,243,130,886,1
130,260,951,130,260,951,130,260,951,1
260,126,882,260,126,882,260,126,882,1
126,136,952,126,136,952,126,136,952,1
136,179,854,136,179,854,136,179,854,1
179,127,880,179,127,880,179,127,880,1
127,168,954,127,168,954,127,168,954,1
168,224,864,168,224,864,168,224,864,1
224,127,883,224,127,883,224,127,883,1
127,159,949,127,159,949,127,159,949,1
159,185,858,159,185,858,159,185,858,1
185,134,897,185,134,897,185,134,897,1
134,132,943,134,132,943,134,132,943,1
132,232,863,132,232,863,132,232,863,1
232,131,888,232,131,888,232,131,888,1
131,322,942,131,322,942,131,322,942,1
322,133,875,322,133,875,322,133,875,1
133,131,923,133,131,923,133,131,923,1
131,179,851,131,179,851,131,179,851,1
179,131,887,179,131,887,179,131,887,1
131,186,940,131,186,940,131,186,940,1
186,158,847,186,158,847,186,158,847,1
158,137,878,158,137,878,158,137,878,1
137,315,935,137,315,935,137,315,935,1
315,130,856,315,130,856,315,130,856,1
130,273,920,130,273,920,130,273,920,1
273,134,900,273,134,900,273,134,900,1
134,255,944,134,255,944,134,255,944,1
255,129,891,255,129,891,255,129,891,1
129,236,947,129,236,947,129,236,947,1
236,125,880,236,125,880,236,125,880,1
125,242,942,125,242,942,125,242,942,1
242,129,881,242,129,881,242,129,881,1
129,256,923,129,256,923,129,256,923,1
256,127,862,256,127,862,256,127,862,1
127,374,928,127,374,928,127,374,928,1
374,134,881,374,134,881,374,134,881,1
134,245,919,134,245,919,134,245,919,1
245,210,836,245,210,836,245,210,836,1
210,175,916,210,175,916,210,175,916,1
175,177,838,175,177,838,175,177,838,1
177,134,878,177,134,878,177,134,878,1
134,349,939,134,349,939,134,349,939,1
349,134,867,349,134,867,349,134,867,1
134,317,917,134,317,917,134,317,917,1
317,132,887,317,132,887,317,132,887,1
132,314,909,132,314,909,132,314,909,1
314,131,882,314,131,882,314,131,882,1
131,285,919,131,285,919,131,285,919,1
285,133,857,285,133,857,285,133,857,1
133,321,923,133,321,923,133,321,923,1
321,127,892,321,127,892,321,127,892,1
127,148,952,127,148,952,127,148,952,1
148,186,855,148,186,855,148,186,855,1
186,133,890,186,133,890,186,133,890,1
133,295,944,133,295,944,133,295,944,1
295,133,886,295,133,886,295,133,886,1
133,323,941,133,323,941,133,323,941,1
323,134,887,323,134,887,323,134,887,1
134,318,949,134,318,949,134,318,949,1
318,131,878,318,131,878,318,131,878,1
131,295,927,131,295,927,131,295,927,1
295,134,880,295,134,880,295,134,880,1
134,301,939,134,301,939,134,301,939,1
301,133,874,301,133,874,301,133,874,1
133,296,928,133,296,928,133,296,928,1
296,133,861,296,133,861,296,133,861,1
133,286,899,133,286,899,133,286,899,1
286,128,870,286,128,870,286,128,870,1
128,146,939,128,146,939,128,146,939,1
146,177,845,146,177,845,146,177,845,1
177,122,860,177,122,860,177,122,860,1
122,215,922,122,215,922,122,215,922,1
215,210,837,215,210,837,215,210,837,1
210,135,918,210,135,918,210,135,918,1
135,148,862,135,148,862,135,148,862,1
148,129,884,148,129,884,148,129,884,1
129,169,954,129,169,954,129,169,954,1
169,177,862,169,177,862,169,177,862,1
177,132,889,177,132,889,177,132,889,1
132,276,925,132,276,925,132,276,925,1
276,131,864,276,131,864,276,131,864,1
131,297,900,131,297,900,131,297,900,1
297,136,876,297,136,876,297,136,876,1
136,122,914,136,122,914,136,122,914,1
122,208,839,122,208,839,122,208,839,1
208,129,851,208,129,851,208,129,851,1
129,286,915,129,286,915,129,286,915,1
286,135,867,286,135,867,286,135,867,1
135,143,907,135,143,907,135,143,907,1
143,149,849,143,149,849,143,149,849,1
149,128,893,149,128,893,149,128,893,1
128,320,938,128,320,938,128,320,938,1
320,135,866,320,135,866,320,135,866,1
135,297,908,135,297,908,135,297,908,1
297,126,849,297,126,849,297,126,849,1
126,290,909,126,290,909,126,290,909,1
290,130,866,290,130,866,290,130,866,1
130,332,930,130,332,930,130,332,930,1
332,130,865,332,130,865,332,130,865,1
130,124,908,130,124,908,130,124,908,1
124,185,839,124,185,839,124,185,839,1
185,129,847,185,129,847,185,129,847,1
129,277,903,129,277,903,129,277,903,1
277,130,870,277,130,870,277,130,870,1
130,315,918,130,315,918,130,315,918,1
315,131,867,315,131,867,315,131,867,1
131,160,929,131,160,929,131,160,929,1
160,157,824,160,157,824,160,157,824,1
157,132,842,157,132,842,157,132,842,1
132,273,895,132,273,895,132,273,895,1
273,129,874,273,129,874,273,129,874,1
129,325,936,129,325,936,129,325,936,1
325,132,864,325,132,864,325,132,864,1
132,318,927,132,318,927,132,318,927,1
318,132,870,318,132,870,318,132,870,1
132,275,896,132,275,896,132,275,896,1
275,129,868,275,129,868,275,129,868,1
129,125,932,129,125,932,129,125,932,1
125,178,849,125,178,849,125,178,849,1
178,129,879,178,129,879,178,129,879,1
129,316,947,129,316,947,129,316,947,1
316,130,869,316,130,869,316,130,869,1
130,281,920,130,281,920,130,281,920,1
281,126,884,281,126,884,281,126,884,1
126,294,947,126,294,947,126,294,947,1
294,134,873,294,134,873,294,134,873,1
134,252,942,134,252,942,134,252,942,1
252,125,871,252,125,871,252,125,871,-1
125,251,936,125,251,936,125,251,936,1
251,128,892,251,128,892,251,128,892,1
128,228,929,128,228,929,128,228,929,1
228,133,877,228,133,877,228,133,877,1
133,221,928,133,221,928,133,221,928,1
221,128,857,221,128,857,221,128,857,1
128,219,930,128,219,930,128,219,930,1
219,125,863,219,125,863,219,125,863,1
125,236,929,125,236,929,125,236,929,1
236,129,890,236,129,890,236,129,890,1
129,251,937,129,251,937,129,251,937,1
251,124,894,251,124,894,251,124,894,1
124,371,967,124,371,967,124,371,967,1
371,132,925,371,132,925,371,132,925,1
132,356,934,132,356,934,132,356,934,1
356,128,888,356,128,888,356,128,888,1
128,361,942,128,361,942,128,361,942,1
361,129,874,361,129,874,361,129,874,1
129,154,921,129,154,921,129,154,921,1
154,154,832,154,154,832,154,154,832,1
154,133,849,154,133,849,154,133,849,1
133,308,903,133,308,903,133,308,903,1
308,136,871,308,136,871,308,136,871,1
136,341,922,136,341,922,136,341,922,1
341,131,869,341,131,869,341,131,869,1
131,305,926,131,305,926,131,305,926,1
305,136,904,305,136,904,305,136,904,1
136,301,923,136,301,923,136,301,923,1
301,132,880,301,132,880,301,132,880,1
132,338,941,132,338,941,132,338,941,1
338,133,868,338,133,868,338,133,868,1
133,290,921,133,290,921,133,290,921,1
290,129,859,290,129,859,290,129,859,1
129,338,913,129,338,913,129,338,913,1
338,131,893,338,131,893,338,131,893,1
131,358,946,131,358,946,131,358,946,1
358,132,881,358,132,881,358,132,881,1
132,277,918,132,277,918,132,277,918,1
277,132,875,277,132,875,277,132,875,1
132,330,934,132,330,934,132,330,934,1
330,130,872,330,130,872,330,130,872,1
130,171,942,130,171,942,130,171,942,1
171,167,837,171,167,837,171,167,837,1
167,129,850,167,129,850,167,129,850,1
129,290,920,129,290,920,129,290,920,1
290,130,869,290,130,869,290,130,869,1
130,177,937,130,177,937,130,177,937,1
177,150,844,177,150,844,177,150,844,1
150,129,865,150,129,865,150,129,865,1
129,143,934,129,143,934,129,143,934,1
143,218,828,143,218,828,143,218,828,1
218,130,849,218,130,849,218,130,849,1
130,294,915,130,294,915,130,294,915,1
294,126,876,294,126,876,294,126,876,1
126,335,938,126,335,938,126,335,938,1
335,130,876,335,130,876,335,130,876,1
130,129,927,130,129,927,130,129,927,1
129,181,834,129,181,834,129,181,834,1
181,125,843,181,125,843,181,125,843,1
125,296,915,125,296,915,125,296,915,1
296,127,878,296,127,878,296,127,878,1
127,318,951,127,318,951,127,318,951,1
318,133,881,318,133,881,318,133,881,1
133,301,938,133,301,938,133,301,938,1
301,133,869,301,133,869,301,133,869,1
133,273,914,133,273,914,133,273,914,1
273,127,884,273,127,884,273,127,884,1
127,136,936,127,136,936,127,136,936,1
136,182,833,136,182,833,136,182,833,1
182,137,877,182,137,877,182,137,877,1
137,304,936,137,304,936,137,304,936,1
304,129,854,304,129,854,304,129,854,1
129,130,920,129,130,920,129,130,920,1
130,150,851,130,150,851,130,150,851,1
150,136,875,150,136,875,150,136,875,1
136,327,934,136,327,934,136,327,934,1
327,130,885,327,130,885,327,130,885,1
130,321,946,130,321,946,130,321,946,1
321,133,872,321,133,872,321,133,872,1
133,277,911,133,277,911,133,277,911,1
277,127,861,277,127,861,277,127,861,1
127,305,931,127,305,931,127,305,931,1
305,132,875,305,132,875,305,132,875,1
132,147,930,132,147,930,132,147,930,1
147,186,841,147,186,841,147,186,841,1
186,129,846,186,129,846,186,129,846,1
129,289,916,129,289,916,129,289,916,1
289,128,880,289,128,880,289,128,880,1
128,122,940,128,122,940,128,122,940,1
122,214,860,122,214,860,122,214,860,1
214,132,881,214,132,881,214,132,881,1
132,121,928,132,121,928,132,121,928,1
121,188,845,121,188,845,121,188,845,1
188,135,859,188,135,859,188,135,859,1
135,273,903,135,273,903,135,273,903,1
273,127,871,273,127,871,273,127,871,1
127,160,951,127,160,951,127,160,951,1
160,166,851,160,166,851,160,166,851,1
166,129,875,166,129,875,166,129,875,1
129,132,943,129,132,943,129,132,943,1
132,156,853,132,156,853,132,156,853,1
156,130,879,156,130,879,156,130,879,1
130,270,915,130,270,915,130,270,915,1
270,129,895,270,129,895,270,129,895,1
129,301,952,129,301,952,129,301,952,1
301,131,894,301,131,894,301,131,894,1
131,271,939,131,271,939,131,271,939,1
271,129,869,271,129,869,271,129,869,1
129,259,918,129,259,918,129,259,918,1
259,131,886,259,131,886,259,131,886,1
131,293,939,131,293,939,131,293,939,1
293,131,871,293,131,871,293,131,871,1
131,282,940,131,282,940,131,282,940,1
282,127,853,282,127,853,282,127,853,1
127,280,916,127,280,916,127,280,916,1
280,128,853,280,128,853,280,128,853,1
128,311,929,128,311,929,128,311,929,1
311,122,870,311,122,870,311,122,870,1
122,313,945,122,313,945,122,313,945,1
313,129,856,313,129,856,313,129,856,1
129,277,915,129,277,915,129,277,915,1
277,128,864,277,128,864,277,128,864,1
128,337,924,128,337,924,128,337,924,1
337,132,886,337,132,886,337,132,886,1
132,319,935,132,319,935,132,319,935,1
319,128,850,319,128,850,319,128,850,-1
128,296,921,128,296,921,128,296,921,1
296,134,880,296,134,880,296,134,880,1
134,340,934,134,340,934,134,340,934,1
340,130,871,340,130,871,340,130,871,1
130,330,935,130,330,935,130,330,935,1
330,130,868,330,130,868,330,130,868,1
130,281,911,130,281,911,130,281,911,1
281,131,868,281,131,868,281,131,868,1
131,165,925,131,165,925,131,165,925,1
165,154,845,165,154,845,165,154,845,1
154,131,906,154,131,906,154,131,906,1
131,299,948,131,299,948,131,299,948,1
299,130,877,299,130,877,299,130,877,1
130,275,917,130,275,917,130,275,917,1
275,135,870,275,135,870,275,135,870,1
135,304,940,135,304,940,135,304,940,1
304,128,875,304,128,875,304,128,875,1
128,304,942,128,304,942,128,304,942,1
304,128,847,304,128,847,304,128,847,1
128,274,909,128,274,909,128,274,909,1
274,132,866,274,132,866,274,132,866,1
132,309,903,132,309,903,132,309,903,1
309,136,862,309,136,862,309,136,862,1
136,169,920,136,169,920,136,169,920,1
169,180,839,169,180,839,169,180,839,1
180,131,860,180,131,860,180,131,860,1
131,128,914,131,128,914,131,128,914,1
128,156,835,128,156,835,128,156,835,1
156,129,846,156,129,846,156,129,846,1
129,159,912,129,159,912,129,159,912,1
159,154,843,159,154,843,159,154,843,1
154,127,888,154,127,888,154,127,888,1
127,327,940,127,327,940,127,327,940,1
327,129,878,327,129,878,327,129,878,1
129,301,915,129,301,915,129,301,915,1
301,130,850,301,130,850,301,130,850,1
130,270,892,130,270,892,130,270,892,1
270,129,867,270,129,867,270,129,867,1
129,149,933,129,149,933,129,149,933,1
149,178,843,149,178,843,149,178,843,1
178,131,876,178,131,876,178,131,876,1
131,295,944,131,295,944,131,295,944,1
295,127,870,295,127,870,295,127,870,1
127,226,924,127,226,924,127,226,924,1
226,132,882,226,132,882,226,132,882,1
132,234,942,132,234,942,132,234,942,1
234,129,867,234,129,867,234,129,867,1
129,215,940,129,215,940,129,215,940,1
215,124,884,215,124,884,215,124,884,1
124,215,945,124,215,945,124,215,945,1
215,127,903,215,127,903,215,127,903,1
127,224,962,127,224,962,127,224,962,1
224,126,885,224,126,885,224,126,885,1
126,232,952,126,232,952,126,232,952,1
232,127,884,232,127,884,232,127,884,1
127,351,964,127,351,964,127,351,964,1
351,128,907,351,128,907,351,128,907,1
128,257,960,128,257,960,128,257,960,1
257,126,881,257,126,881,257,126,881,1
126,260,942,126,260,942,126,260,942,1
260,135,875,260,135,875,260,135,875,1
135,262,918,135,262,918,135,262,918,1
262,126,893,262,126,893,262,126,893,1
126,321,953,126,321,953,126,321,953,1
321,134,897,321,134,897,321,134,897,1
134,324,958,134,324,958,134,324,958,1
324,130,870,324,130,870,324,130,870,1
130,141,897,130,141,897,130,141,897,1
141,156,829,141,156,829,141,156,829,1
156,136,856,156,136,856,156,136,856,1
136,317,915,136,317,915,136,317,915,1
317,129,861,317,129,861,317,129,861,1
129,310,923,129,310,923,129,310,923,1
310,134,877,310,134,877,310,134,877,1
134,291,921,134,291,921,134,291,921,1
291,131,853,291,131,853,291,131,853,1
131,310,915,131,310,915,131,310,915,1
310,130,878,310,130,878,310,130,878,1
130,153,927,130,153,927,130,153,927,1
153,179,838,153,179,838,153,179,838,1
179,128,859,179,128,859,179,128,859,1
128,290,919,128,290,919,128,290,919,1
290,129,857,290,129,857,290,129,857,1
129,360,920,129,360,920,129,360,920,1
360,129,877,360,129,877,360,129,877,1
129,366,937,129,366,937,129,366,937,1
366,129,882,366,129,882,366,129,882,1
129,325,931,129,325,931,129,325,931,1
325,130,879,325,130,879,325,130,879,1
130,121,919,130,121,919,130,121,919,1
121,237,858,121,237,858,121,237,858,1
237,125,876,237,125,876,237,125,876,1
125,349,960,125,349,960,125,349,960,1
349,131,888,349,131,888,349,131,888,1
131,331,939,131,331,939,131,331,939,1
331,134,859,331,134,859,331,134,859,1
134,341,911,134,341,911,134,341,911,1
341,130,895,341,130,895,341,130,895,1
130,333,950,130,333,950,130,333,950,1
333,126,883,333,126,883,333,126,883,1
126,158,955,126,158,955,126,158,955,1
158,177,852,158,177,852,158,177,852,1
177,129,888,177,129,888,177,129,888,1
129,309,931,129,309,931,129,309,931,1
309,125,875,309,125,875,309,125,875,1
125,131,957,125,131,957,125,131,957,1
131,217,868,131,217,868,131,217,868,1
217,131,890,217,131,890,217,131,890,1
131,144,941,131,144,941,131,144,941,1
144,163,857,144,163,857,144,163,857,1
163,134,887,163,134,887,163,134,887,1
134,172,915,134,172,915,134,172,915,1
172,164,857,172,164,857,172,164,857,1
164,133,881,164,133,881,164,133,881,1
133,158,940,133,158,940,133,158,940,1
158,177,863,158,177,863,158,177,863,1
177,127,886,177,127,886,177,127,886,1
127,305,940,127,305,940,127,305,940,1
305,132,873,305,132,873,305,132,873,1
