228,228,1263,228,228,1263,228,228,1263,-1
228,211,843,228,211,843,228,211,843,-1
211,281,886,211,281,886,211,281,886,-1
281,138,851,281,138,851,281,138,851,-1
138,130,949,138,130,949,138,130,949,-1
130,138,814,130,138,814,130,138,814,-1
138,183,877,138,183,877,138,183,877,-1
183,279,1347,183,279,1347,183,279,1347,-1
279,146,913,279,146,913,279,146,913,-1
146,124,887,146,124,887,146,124,887,-1
124,200,847,124,200,847,124,200,847,-1
200,133,889,200,133,889,200,133,889,-1
133,121,950,133,121,950,133,121,950,-1
121,136,823,121,136,823,121,136,823,-1
136,194,847,136,194,847,136,194,847,-1
194,297,1226,194,297,1226,194,297,1226,-1
297,239,824,297,239,824,297,239,824,-1
239,305,782,239,305,782,239,305,782,-1
305,129,924,305,129,924,305,129,924,-1
129,290,789,129,290,789,129,290,789,-1
290,130,857,290,130,857,290,130,857,-1
130,307,813,130,307,813,130,307,813,-1
307,127,848,307,127,848,307,127,848,-1
127,307,824,127,307,824,127,307,824,-1
307,435,1308,307,435,1308,307,435,1308,-1
435,277,1108,435,277,1108,435,277,1108,-1
277,150,858,277,150,858,277,150,858,-1
150,294,1303,150,294,1303,150,294,1303,-1
294,137,855,294,137,855,294,137,855,-1
137,128,910,137,128,910,137,128,910,-1
128,167,803,128,167,803,128,167,803,-1
167,143,846,167,143,846,167,143,846,-1
143,121,902,143,121,902,143,121,902,-1
121,331,810,121,331,810,121,331,810,-1
331,434,1300,331,434,1300,331,434,1300,-1
434,428,1268,434,428,1268,434,428,1268,-1
428,126,859,428,126,859,428,126,859,-1
126,300,809,126,300,809,126,300,809,-1
300,131,800,300,131,800,300,131,800,-1
131,305,804,131,305,804,131,305,804,-1
305,126,831,305,126,831,305,126,831,-1
126,143,814,126,143,814,126,143,814,-1
143,152,850,143,152,850,143,152,850,-1
152,127,824,152,127,824,152,127,824,-1
127,312,810,127,312,810,127,312,810,-1
312,122,862,312,122,862,312,122,862,-1
122,156,810,122,156,810,122,156,810,-1
156,152,851,156,152,851,156,152,851,-1
152,125,1075,152,125,1075,152,125,1075,-1
125,132,811,125,132,811,125,132,811,-1
132,179,856,132,179,856,132,179,856,-1
179,420,844,179,420,844,179,420,844,-1
420,132,946,420,132,946,420,132,946,-1
132,316,812,132,316,812,132,316,812,-1
316,272,1319,316,272,1319,316,272,1319,-1
272,150,842,272,150,842,272,150,842,-1
150,126,815,150,126,815,150,126,815,-1
126,163,808,126,163,808,126,163,808,-1
163,148,850,163,148,850,163,148,850,-1
148,122,897,148,122,897,148,122,897,-1
122,144,797,122,144,797,122,144,797,-1
144,158,832,144,158,832,144,158,832,-1
158,130,813,158,130,813,158,130,813,-1
130,296,802,130,296,802,130,296,802,-1
296,123,847,296,123,847,296,123,847,-1
123,169,787,123,169,787,123,169,787,-1
169,143,842,169,143,842,169,143,842,-1
143,430,875,143,430,875,143,430,875,-1
430,125,952,430,125,952,430,125,952,-1
125,312,859,125,312,859,125,312,859,-1
312,445,1294,312,445,1294,312,445,1294,-1
445,437,985,445,437,985,445,437,985,-1
437,125,907,437,125,907,437,125,907,-1
125,321,792,125,321,792,125,321,792,-1
321,124,897,321,124,897,321,124,897,-1
124,323,797,124,323,797,124,323,797,-1
323,131,830,323,131,830,323,131,830,-1
131,177,811,131,177,811,131,177,811,-1
177,146,851,177,146,851,177,146,851,-1
146,123,844,146,123,844,146,123,844,-1
123,186,802,123,186,802,123,186,802,-1
186,123,852,186,123,852,186,123,852,-1
123,124,839,123,124,839,123,124,839,-1
124,337,796,124,337,796,124,337,796,-1
337,427,1287,337,427,1287,337,427,1287,-1
427,125,840,427,125,840,427,125,840,-1
125,191,817,125,191,817,125,191,817,-1
191,135,877,191,135,877,191,135,877,-1
135,127,974,135,127,974,135,127,974,-1
127,328,863,127,328,863,127,328,863,-1
328,433,1327,328,433,1327,328,433,1327,-1
433,452,1295,433,452,1295,433,452,1295,-1
452,449,1286,452,449,1286,452,449,1286,-1
449,446,1237,449,446,1237,449,446,1237,-1
446,446,909,446,446,909,446,446,909,-1
446,126,827,446,126,827,446,126,827,-1
126,304,807,126,304,807,126,304,807,-1
304,127,855,304,127,855,304,127,855,-1
127,156,795,127,156,795,127,156,795,-1
156,163,853,156,163,853,156,163,853,-1
163,437,988,163,437,988,163,437,988,-1
437,130,879,437,130,879,437,130,879,-1
130,182,833,130,182,833,130,182,833,-1
182,135,870,182,135,870,182,135,870,-1
135,139,952,135,139,952,135,139,952,-1
139,181,825,139,181,825,139,181,825,-1
181,250,849,181,250,849,181,250,849,-1
250,159,816,250,159,816,250,159,816,-1
159,189,852,159,189,852,159,189,852,-1
189,125,892,189,125,892,189,125,892,-1
125,179,805,125,179,805,125,179,805,-1
179,171,863,179,171,863,179,171,863,-1
171,442,1285,171,442,1285,171,442,1285,-1
442,232,837,442,232,837,442,232,837,-1
232,205,844,232,205,844,232,205,844,-1
205,125,876,205,125,876,205,125,876,-1
125,304,806,125,304,806,125,304,806,-1
304,140,957,304,140,957,304,140,957,-1
140,288,830,140,288,830,140,288,830,-1
288,121,916,288,121,916,288,121,916,-1
121,311,845,121,311,845,121,311,845,-1
311,122,944,311,122,944,311,122,944,-1
122,289,865,122,289,865,122,289,865,-1
289,130,896,289,130,896,289,130,896,-1
130,170,854,130,170,854,130,170,854,-1
170,142,897,170,142,897,170,142,897,-1
142,123,885,142,123,885,142,123,885,-1
123,190,852,123,190,852,123,190,852,-1
190,156,890,190,156,890,190,156,890,-1
156,277,1271,156,277,1271,156,277,1271,-1
277,131,888,277,131,888,277,131,888,-1
131,134,978,131,134,978,131,134,978,-1
134,319,862,134,319,862,134,319,862,-1
319,125,922,319,125,922,319,125,922,-1
125,300,877,125,300,877,125,300,877,-1
300,257,1265,300,257,1265,300,257,1265,-1
257,180,840,257,180,840,257,180,840,-1
180,282,1237,180,282,1237,180,282,1237,-1
282,164,805,282,164,805,282,164,805,-1
164,268,1228,164,268,1228,164,268,1228,-1
268,143,812,268,143,812,268,143,812,-1
143,133,903,143,133,903,143,133,903,-1
133,313,773,133,313,773,133,313,773,-1
313,423,844,313,423,844,313,423,844,-1
423,137,927,423,137,927,423,137,927,-1
137,304,812,137,304,812,137,304,812,-1
304,131,844,304,131,844,304,131,844,-1
131,313,808,131,313,808,131,313,808,-1
313,126,868,313,126,868,313,126,868,-1
126,312,817,126,312,817,126,312,817,-1
312,138,950,312,138,950,312,138,950,-1
138,311,811,138,311,811,138,311,811,-1
311,124,851,311,124,851,311,124,851,-1
124,308,798,124,308,798,124,308,798,-1
308,123,841,308,123,841,308,123,841,-1
123,166,799,123,166,799,123,166,799,-1
166,150,842,166,150,842,166,150,842,-1
150,127,829,150,127,829,150,127,829,-1
127,312,795,127,312,795,127,312,795,-1
312,133,846,312,133,846,312,133,846,-1
133,155,796,133,155,796,133,155,796,-1
155,171,842,155,171,842,155,171,842,-1
171,413,1257,171,413,1257,171,413,1257,-1
413,125,836,413,125,836,413,125,836,-1
125,155,767,125,155,767,125,155,767,-1
155,144,819,155,144,819,155,144,819,-1
144,131,848,144,131,848,144,131,848,-1
131,158,789,131,158,789,131,158,789,-1
158,150,841,158,150,841,158,150,841,-1
150,124,923,150,124,923,150,124,923,-1
124,332,806,124,332,806,124,332,806,-1
332,135,847,332,135,847,332,135,847,-1
135,172,820,135,172,820,135,172,820,-1
172,134,850,172,134,850,172,134,850,-1
134,139,938,134,139,938,134,139,938,-1
139,159,808,139,159,808,139,159,808,-1
159,155,845,159,155,845,159,155,845,-1
155,122,841,155,122,841,155,122,841,-1
122,166,786,122,166,786,122,166,786,-1
166,165,846,166,165,846,166,165,846,-1
165,124,835,165,124,835,165,124,835,-1
124,167,809,124,167,809,124,167,809,-1
167,141,853,167,141,853,167,141,853,-1
141,136,907,141,136,907,141,136,907,-1
136,186,801,136,186,801,136,186,801,-1
186,150,865,186,150,865,186,150,865,-1
150,294,1278,150,294,1278,150,294,1278,-1
294,148,853,294,148,853,294,148,853,-1
148,122,956,148,122,956,148,122,956,-1
122,156,798,122,156,798,122,156,798,-1
156,160,857,156,160,857,156,160,857,-1
160,129,886,160,129,886,160,129,886,-1
129,327,865,129,327,865,129,327,865,-1
327,128,934,327,128,934,327,128,934,-1
128,189,907,128,189,907,128,189,907,-1
189,159,942,189,159,942,189,159,942,-1
159,258,1309,159,258,1309,159,258,1309,-1
258,175,880,258,175,880,258,175,880,-1
175,132,931,175,132,931,175,132,931,-1
132,314,801,132,314,801,132,314,801,-1
314,250,1258,314,250,1258,314,250,1258,-1
250,176,861,250,176,861,250,176,861,-1
176,126,954,176,126,954,176,126,954,-1
126,293,828,126,293,828,126,293,828,-1
293,138,980,293,138,980,293,138,980,-1
138,149,841,138,149,841,138,149,841,-1
149,175,892,149,175,892,149,175,892,-1
175,414,1270,175,414,1270,175,414,1270,-1
414,125,809,414,125,809,414,125,809,-1
125,306,757,125,306,757,125,306,757,-1
306,137,773,306,137,773,306,137,773,-1
137,296,742,137,296,742,137,296,742,-1
296,445,837,296,445,837,296,445,837,-1
445,125,804,445,125,804,445,125,804,-1
125,144,761,125,144,761,125,144,761,-1
144,154,808,144,154,808,144,154,808,-1
154,123,1082,154,123,1082,154,123,1082,-1
123,144,778,123,144,778,123,144,778,-1
144,178,823,144,178,823,144,178,823,-1
178,122,952,178,122,952,178,122,952,-1
122,316,811,122,316,811,122,316,811,-1
316,126,903,316,126,903,316,126,903,-1
126,157,854,126,157,854,126,157,854,-1
157,155,953,157,155,953,157,155,953,-1
155,122,1123,155,122,1123,155,122,1123,-1
122,174,931,122,174,931,122,174,931,-1
174,142,962,174,142,962,174,142,962,-1
142,130,1005,142,130,1005,142,130,1005,-1
130,305,853,130,305,853,130,305,853,-1
305,121,1064,305,121,1064,305,121,1064,-1
121,136,778,121,136,778,121,136,778,-1
136,181,800,136,181,800,136,181,800,-1
181,311,1012,181,311,1012,181,311,1012,-1
311,137,792,311,137,792,311,137,792,-1
137,248,920,137,248,920,137,248,920,-1
248,195,806,248,195,806,248,195,806,-1
195,237,1269,195,237,1269,195,237,1269,-1
237,190,818,237,190,818,237,190,818,-1
190,122,914,190,122,914,190,122,914,-1
122,167,797,122,167,797,122,167,797,-1
167,128,830,167,128,830,167,128,830,-1
128,124,865,128,124,865,128,124,865,-1
124,327,786,124,327,786,124,327,786,-1
327,412,1297,327,412,1297,327,412,1297,-1
412,126,835,412,126,835,412,126,835,-1
126,173,799,126,173,799,126,173,799,-1
173,137,844,173,137,844,173,137,844,-1
137,123,886,137,123,886,137,123,886,-1
123,304,784,123,304,784,123,304,784,-1
304,135,804,304,135,804,304,135,804,-1
135,161,789,135,161,789,135,161,789,-1
161,139,831,161,139,831,161,139,831,-1
139,125,875,139,125,875,139,125,875,-1
125,179,797,125,179,797,125,179,797,-1
179,140,851,179,140,851,179,140,851,-1
140,125,908,140,125,908,140,125,908,-1
125,306,837,125,306,837,125,306,837,-1
306,137,899,306,137,899,306,137,899,-1
137,306,836,137,306,836,137,306,836,-1
306,128,894,306,128,894,306,128,894,-1
128,295,853,128,295,853,128,295,853,-1
295,122,1043,295,122,1043,295,122,1043,-1
122,135,849,122,135,849,122,135,849,-1
135,171,881,135,171,881,135,171,881,-1
171,238,1350,171,238,1350,171,238,1350,-1
238,190,894,238,190,894,238,190,894,-1
190,122,913,190,122,913,190,122,913,-1
122,318,873,122,318,873,122,318,873,-1
318,281,1368,318,281,1368,318,281,1368,-1
281,155,990,281,155,990,281,155,990,-1
155,253,1114,155,253,1114,155,253,1114,-1
253,159,1048,253,159,1048,253,159,1048,-1
159,128,1015,159,128,1015,159,128,1015,-1
128,175,971,128,175,971,128,175,971,-1
175,146,984,175,146,984,175,146,984,-1
146,250,1331,146,250,1331,146,250,1331,-1
250,182,884,250,182,884,250,182,884,-1
182,125,827,182,125,827,182,125,827,-1
125,144,793,125,144,793,125,144,793,-1
144,169,823,144,169,823,144,169,823,-1
169,425,868,169,425,868,169,425,868,-1
425,138,853,425,138,853,425,138,853,-1
138,132,721,138,132,721,138,132,721,-1
132,166,751,132,166,751,132,166,751,-1
166,290,829,166,290,829,166,290,829,-1
290,155,792,290,155,792,290,155,792,-1
155,429,837,155,429,837,155,429,837,-1
429,122,1239,429,122,1239,429,122,1239,-1
122,163,813,122,163,813,122,163,813,-1
163,152,869,163,152,869,163,152,869,-1
152,422,1320,152,422,1320,152,422,1320,-1
422,414,1253,422,414,1253,422,414,1253,-1
414,125,876,414,125,876,414,125,876,-1
125,309,818,125,309,818,125,309,818,-1
309,133,958,309,133,958,309,133,958,-1
133,299,841,133,299,841,133,299,841,-1
299,123,875,299,123,875,299,123,875,-1
123,312,814,123,312,814,123,312,814,-1
312,215,890,312,215,890,312,215,890,-1
215,193,850,215,193,850,215,193,850,-1
193,452,845,193,452,845,193,452,845,-1
452,279,1298,452,279,1298,452,279,1298,-1
279,133,869,279,133,869,279,133,869,-1
133,131,950,133,131,950,133,131,950,-1
131,309,830,131,309,830,131,309,830,-1
309,124,893,309,124,893,309,124,893,-1
124,144,785,124,144,785,124,144,785,-1
144,144,816,144,144,816,144,144,816,-1
144,141,904,144,141,904,144,141,904,-1
141,289,818,141,289,818,141,289,818,-1
289,122,991,289,122,991,289,122,991,-1
122,143,972,122,143,972,122,143,972,-1
143,172,1015,143,172,1015,143,172,1015,-1
172,147,1180,172,147,1180,172,147,1180,-1
147,144,992,147,144,992,147,144,992,-1
144,130,936,144,130,936,144,130,936,-1
130,444,1212,130,444,1212,130,444,1212,-1
444,407,1204,444,407,1204,444,407,1204,-1
407,285,733,407,285,733,407,285,733,-1
285,142,757,285,142,757,285,142,757,-1
142,125,752,142,125,752,142,125,752,-1
125,309,702,125,309,702,125,309,702,-1
309,124,715,309,124,715,309,124,715,-1
124,310,711,124,310,711,124,310,711,-1
310,121,766,310,121,766,310,121,766,-1
121,316,724,121,316,724,121,316,724,-1
316,124,893,316,124,893,316,124,893,-1
124,308,789,124,308,789,124,308,789,-1
308,442,1014,308,442,1014,308,442,1014,-1
442,126,873,442,126,873,442,126,873,-1
126,309,915,126,309,915,126,309,915,-1
309,126,1223,309,126,1223,309,126,1223,-1
126,162,1001,126,162,1001,126,162,1001,-1
162,161,1030,162,161,1030,162,161,1030,-1
161,270,1358,161,270,1358,161,270,1358,-1
270,159,904,270,159,904,270,159,904,-1
159,430,1060,159,430,1060,159,430,1060,-1
430,301,1231,430,301,1231,430,301,1231,-1
301,146,806,301,146,806,301,146,806,-1
146,444,1237,146,444,1237,146,444,1237,-1
444,422,1198,444,422,1198,444,422,1198,-1
422,229,847,422,229,847,422,229,847,-1
229,219,814,229,219,814,229,219,814,-1
219,250,1274,219,250,1274,219,250,1274,-1
250,197,795,250,197,795,250,197,795,-1
197,272,1212,197,272,1212,197,272,1212,-1
272,156,808,272,156,808,272,156,808,-1
156,264,1047,156,264,1047,156,264,1047,-1
264,193,808,264,193,808,264,193,808,-1
193,263,1269,193,263,1269,193,263,1269,-1
263,164,820,263,164,820,263,164,820,-1
164,123,1256,164,123,1256,164,123,1256,-1
123,293,816,123,293,816,123,293,816,-1
293,129,1105,293,129,1105,293,129,1105,-1
129,306,1017,129,306,1017,129,306,1017,-1
306,124,1027,306,124,1027,306,124,1027,-1
124,163,997,124,163,997,124,163,997,-1
163,153,982,163,153,982,163,153,982,-1
153,256,1269,153,256,1269,153,256,1269,-1
256,190,792,256,190,792,256,190,792,-1
190,283,1142,190,283,1142,190,283,1142,-1
283,131,714,283,131,714,283,131,714,-1
131,126,686,131,126,686,131,126,686,-1
126,165,671,126,165,671,126,165,671,-1
165,147,736,165,147,736,165,147,736,-1
147,140,832,147,140,832,147,140,832,-1
140,157,725,140,157,725,140,157,725,-1
157,160,767,157,160,767,157,160,767,-1
160,127,756,160,127,756,160,127,756,-1
127,338,746,127,338,746,127,338,746,-1
338,322,877,338,322,877,338,322,877,-1
322,251,840,322,251,840,322,251,840,-1
251,146,831,251,146,831,251,146,831,-1
146,165,854,146,165,854,146,165,854,-1
165,122,987,165,122,987,165,122,987,-1
122,321,816,122,321,816,122,321,816,-1
321,279,912,321,279,912,321,279,912,-1
279,155,859,279,155,859,279,155,859,-1
155,124,939,155,124,939,155,124,939,-1
124,323,827,124,323,827,124,323,827,-1
323,130,857,323,130,857,323,130,857,-1
130,308,821,130,308,821,130,308,821,-1
308,124,845,308,124,845,308,124,845,-1
124,145,804,124,145,804,124,145,804,-1
145,188,841,145,188,841,145,188,841,-1
188,129,841,188,129,841,188,129,841,-1
129,330,795,129,330,795,129,330,795,-1
330,124,820,330,124,820,330,124,820,-1
124,166,823,124,166,823,124,166,823,-1
166,161,871,166,161,871,166,161,871,-1
161,126,905,161,126,905,161,126,905,-1
126,193,843,126,193,843,126,193,843,-1
193,126,890,193,126,890,193,126,890,-1
126,125,945,126,125,945,126,125,945,-1
125,318,874,125,318,874,125,318,874,-1
318,124,1138,318,124,1138,318,124,1138,-1
124,148,869,124,148,869,124,148,869,-1
148,180,902,148,180,902,148,180,902,-1
180,264,1360,180,264,1360,180,264,1360,-1
264,165,887,264,165,887,264,165,887,-1
165,123,1028,165,123,1028,165,123,1028,-1
123,315,863,123,315,863,123,315,863,-1
315,444,1107,315,444,1107,315,444,1107,-1
444,419,1315,444,419,1315,444,419,1315,-1
419,129,874,419,129,874,419,129,874,-1
129,121,848,129,121,848,129,121,848,-1
121,204,882,121,204,882,121,204,882,-1
204,121,1136,204,121,1136,204,121,1136,-1
121,156,814,121,156,814,121,156,814,-1
156,170,823,156,170,823,156,170,823,-1
170,310,1185,170,310,1185,170,310,1185,-1
310,128,797,310,128,797,310,128,797,-1
128,256,937,128,256,937,128,256,937,-1
256,177,798,256,177,798,256,177,798,-1
177,439,1109,177,439,1109,177,439,1109,-1
439,296,1256,439,296,1256,439,296,1256,-1
296,131,879,296,131,879,296,131,879,-1
131,437,898,131,437,898,131,437,898,-1
437,125,887,437,125,887,437,125,887,-1
125,299,875,125,299,875,125,299,875,-1
299,135,995,299,135,995,299,135,995,-1
135,316,871,135,316,871,135,316,871,-1
316,303,1375,316,303,1375,316,303,1375,-1
303,134,926,303,134,926,303,134,926,-1
134,124,916,134,124,916,134,124,916,-1
124,311,856,124,311,856,124,311,856,-1
311,145,937,311,145,937,311,145,937,-1
145,121,822,145,121,822,145,121,822,-1
121,198,856,121,198,856,121,198,856,-1
198,418,1299,198,418,1299,198,418,1299,-1
418,130,927,418,130,927,418,130,927,-1
130,314,799,130,314,799,130,314,799,-1
314,426,1239,314,426,1239,314,426,1239,-1
426,121,863,426,121,863,426,121,863,-1
121,159,779,121,159,779,121,159,779,-1
159,163,819,159,163,819,159,163,819,-1
163,414,1097,163,414,1097,163,414,1097,-1
414,130,823,414,130,823,414,130,823,-1
130,301,796,130,301,796,130,301,796,-1
301,441,853,301,441,853,301,441,853,-1
441,122,826,441,122,826,441,122,826,-1
122,157,819,122,157,819,122,157,819,-1
157,145,851,157,145,851,157,145,851,-1
145,131,858,145,131,858,145,131,858,-1
131,317,809,131,317,809,131,317,809,-1
317,128,869,317,128,869,317,128,869,-1
128,307,830,128,307,830,128,307,830,-1
307,122,875,307,122,875,307,122,875,-1
122,158,821,122,158,821,122,158,821,-1
158,150,852,158,150,852,158,150,852,-1
150,301,1273,150,301,1273,150,301,1273,-1
301,132,826,301,132,826,301,132,826,-1
132,245,1219,132,245,1219,132,245,1219,-1
245,184,802,245,184,802,245,184,802,-1
184,261,1255,184,261,1255,184,261,1255,-1
261,153,809,261,153,809,261,153,809,-1
153,266,793,153,266,793,153,266,793,-1
266,142,827,266,142,827,266,142,827,-1
142,279,976,142,279,976,142,279,976,-1
279,151,843,279,151,843,279,151,843,-1
151,397,1287,151,397,1287,151,397,1287,-1
397,125,834,397,125,834,397,125,834,-1
125,167,798,125,167,798,125,167,798,-1
167,144,851,167,144,851,167,144,851,-1
144,121,836,144,121,836,144,121,836,-1
121,299,804,121,299,804,121,299,804,-1
299,432,1245,299,432,1245,299,432,1245,-1
432,426,1302,432,426,1302,432,426,1302,-1
426,403,1274,426,403,1274,426,403,1274,-1
403,121,920,403,121,920,403,121,920,-1
121,144,848,121,144,848,121,144,848,-1
144,161,869,144,161,869,144,161,869,-1
161,210,1254,161,210,1254,161,210,1254,-1
210,195,864,210,195,864,210,195,864,-1
195,394,1309,195,394,1309,195,394,1309,-1
394,403,1075,394,403,1075,394,403,1075,-1
403,259,919,403,259,919,403,259,919,-1
259,143,973,259,143,973,259,143,973,-1
143,213,1339,143,213,1339,143,213,1339,-1
213,172,920,213,172,920,213,172,920,-1
172,121,908,172,121,908,172,121,908,-1
121,124,826,121,124,826,121,124,826,-1
124,142,845,124,142,845,124,142,845,-1
142,203,1247,142,203,1247,142,203,1247,-1
203,177,880,203,177,880,203,177,880,-1
177,257,1293,177,257,1293,177,257,1293,-1
257,262,849,257,262,849,257,262,849,-1
262,212,852,262,212,852,262,212,852,-1
212,189,1151,212,189,1151,212,189,1151,-1
189,187,894,189,187,894,189,187,894,-1
187,235,1313,187,235,1313,187,235,1313,-1
235,230,863,235,230,863,235,230,863,-1
230,255,827,230,255,827,230,255,827,-1
255,250,1237,255,250,1237,255,250,1237,-1
250,204,807,250,204,807,250,204,807,-1
204,151,738,204,151,738,204,151,738,-1
151,252,788,151,252,788,151,252,788,-1
252,196,702,252,196,702,252,196,702,-1
196,355,855,196,355,855,196,355,855,-1
355,344,1098,355,344,1098,355,344,1098,-1
344,329,1348,344,329,1348,344,329,1348,-1
329,343,1071,329,343,1071,329,343,1071,-1
343,329,1298,343,329,1298,343,329,1298,-1
329,341,943,329,341,943,329,341,943,-1
341,344,1208,341,344,1208,341,344,1208,-1
344,324,1205,344,324,1205,344,324,1205,-1
324,354,877,324,354,877,324,354,877,-1
354,345,1278,354,345,1278,354,345,1278,-1
345,297,1267,345,297,1267,345,297,1267,-1
297,141,772,297,141,772,297,141,772,-1
141,252,1050,141,252,1050,141,252,1050,-1
252,156,1037,252,156,1037,252,156,1037,-1
156,205,913,156,205,913,156,205,913,-1
205,145,1018,205,145,1018,205,145,1018,-1
145,209,841,145,209,841,145,209,841,-1
209,196,1171,209,196,1171,209,196,1171,-1
196,125,670,196,125,670,196,125,670,-1
125,172,951,125,172,951,125,172,951,-1
172,259,719,172,259,719,172,259,719,-1
259,209,761,259,209,761,259,209,761,-1
209,353,1022,209,353,1022,209,353,1022,-1
353,355,1226,353,355,1226,353,355,1226,-1
355,223,946,355,223,946,355,223,946,-1
223,143,755,223,143,755,223,143,755,-1
143,368,1252,143,368,1252,143,368,1252,-1
368,251,1252,368,251,1252,368,251,1252,-1
251,131,795,251,131,795,251,131,795,-1
131,139,926,131,139,926,131,139,926,-1
139,242,858,139,242,858,139,242,858,-1
242,143,501,242,143,501,242,143,501,-1
143,214,900,143,214,900,143,214,900,-1
214,134,763,214,134,763,214,134,763,-1
134,227,1067,134,227,1067,134,227,1067,-1
227,134,764,227,134,764,227,134,764,-1
134,232,1077,134,232,1077,134,232,1077,-1
232,138,767,232,138,767,232,138,767,-1
138,229,1054,138,229,1054,138,229,1054,-1
229,145,723,229,145,723,229,145,723,-1
145,228,1030,145,228,1030,145,228,1030,-1
228,142,740,228,142,740,228,142,740,-1
142,127,1026,142,127,1026,142,127,1026,-1
127,247,822,127,247,822,127,247,822,-1
247,233,1083,247,233,1083,247,233,1083,-1
233,139,768,233,139,768,233,139,768,-1
139,235,1086,139,235,1086,139,235,1086,-1
235,136,771,235,136,771,235,136,771,-1
136,236,1076,136,236,1076,136,236,1076,-1
236,136,756,236,136,756,236,136,756,-1
136,255,1076,136,255,1076,136,255,1076,-1
255,133,744,255,133,744,255,133,744,-1
133,141,1033,133,141,1033,133,141,1033,-1
141,249,788,141,249,788,141,249,788,-1
249,242,1001,249,242,1001,249,242,1001,-1
242,138,729,242,138,729,242,138,729,-1
138,242,1019,138,242,1019,138,242,1019,-1
242,140,707,242,140,707,242,140,707,-1
140,160,1042,140,160,1042,140,160,1042,-1
160,223,827,160,223,827,160,223,827,-1
223,161,1115,223,161,1115,223,161,1115,-1
161,236,895,161,236,895,161,236,895,-1
236,166,1151,236,166,1151,236,166,1151,-1
166,225,910,166,225,910,166,225,910,-1
225,308,1130,225,308,1130,225,308,1130,-1
308,271,541,308,271,541,308,271,541,-1
271,264,906,271,264,906,271,264,906,-1
264,150,973,264,150,973,264,150,973,-1
150,205,893,150,205,893,150,205,893,-1
205,273,858,205,273,858,205,273,858,-1
273,374,1054,273,374,1054,273,374,1054,-1
374,398,1184,374,398,1184,374,398,1184,-1
398,369,1463,398,369,1463,398,369,1463,-1
369,249,1137,369,249,1137,369,249,1137,-1
249,137,976,249,137,976,249,137,976,-1
137,399,1074,137,399,1074,137,399,1074,-1
399,380,1406,399,380,1406,399,380,1406,-1
380,382,1230,380,382,1230,380,382,1230,-1
382,373,1144,382,373,1144,382,373,1144,-1
373,387,1068,373,387,1068,373,387,1068,-1
387,390,1310,387,390,1310,387,390,1310,-1
390,389,1283,390,389,1283,390,389,1283,-1
389,398,934,389,398,934,389,398,934,-1
398,241,1261,398,241,1261,398,241,1261,-1
241,149,780,241,149,780,241,149,780,-1
149,369,1078,149,369,1078,149,369,1078,-1
369,386,1051,369,386,1051,369,386,1051,-1
386,386,1108,386,386,1108,386,386,1108,-1
386,388,1320,386,388,1320,386,388,1320,-1
388,380,1296,388,380,1296,388,380,1296,-1
380,372,1113,380,372,1113,380,372,1113,-1
372,398,1013,372,398,1013,372,398,1013,-1
398,374,1382,398,374,1382,398,374,1382,-1
374,388,1193,374,388,1193,374,388,1193,-1
388,148,1433,388,148,1433,388,148,1433,-1
148,240,1133,148,240,1133,148,240,1133,-1
240,143,1341,240,143,1341,240,143,1341,-1
143,240,990,143,240,990,143,240,990,-1
240,223,1204,240,223,1204,240,223,1204,-1
223,154,803,223,154,803,223,154,803,-1
154,373,1188,154,373,1188,154,373,1188,-1
373,379,949,373,379,949,373,379,949,-1
379,382,1034,379,382,1034,379,382,1034,-1
382,386,955,382,386,955,382,386,955,-1
386,376,1222,386,376,1222,386,376,1222,-1
376,401,977,376,401,977,376,401,977,-1
401,383,913,401,383,913,401,383,913,-1
383,413,908,383,413,908,383,413,908,-1
413,370,1278,413,370,1278,413,370,1278,-1
370,407,1006,370,407,1006,370,407,1006,-1
407,386,1281,407,386,1281,407,386,1281,-1
386,403,1287,386,403,1287,386,403,1287,-1
403,393,1031,403,393,1031,403,393,1031,-1
393,416,1049,393,416,1049,393,416,1049,-1
416,402,1007,416,402,1007,416,402,1007,-1
402,183,1121,402,183,1121,402,183,1121,-1
183,222,860,183,222,860,183,222,860,-1
222,409,1543,222,409,1543,222,409,1543,-1
409,142,1487,409,142,1487,409,142,1487,-1
142,121,1198,142,121,1198,142,121,1198,-1
121,139,1123,121,139,1123,121,139,1123,-1
139,138,1311,139,138,1311,139,138,1311,-1
138,264,960,138,264,960,138,264,960,-1
264,378,1192,264,378,1192,264,378,1192,-1
378,402,895,378,402,895,378,402,895,-1
402,391,1163,402,391,1163,402,391,1163,-1
391,404,955,391,404,955,391,404,955,-1
404,387,1196,404,387,1196,404,387,1196,-1
387,216,891,387,216,891,387,216,891,-1
216,167,685,216,167,685,216,167,685,-1
167,373,820,167,373,820,167,373,820,-1
373,400,813,373,400,813,373,400,813,-1
400,399,1005,400,399,1005,400,399,1005,-1
399,406,995,399,406,995,399,406,995,-1
406,397,1105,406,397,1105,406,397,1105,-1
397,403,993,397,403,993,397,403,993,-1
403,395,1347,403,395,1347,403,395,1347,-1
395,384,1136,395,384,1136,395,384,1136,-1
384,123,1039,384,123,1039,384,123,1039,-1
123,298,899,123,298,899,123,298,899,-1
298,386,1449,298,386,1449,298,386,1449,-1
386,419,1081,386,419,1081,386,419,1081,-1
419,403,1154,419,403,1154,419,403,1154,-1
403,438,1066,403,438,1066,403,438,1066,-1
438,408,1390,438,408,1390,438,408,1390,-1
408,414,1443,408,414,1443,408,414,1443,-1
414,397,1513,414,397,1513,414,397,1513,-1
397,143,1355,397,143,1355,397,143,1355,-1
143,121,1063,143,121,1063,143,121,1063,-1
121,163,973,121,163,973,121,163,973,-1
163,244,1186,163,244,1186,163,244,1186,-1
244,162,819,244,162,819,244,162,819,-1
162,223,1101,162,223,1101,162,223,1101,-1
223,193,678,223,193,678,223,193,678,-1
193,403,814,193,403,814,193,403,814,-1
403,261,1021,403,261,1021,403,261,1021,-1
261,150,686,261,150,686,261,150,686,-1
150,234,1181,150,234,1181,150,234,1181,-1
234,155,838,234,155,838,234,155,838,-1
155,230,1247,155,230,1247,155,230,1247,-1
230,170,834,230,170,834,230,170,834,-1
170,387,1027,170,387,1027,170,387,1027,-1
387,412,982,387,412,982,387,412,982,-1
412,396,1281,412,396,1281,412,396,1281,-1
396,398,1320,396,398,1320,396,398,1320,-1
398,429,1107,398,429,1107,398,429,1107,-1
429,402,1053,429,402,1053,429,402,1053,-1
402,403,956,402,403,956,402,403,956,-1
403,396,1055,403,396,1055,403,396,1055,-1
396,184,1041,396,184,1041,396,184,1041,-1
184,222,968,184,222,968,184,222,968,-1
222,242,1510,222,242,1510,222,242,1510,-1
242,138,1065,242,138,1065,242,138,1065,-1
138,222,1408,138,222,1408,138,222,1408,-1
222,155,929,222,155,929,222,155,929,-1
155,228,1107,155,228,1107,155,228,1107,-1
228,159,876,228,159,876,228,159,876,-1
159,402,1025,159,402,1025,159,402,1025,-1
402,377,1197,402,377,1197,402,377,1197,-1
377,403,1030,377,403,1030,377,403,1030,-1
403,379,1215,403,379,1215,403,379,1215,-1
379,406,887,379,406,887,379,406,887,-1
406,404,901,406,404,901,406,404,901,-1
404,262,1190,404,262,1190,404,262,1190,-1
262,141,693,262,141,693,262,141,693,-1
141,255,837,141,255,837,141,255,837,-1
255,154,658,255,154,658,255,154,658,-1
154,182,878,154,182,878,154,182,878,-1
182,215,703,182,215,703,182,215,703,-1
215,402,1081,215,402,1081,215,402,1081,-1
402,144,1394,402,144,1394,402,144,1394,-1
144,268,1055,144,268,1055,144,268,1055,-1
268,143,1270,268,143,1270,268,143,1270,-1
143,263,867,143,263,867,143,263,867,-1
263,259,1204,263,259,1204,263,259,1204,-1
259,142,768,259,142,768,259,142,768,-1
142,406,924,142,406,924,142,406,924,-1
406,391,1240,406,391,1240,406,391,1240,-1
391,416,1010,391,416,1010,391,416,1010,-1
416,339,1311,416,339,1311,416,339,1311,-1
339,298,1098,339,298,1098,339,298,1098,-1
298,169,856,298,169,856,298,169,856,-1
169,419,1020,169,419,1020,169,419,1020,-1
419,419,973,419,419,973,419,419,973,-1
419,417,1102,419,417,1102,419,417,1102,-1
417,412,1103,417,412,1103,417,412,1103,-1
412,408,1087,412,408,1087,412,408,1087,-1
408,408,984,408,408,984,408,408,984,-1
408,150,1029,408,150,1029,408,150,1029,-1
150,247,811,150,247,811,150,247,811,-1
247,240,896,247,240,896,247,240,896,-1
240,175,768,240,175,768,240,175,768,-1
175,393,1030,175,393,1030,175,393,1030,-1
393,420,946,393,420,946,393,420,946,-1
420,403,979,420,403,979,420,403,979,-1
403,122,1060,403,122,1060,403,122,1060,-1
122,301,836,122,301,836,122,301,836,-1
301,252,1009,301,252,1009,301,252,1009,-1
252,178,862,252,178,862,252,178,862,-1
178,426,1025,178,426,1025,178,426,1025,-1
426,423,1027,426,423,1027,426,423,1027,-1
423,122,1140,423,122,1140,423,122,1140,-1
122,314,905,122,314,905,122,314,905,-1
314,394,1398,314,394,1398,314,394,1398,-1
394,121,1025,394,121,1025,394,121,1025,-1
121,164,843,121,164,843,121,164,843,-1
164,143,837,164,143,837,164,143,837,-1
143,414,1015,143,414,1015,143,414,1015,-1
414,439,1285,414,439,1285,414,439,1285,-1
439,396,1431,439,396,1431,439,396,1431,-1
396,301,1159,396,301,1159,396,301,1159,-1
301,126,901,301,126,901,301,126,901,-1
126,269,1075,126,269,1075,126,269,1075,-1
269,144,801,269,144,801,269,144,801,-1
144,420,1218,144,420,1218,144,420,1218,-1
420,395,1235,420,395,1235,420,395,1235,-1
395,432,951,395,432,951,395,432,951,-1
432,397,1328,432,397,1328,432,397,1328,-1
397,121,1045,397,121,1045,397,121,1045,-1
121,292,826,121,292,826,121,292,826,-1
292,398,1088,292,398,1088,292,398,1088,-1
398,410,921,398,410,921,398,410,921,-1
410,395,967,410,395,967,410,395,967,-1
395,405,942,395,405,942,395,405,942,-1
405,387,1264,405,387,1264,405,387,1264,-1
387,393,1067,387,393,1067,387,393,1067,-1
393,399,1093,393,399,1093,393,399,1093,-1
399,383,1189,399,383,1189,399,383,1189,-1
383,151,1116,383,151,1116,383,151,1116,-1
151,252,903,151,252,903,151,252,903,-1
252,380,1252,252,380,1252,252,380,1252,-1
380,388,1201,380,388,1201,380,388,1201,-1
388,379,1208,388,379,1208,388,379,1208,-1
379,410,980,379,410,980,379,410,980,-1
410,138,1382,410,138,1382,410,138,1382,-1
138,265,1056,138,265,1056,138,265,1056,-1
265,143,1263,265,143,1263,265,143,1263,-1
143,143,880,143,143,880,143,143,880,-1
143,132,787,143,132,787,143,132,787,-1
132,422,1149,132,422,1149,132,422,1149,-1
422,258,1124,422,258,1124,422,258,1124,-1
258,143,694,258,143,694,258,143,694,-1
143,416,837,143,416,837,143,416,837,-1
416,424,903,416,424,903,416,424,903,-1
424,417,1124,424,417,1124,424,417,1124,-1
417,432,865,417,432,865,417,432,865,-1
432,424,918,432,424,918,432,424,918,-1
424,121,951,424,121,951,424,121,951,-1
121,301,831,121,301,831,121,301,831,-1
301,262,1360,301,262,1360,301,262,1360,-1
262,167,903,262,167,903,262,167,903,-1
167,426,1039,167,426,1039,167,426,1039,-1
426,434,1349,426,434,1349,426,434,1349,-1
434,252,1102,434,252,1102,434,252,1102,-1
252,176,849,252,176,849,252,176,849,-1
176,437,981,176,437,981,176,437,981,-1
437,125,999,437,125,999,437,125,999,-1
125,302,852,125,302,852,125,302,852,-1
302,291,999,302,291,999,302,291,999,-1
291,152,887,291,152,887,291,152,887,-1
152,270,1070,152,270,1070,152,270,1070,-1
270,161,865,270,161,865,270,161,865,-1
161,442,924,161,442,924,161,442,924,-1
442,122,967,442,122,967,442,122,967,-1
122,307,782,122,307,782,122,307,782,-1
307,429,1003,307,429,1003,307,429,1003,-1
429,415,1020,429,415,1020,429,415,1020,-1
415,121,1062,415,121,1062,415,121,1062,-1
121,302,825,121,302,825,121,302,825,-1
302,410,1345,302,410,1345,302,410,1345,-1
410,439,1134,410,439,1134,410,439,1134,-1
439,425,1174,439,425,1174,439,425,1174,-1
425,450,1375,425,450,1375,425,450,1375,-1
450,275,1352,450,275,1352,450,275,1352,-1
275,153,934,275,153,934,275,153,934,-1
153,250,1374,153,250,1374,153,250,1374,-1
250,161,934,250,161,934,250,161,934,-1
161,420,1390,161,420,1390,161,420,1390,-1
420,410,1132,420,410,1132,420,410,1132,-1
410,396,1399,410,396,1399,410,396,1399,-1
396,245,1175,396,245,1175,396,245,1175,-1
245,130,982,245,130,982,245,130,982,-1
130,397,1147,130,397,1147,130,397,1147,-1
397,216,1350,397,216,1350,397,216,1350,-1
216,211,993,216,211,993,216,211,993,-1
211,394,1395,211,394,1395,211,394,1395,-1
394,231,1282,394,231,1282,394,231,1282,-1
231,179,844,231,179,844,231,179,844,-1
179,389,1259,179,389,1259,179,389,1259,-1
389,398,1006,389,398,1006,389,398,1006,-1
398,121,992,398,121,992,398,121,992,-1
121,153,791,121,153,791,121,153,791,-1
153,228,849,153,228,849,153,228,849,-1
228,236,921,228,236,921,228,236,921,-1
236,129,1040,236,129,1040,236,129,1040,-1
129,132,1019,129,132,1019,129,132,1019,-1
132,141,1078,132,141,1078,132,141,1078,-1
141,237,1358,141,237,1358,141,237,1358,-1
237,136,959,237,136,959,237,136,959,-1
136,158,1251,136,158,1251,136,158,1251,-1
158,207,819,158,207,819,158,207,819,-1
207,223,1168,207,223,1168,207,223,1168,-1
223,153,839,223,153,839,223,153,839,-1
153,364,1050,153,364,1050,153,364,1050,-1
364,295,1021,364,295,1021,364,295,1021,-1
295,197,982,295,197,982,295,197,982,-1
197,261,985,197,261,985,197,261,985,-1
261,145,1235,261,145,1235,261,145,1235,-1
145,219,937,145,219,937,145,219,937,-1
219,384,1107,219,384,1107,219,384,1107,-1
384,208,1177,384,208,1177,384,208,1177,-1
208,171,1012,208,171,1012,208,171,1012,-1
171,231,1185,171,231,1185,171,231,1185,-1
231,132,917,231,132,917,231,132,917,-1
132,139,1074,132,139,1074,132,139,1074,-1
139,245,765,139,245,765,139,245,765,-1
245,230,1009,245,230,1009,245,230,1009,-1
230,144,726,230,144,726,230,144,726,-1
144,356,891,144,356,891,144,356,891,-1
356,362,1065,356,362,1065,356,362,1065,-1
362,353,1102,362,353,1102,362,353,1102,-1
353,137,1126,353,137,1126,353,137,1126,-1
137,231,766,137,231,766,137,231,766,-1
231,388,1104,231,388,1104,231,388,1104,-1
388,387,1054,388,387,1054,388,387,1054,-1
387,384,671,387,384,671,387,384,671,-1
384,127,752,384,127,752,384,127,752,-1
127,289,630,127,289,630,127,289,630,-1
289,398,772,289,398,772,289,398,772,-1
398,400,872,398,400,872,398,400,872,-1
400,124,890,400,124,890,400,124,890,-1
124,282,836,124,282,836,124,282,836,-1
282,404,1019,282,404,1019,282,404,1019,-1
404,419,992,404,419,992,404,419,992,-1
419,397,1363,419,397,1363,419,397,1363,-1
397,122,945,397,122,945,397,122,945,-1
122,137,872,122,137,872,122,137,872,-1
137,160,877,137,160,877,137,160,877,-1
160,414,1262,160,414,1262,160,414,1262,-1
414,398,1255,414,398,1255,414,398,1255,-1
398,421,840,398,421,840,398,421,840,-1
421,235,1335,421,235,1335,421,235,1335,-1
235,156,878,235,156,878,235,156,878,-1
156,409,927,156,409,927,156,409,927,-1
409,238,1289,409,238,1289,409,238,1289,-1
238,152,831,238,152,831,238,152,831,-1
152,406,888,152,406,888,152,406,888,-1
406,414,987,406,414,987,406,414,987,-1
414,399,1371,414,399,1371,414,399,1371,-1
399,227,1310,399,227,1310,399,227,1310,-1
227,166,840,227,166,840,227,166,840,-1
166,401,871,166,401,871,166,401,871,-1
401,249,1295,401,249,1295,401,249,1295,-1
249,166,866,249,166,866,249,166,866,-1
166,399,1358,166,399,1358,166,399,1358,-1
399,405,1362,399,405,1362,399,405,1362,-1
405,389,1062,405,389,1062,405,389,1062,-1
389,400,1020,389,400,1020,389,400,1020,-1
400,396,1020,400,396,1020,400,396,1020,-1
396,402,980,396,402,980,396,402,980,-1
402,122,1331,402,122,1331,402,122,1331,-1
122,266,960,122,266,960,122,266,960,-1
266,378,1068,266,378,1068,266,378,1068,-1
378,121,1003,378,121,1003,378,121,1003,-1
121,289,993,121,289,993,121,289,993,-1
289,229,1516,289,229,1516,289,229,1516,-1
229,179,1022,229,179,1022,229,179,1022,-1
179,396,1374,179,396,1374,179,396,1374,-1
396,153,1302,396,153,1302,396,153,1302,-1
153,250,822,153,250,822,153,250,822,-1
250,399,1196,250,399,1196,250,399,1196,-1
399,369,1266,399,369,1266,399,369,1266,-1
369,409,913,369,409,913,369,409,913,-1
409,388,1124,409,388,1124,409,388,1124,-1
388,219,1301,388,219,1301,388,219,1301,-1
219,195,828,219,195,828,219,195,828,-1
195,384,1330,195,384,1330,195,384,1330,-1
384,237,1378,384,237,1378,384,237,1378,-1
237,150,916,237,150,916,237,150,916,-1
150,404,1114,150,404,1114,150,404,1114,-1
404,384,1313,404,384,1313,404,384,1313,-1
384,392,1057,384,392,1057,384,392,1057,-1
392,123,886,392,123,886,392,123,886,-1
123,276,840,123,276,840,123,276,840,-1
276,385,1294,276,385,1294,276,385,1294,-1
385,234,1311,385,234,1311,385,234,1311,-1
234,141,841,234,141,841,234,141,841,-1
141,184,959,141,184,959,141,184,959,-1
184,194,814,184,194,814,184,194,814,-1
194,393,914,194,393,914,194,393,914,-1
393,247,1091,393,247,1091,393,247,1091,-1
247,142,846,247,142,846,247,142,846,-1
142,266,996,142,266,996,142,266,996,-1
266,127,854,266,127,854,266,127,854,-1
127,124,1089,127,124,1089,127,124,1089,-1
124,227,877,124,227,877,124,227,877,-1
227,161,871,227,161,871,227,161,871,-1
161,233,921,161,233,921,161,233,921,-1
233,122,858,233,122,858,233,122,858,-1
122,297,813,122,297,813,122,297,813,-1
297,376,1291,297,376,1291,297,376,1291,-1
376,253,851,376,253,851,376,253,851,-1
253,144,861,253,144,861,253,144,861,-1
144,380,1334,144,380,1334,144,380,1334,-1
380,388,1307,380,388,1307,380,388,1307,-1
388,398,887,388,398,887,388,398,887,-1
398,396,1231,398,396,1231,398,396,1231,-1
396,384,935,396,384,935,396,384,935,-1
384,396,853,384,396,853,384,396,853,-1
396,149,941,396,149,941,396,149,941,-1
149,244,893,149,244,893,149,244,893,-1
244,255,890,244,255,890,244,255,890,-1
255,149,878,255,149,878,255,149,878,-1
149,156,935,149,156,935,149,156,935,-1
156,240,911,156,240,911,156,240,911,-1
240,146,858,240,146,858,240,146,858,-1
146,143,959,146,143,959,146,143,959,-1
143,130,879,143,130,879,143,130,879,-1
130,396,493,130,396,493,130,396,493,-1
396,121,446,396,121,446,396,121,446,-1
121,254,999,121,254,999,121,254,999,-1
254,135,859,254,135,859,254,135,859,-1
135,295,1037,135,295,1037,135,295,1037,-1
295,124,385,295,124,385,295,124,385,-1
124,136,976,124,136,976,124,136,976,-1
136,145,813,136,145,813,136,145,813,-1
145,399,620,145,399,620,145,399,620,-1
399,146,825,399,146,825,399,146,825,-1
146,253,868,146,253,868,146,253,868,-1
253,125,832,253,125,832,253,125,832,-1
125,283,801,125,283,801,125,283,801,-1
283,399,904,283,399,904,283,399,904,-1
399,395,1306,399,395,1306,399,395,1306,-1
395,376,1143,395,376,1143,395,376,1143,-1
376,406,884,376,406,884,376,406,884,-1
406,218,1359,406,218,1359,406,218,1359,-1
218,167,885,218,167,885,218,167,885,-1
167,408,1024,167,408,1024,167,408,1024,-1
408,397,1316,408,397,1316,408,397,1316,-1
397,376,1362,397,376,1362,397,376,1362,-1
376,398,1041,376,398,1041,376,398,1041,-1
398,385,1303,398,385,1303,398,385,1303,-1
385,234,1255,385,234,1255,385,234,1255,-1
234,168,798,234,168,798,234,168,798,-1
168,394,1280,168,394,1280,168,394,1280,-1
394,391,1296,394,391,1296,394,391,1296,-1
391,378,959,391,378,959,391,378,959,-1
378,416,910,378,416,910,378,416,910,-1
416,376,1330,416,376,1330,416,376,1330,-1
376,122,911,376,122,911,376,122,911,-1
122,133,814,122,133,814,122,133,814,-1
133,167,854,133,167,854,133,167,854,-1
167,382,1321,167,382,1321,167,382,1321,-1
382,409,923,382,409,923,382,409,923,-1
409,393,1327,409,393,1327,409,393,1327,-1
393,412,1080,393,412,1080,393,412,1080,-1
412,396,1307,412,396,1307,412,396,1307,-1
396,408,1052,396,408,1052,396,408,1052,-1
408,394,1297,408,394,1297,408,394,1297,-1
394,423,1062,394,423,1062,394,423,1062,-1
423,240,1299,423,240,1299,423,240,1299,-1
240,158,885,240,158,885,240,158,885,-1
158,122,891,158,122,891,158,122,891,-1
122,166,844,122,166,844,122,166,844,-1
166,129,878,166,129,878,166,129,878,-1
129,401,1079,129,401,1079,129,401,1079,-1
401,417,915,401,417,915,401,417,915,-1
417,122,836,417,122,836,417,122,836,-1
122,306,787,122,306,787,122,306,787,-1
306,420,1291,306,420,1291,306,420,1291,-1
420,408,1266,420,408,1266,420,408,1266,-1
408,413,915,408,413,915,408,413,915,-1
413,241,1096,413,241,1096,413,241,1096,-1
241,198,820,241,198,820,241,198,820,-1
198,421,1279,198,421,1279,198,421,1279,-1
421,438,965,421,438,965,421,438,965,-1
438,398,1270,438,398,1270,438,398,1270,-1
398,423,899,398,423,899,398,423,899,-1
423,419,1330,423,419,1330,423,419,1330,-1
419,242,1380,419,242,1380,419,242,1380,-1
242,148,935,242,148,935,242,148,935,-1
148,395,1209,148,395,1209,148,395,1209,-1
395,124,816,395,124,816,395,124,816,-1
124,243,790,124,243,790,124,243,790,-1
243,129,914,243,129,914,243,129,914,-1
129,284,792,129,284,792,129,284,792,-1
284,377,1312,284,377,1312,284,377,1312,-1
377,396,842,377,396,842,377,396,842,-1
396,414,1238,396,414,1238,396,414,1238,-1
414,250,1293,414,250,1293,414,250,1293,-1
250,245,820,250,245,820,250,245,820,-1
245,286,740,245,286,740,245,286,740,-1
286,389,1193,286,389,1193,286,389,1193,-1
389,124,754,389,124,754,389,124,754,-1
124,285,727,124,285,727,124,285,727,-1
285,247,1218,285,247,1218,285,247,1218,-1
247,154,804,247,154,804,247,154,804,-1
154,375,975,154,375,975,154,375,975,-1
375,407,830,375,407,830,375,407,830,-1
407,374,1275,407,374,1275,407,374,1275,-1
374,122,943,374,122,943,374,122,943,-1
122,271,774,122,271,774,122,271,774,-1
271,403,1053,271,403,1053,271,403,1053,-1
403,373,1310,403,373,1310,403,373,1310,-1
373,393,1038,373,393,1038,373,393,1038,-1
393,408,1116,393,408,1116,393,408,1116,-1
408,412,1296,408,412,1296,408,412,1296,-1
412,392,1304,412,392,1304,412,392,1304,-1
392,391,1312,392,391,1312,392,391,1312,-1
391,378,930,391,378,930,391,378,930,-1
378,403,811,378,403,811,378,403,811,-1
403,383,1240,403,383,1240,403,383,1240,-1
383,411,915,383,411,915,383,411,915,-1
411,390,1295,411,390,1295,411,390,1295,-1
390,406,886,390,406,886,390,406,886,-1
406,121,857,406,121,857,406,121,857,-1
121,280,821,121,280,821,121,280,821,-1
280,128,878,280,128,878,280,128,878,-1
128,298,833,128,298,833,128,298,833,-1
298,261,1050,298,261,1050,298,261,1050,-1
261,162,869,261,162,869,261,162,869,-1
162,407,1316,162,407,1316,162,407,1316,-1
407,278,929,407,278,929,407,278,929,-1
278,129,856,278,129,856,278,129,856,-1
129,431,1165,129,431,1165,129,431,1165,-1
431,232,1326,431,232,1326,431,232,1326,-1
232,154,901,232,154,901,232,154,901,-1
154,423,926,154,423,926,154,423,926,-1
423,382,1312,423,382,1312,423,382,1312,-1
382,122,903,382,122,903,382,122,903,-1
122,292,827,122,292,827,122,292,827,-1
292,398,1300,292,398,1300,292,398,1300,-1
398,400,891,398,400,891,398,400,891,-1
400,122,852,400,122,852,400,122,852,-1
122,290,834,122,290,834,122,290,834,-1
290,399,918,290,399,918,290,399,918,-1
399,391,1313,399,391,1313,399,391,1313,-1
391,408,978,391,408,978,391,408,978,-1
408,395,1297,408,395,1297,408,395,1297,-1
395,412,1028,395,412,1028,395,412,1028,-1
412,395,1276,412,395,1276,412,395,1276,-1
395,410,854,395,410,854,395,410,854,-1
410,263,1288,410,263,1288,410,263,1288,-1
263,149,849,263,149,849,263,149,849,-1
149,384,1058,149,384,1058,149,384,1058,-1
384,126,841,384,126,841,384,126,841,-1
126,302,838,126,302,838,126,302,838,-1
302,386,1337,302,386,1337,302,386,1337,-1
386,394,1302,386,394,1302,386,394,1302,-1
394,397,974,394,397,974,394,397,974,-1
397,256,812,397,256,812,397,256,812,-1
256,146,802,256,146,802,256,146,802,-1
146,221,1016,146,221,1016,146,221,1016,-1
221,196,809,221,196,809,221,196,809,-1
196,398,1321,196,398,1321,196,398,1321,-1
398,247,1011,398,247,1011,398,247,1011,-1
247,166,848,247,166,848,247,166,848,-1
166,397,1327,166,397,1327,166,397,1327,-1
397,270,881,397,270,881,397,270,881,-1
270,149,862,270,149,862,270,149,862,-1
149,121,1319,149,121,1319,149,121,1319,-1
121,121,803,121,121,803,121,121,803,-1
121,154,822,121,154,822,121,154,822,-1
154,124,835,154,124,835,154,124,835,-1
124,295,808,124,295,808,124,295,808,-1
295,387,1213,295,387,1213,295,387,1213,-1
387,122,855,387,122,855,387,122,855,-1
122,302,796,122,302,796,122,302,796,-1
302,411,960,302,411,960,302,411,960,-1
411,406,1360,411,406,1360,411,406,1360,-1
406,129,978,406,129,978,406,129,978,-1
129,275,839,129,275,839,129,275,839,-1
275,405,855,275,405,855,275,405,855,-1
405,125,891,405,125,891,405,125,891,-1
125,290,903,125,290,903,125,290,903,-1
290,424,1173,290,424,1173,290,424,1173,-1
424,122,1267,424,122,1267,424,122,1267,-1
122,135,768,122,135,768,122,135,768,-1
135,168,782,135,168,782,135,168,782,-1
168,253,1277,168,253,1277,168,253,1277,-1
253,144,783,253,144,783,253,144,783,-1
144,418,993,144,418,993,144,418,993,-1
418,404,1333,418,404,1333,418,404,1333,-1
404,417,1071,404,417,1071,404,417,1071,-1
417,396,1312,417,396,1312,417,396,1312,-1
396,416,823,396,416,823,396,416,823,-1
416,253,1314,416,253,1314,416,253,1314,-1
253,153,817,253,153,817,253,153,817,-1
153,401,1258,153,401,1258,153,401,1258,-1
401,414,925,401,414,925,401,414,925,-1
414,403,1300,414,403,1300,414,403,1300,-1
403,395,954,403,395,954,403,395,954,-1
395,276,918,395,276,918,395,276,918,-1
276,129,883,276,129,883,276,129,883,-1
129,123,905,129,123,905,129,123,905,-1
123,283,843,123,283,843,123,283,843,-1
283,246,1320,283,246,1320,283,246,1320,-1
246,160,880,246,160,880,246,160,880,-1
160,382,1339,160,382,1339,160,382,1339,-1
382,250,882,382,250,882,382,250,882,-1
250,153,843,250,153,843,250,153,843,-1
153,382,1304,153,382,1304,153,382,1304,-1
382,423,936,382,423,936,382,423,936,-1
423,415,1173,423,415,1173,423,415,1173,-1
415,404,1312,415,404,1312,415,404,1312,-1
404,403,977,404,403,977,404,403,977,-1
403,403,985,403,403,985,403,403,985,-1
403,130,801,403,130,801,403,130,801,-1
130,294,776,130,294,776,130,294,776,-1
294,415,1111,294,415,1111,294,415,1111,-1
415,253,1298,415,253,1298,415,253,1298,-1
253,153,827,253,153,827,253,153,827,-1
153,400,875,153,400,875,153,400,875,-1
400,428,1001,400,428,1001,400,428,1001,-1
428,400,1320,428,400,1320,428,400,1320,-1
400,425,1232,400,425,1232,400,425,1232,-1
425,391,1354,425,391,1354,425,391,1354,-1
391,123,893,391,123,893,391,123,893,-1
123,318,787,123,318,787,123,318,787,-1
318,123,853,318,123,853,318,123,853,-1
123,309,781,123,309,781,123,309,781,-1
309,422,938,309,422,938,309,422,938,-1
422,399,1278,422,399,1278,422,399,1278,-1
399,125,887,399,125,887,399,125,887,-1
125,294,833,125,294,833,125,294,833,-1
294,251,1296,294,251,1296,294,251,1296,-1
251,139,832,251,139,832,251,139,832,-1
139,121,916,139,121,916,139,121,916,-1
121,291,789,121,291,789,121,291,789,-1
291,395,1070,291,395,1070,291,395,1070,-1
395,126,837,395,126,837,395,126,837,-1
126,302,795,126,302,795,126,302,795,-1
302,408,974,302,408,974,302,408,974,-1
408,262,881,408,262,881,408,262,881,-1
262,136,833,262,136,833,262,136,833,-1
136,127,862,136,127,862,136,127,862,-1
127,157,810,127,157,810,127,157,810,-1
157,148,848,157,148,848,157,148,848,-1
148,272,1078,148,272,1078,148,272,1078,-1
272,147,850,272,147,850,272,147,850,-1
147,225,1312,147,225,1312,147,225,1312,-1
225,205,847,225,205,847,225,205,847,-1
205,396,1366,205,396,1366,205,396,1366,-1
396,409,895,396,409,895,396,409,895,-1
409,393,1366,409,393,1366,409,393,1366,-1
393,429,994,393,429,994,393,429,994,-1
429,398,1396,429,398,1396,429,398,1396,-1
398,121,929,398,121,929,398,121,929,-1
121,302,872,121,302,872,121,302,872,-1
302,277,998,302,277,998,302,277,998,-1
277,125,909,277,125,909,277,125,909,-1
125,136,1006,125,136,1006,125,136,1006,-1
136,136,879,136,136,879,136,136,879,-1
136,138,933,136,138,933,136,138,933,-1
138,219,1057,138,219,1057,138,219,1057,-1
219,202,871,219,202,871,219,202,871,-1
202,123,1051,202,123,1051,202,123,1051,-1
123,299,843,123,299,843,123,299,843,-1
299,406,1332,299,406,1332,299,406,1332,-1
406,124,892,406,124,892,406,124,892,-1
124,306,805,124,306,805,124,306,805,-1
306,392,1043,306,392,1043,306,392,1043,-1
392,275,884,392,275,884,392,275,884,-1
275,141,867,275,141,867,275,141,867,-1
141,124,876,141,124,876,141,124,876,-1
124,282,853,124,282,853,124,282,853,-1
282,400,1372,282,400,1372,282,400,1372,-1
400,121,1009,400,121,1009,400,121,1009,-1
121,134,855,121,134,855,121,134,855,-1
134,155,878,134,155,878,134,155,878,-1
155,270,899,155,270,899,155,270,899,-1
270,136,880,270,136,880,270,136,880,-1
136,124,878,136,124,878,136,124,878,-1
124,167,832,124,167,832,124,167,832,-1
167,154,873,167,154,873,167,154,873,-1
154,417,1344,154,417,1344,154,417,1344,-1
417,124,881,417,124,881,417,124,881,-1
124,307,826,124,307,826,124,307,826,-1
307,283,1137,307,283,1137,307,283,1137,-1
283,131,884,283,131,884,283,131,884,-1
131,121,896,131,121,896,131,121,896,-1
121,311,856,121,311,856,121,311,856,-1
311,407,1382,311,407,1382,311,407,1382,-1
407,406,1366,407,406,1366,407,406,1366,-1
406,387,1165,406,387,1165,406,387,1165,-1
387,396,1106,387,396,1106,387,396,1106,-1
396,122,811,396,122,811,396,122,811,-1
122,282,798,122,282,798,122,282,798,-1
282,396,1297,282,396,1297,282,396,1297,-1
396,397,1267,396,397,1267,396,397,1267,-1
397,386,1361,397,386,1361,397,386,1361,-1
386,239,1149,386,239,1149,386,239,1149,-1
239,188,874,239,188,874,239,188,874,-1
188,386,1258,188,386,1258,188,386,1258,-1
386,129,771,386,129,771,386,129,771,-1
129,309,724,129,309,724,129,309,724,-1
309,388,1260,309,388,1260,309,388,1260,-1
388,412,811,388,412,811,388,412,811,-1
412,413,1032,412,413,1032,412,413,1032,-1
413,266,1003,413,266,1003,413,266,1003,-1
266,144,863,266,144,863,266,144,863,-1
144,131,860,144,131,860,144,131,860,-1
131,294,834,131,294,834,131,294,834,-1
294,405,1209,294,405,1209,294,405,1209,-1
405,221,1433,405,221,1433,405,221,1433,-1
221,178,962,221,178,962,221,178,962,-1
178,124,1047,178,124,1047,178,124,1047,-1
124,290,848,124,290,848,124,290,848,-1
290,121,825,290,121,825,290,121,825,-1
121,315,761,121,315,761,121,315,761,-1
315,412,1243,315,412,1243,315,412,1243,-1
412,415,895,412,415,895,412,415,895,-1
415,410,1327,415,410,1327,415,410,1327,-1
410,397,1424,410,397,1424,410,397,1424,-1
397,256,1031,397,256,1031,397,256,1031,-1
256,175,840,256,175,840,256,175,840,-1
175,395,1301,175,395,1301,175,395,1301,-1
395,121,843,395,121,843,395,121,843,-1
121,300,782,121,300,782,121,300,782,-1
300,216,992,300,216,992,300,216,992,-1
216,204,829,216,204,829,216,204,829,-1
204,423,1338,204,423,1338,204,423,1338,-1
423,274,1359,423,274,1359,423,274,1359,-1
274,138,877,274,138,877,274,138,877,-1
138,125,933,138,125,933,138,125,933,-1
125,305,852,125,305,852,125,305,852,-1
305,395,1378,305,395,1378,305,395,1378,-1
395,424,894,395,424,894,395,424,894,-1
424,270,952,424,270,952,424,270,952,-1
270,152,855,270,152,855,270,152,855,-1
152,123,1065,152,123,1065,152,123,1065,-1
123,169,819,123,169,819,123,169,819,-1
169,129,855,169,129,855,169,129,855,-1
129,122,859,129,122,859,129,122,859,-1
122,163,830,122,163,830,122,163,830,-1
163,149,880,163,149,880,163,149,880,-1
149,395,1342,149,395,1342,149,395,1342,-1
395,122,936,395,122,936,395,122,936,-1
122,317,874,122,317,874,122,317,874,-1
317,422,1245,317,422,1245,317,422,1245,-1
422,251,1395,422,251,1395,422,251,1395,-1
251,174,904,251,174,904,251,174,904,-1
174,402,1159,174,402,1159,174,402,1159,-1
402,433,897,402,433,897,402,433,897,-1
433,401,1134,433,401,1134,433,401,1134,-1
401,430,851,401,430,851,401,430,851,-1
430,122,830,430,122,830,430,122,830,-1
122,288,776,122,288,776,122,288,776,-1
288,121,1023,288,121,1023,288,121,1023,-1
121,306,797,121,306,797,121,306,797,-1
306,414,1346,306,414,1346,306,414,1346,-1
414,408,1382,414,408,1382,414,408,1382,-1
408,123,959,408,123,959,408,123,959,-1
123,320,846,123,320,846,123,320,846,-1
320,406,1317,320,406,1317,320,406,1317,-1
406,245,1267,406,245,1267,406,245,1267,-1
245,158,848,245,158,848,245,158,848,-1
158,434,926,158,434,926,158,434,926,-1
434,286,915,434,286,915,434,286,915,-1
286,142,802,286,142,802,286,142,802,-1
142,422,1265,142,422,1265,142,422,1265,-1
422,270,1277,422,270,1277,422,270,1277,-1
270,134,796,270,134,796,270,134,796,-1
134,419,867,134,419,867,134,419,867,-1
419,282,1301,419,282,1301,419,282,1301,-1
282,137,825,282,137,825,282,137,825,-1
137,127,940,137,127,940,137,127,940,-1
127,310,804,127,310,804,127,310,804,-1
310,413,1340,310,413,1340,310,413,1340,-1
413,250,904,413,250,904,413,250,904,-1
250,170,842,250,170,842,250,170,842,-1
170,435,1008,170,435,1008,170,435,1008,-1
435,410,1313,435,410,1313,435,410,1313,-1
410,258,1360,410,258,1360,410,258,1360,-1
258,160,870,258,160,870,258,160,870,-1
160,409,906,160,409,906,160,409,906,-1
409,396,1316,409,396,1316,409,396,1316,-1
396,124,824,396,124,824,396,124,824,-1
124,301,824,124,301,824,124,301,824,-1
301,254,1336,301,254,1336,301,254,1336,-1
254,144,879,254,144,879,254,144,879,-1
144,241,1290,144,241,1290,144,241,1290,-1
241,165,852,241,165,852,241,165,852,-1
165,123,1035,165,123,1035,165,123,1035,-1
123,280,814,123,280,814,123,280,814,-1
280,396,1281,280,396,1281,280,396,1281,-1
396,374,1349,396,374,1349,396,374,1349,-1
374,127,859,374,127,859,374,127,859,-1
127,292,828,127,292,828,127,292,828,-1
292,393,1340,292,393,1340,292,393,1340,-1
393,399,900,393,399,900,393,399,900,-1
399,392,902,399,392,902,399,392,902,-1
392,375,1286,392,375,1286,392,375,1286,-1
375,128,817,375,128,817,375,128,817,-1
128,274,781,128,274,781,128,274,781,-1
274,121,869,274,121,869,274,121,869,-1
121,309,802,121,309,802,121,309,802,-1
309,408,899,309,408,899,309,408,899,-1
408,259,996,408,259,996,408,259,996,-1
259,171,893,259,171,893,259,171,893,-1
171,391,1370,171,391,1370,171,391,1370,-1
391,133,1000,391,133,1000,391,133,1000,-1
133,146,880,133,146,880,133,146,880,-1
146,145,915,146,145,915,146,145,915,-1
145,413,960,145,413,960,145,413,960,-1
413,412,959,413,412,959,413,412,959,-1
412,123,868,412,123,868,412,123,868,-1
123,288,821,123,288,821,123,288,821,-1
288,373,993,288,373,993,288,373,993,-1
373,442,1323,373,442,1323,373,442,1323,-1
442,121,915,442,121,915,442,121,915,-1
121,321,836,121,321,836,121,321,836,-1
321,122,1102,321,122,1102,321,122,1102,-1
122,306,840,122,306,840,122,306,840,-1
306,291,1334,306,291,1334,306,291,1334,-1
291,148,852,291,148,852,291,148,852,-1
148,121,1133,148,121,1133,148,121,1133,-1
121,169,805,121,169,805,121,169,805,-1
169,147,838,169,147,838,169,147,838,-1
147,272,1314,147,272,1314,147,272,1314,-1
272,153,880,272,153,880,272,153,880,-1
153,419,1310,153,419,1310,153,419,1310,-1
419,409,1325,419,409,1325,419,409,1325,-1
409,420,942,409,420,942,409,420,942,-1
420,404,1315,420,404,1315,420,404,1315,-1
404,126,843,404,126,843,404,126,843,-1
126,141,826,126,141,826,126,141,826,-1
141,158,866,141,158,866,141,158,866,-1
158,400,957,158,400,957,158,400,957,-1
400,122,900,400,122,900,400,122,900,-1
122,155,817,122,155,817,122,155,817,-1
155,139,861,155,139,861,155,139,861,-1
139,123,884,139,123,884,139,123,884,-1
123,297,837,123,297,837,123,297,837,-1
297,414,1174,297,414,1174,297,414,1174,-1
414,290,881,414,290,881,414,290,881,-1
290,127,879,290,127,879,290,127,879,-1
127,123,905,127,123,905,127,123,905,-1
123,163,841,123,163,841,123,163,841,-1
163,135,892,163,135,892,163,135,892,-1
135,123,898,135,123,898,135,123,898,-1
123,156,842,123,156,842,123,156,842,-1
156,148,876,156,148,876,156,148,876,-1
148,422,1188,148,422,1188,148,422,1188,-1
422,123,858,422,123,858,422,123,858,-1
123,288,845,123,288,845,123,288,845,-1
288,122,1351,288,122,1351,288,122,1351,-1
122,304,826,122,304,826,122,304,826,-1
304,412,1104,304,412,1104,304,412,1104,-1
412,399,1355,412,399,1355,412,399,1355,-1
399,124,920,399,124,920,399,124,920,-1
124,131,823,124,131,823,124,131,823,-1
131,170,855,131,170,855,131,170,855,-1
170,276,1342,170,276,1342,170,276,1342,-1
276,155,853,276,155,853,276,155,853,-1
155,398,1272,155,398,1272,155,398,1272,-1
398,419,876,398,419,876,398,419,876,-1
419,417,900,419,417,900,419,417,900,-1
417,420,1344,417,420,1344,417,420,1344,-1
420,413,1311,420,413,1311,420,413,1311,-1
413,269,972,413,269,972,413,269,972,-1
269,156,885,269,156,885,269,156,885,-1
156,415,1166,156,415,1166,156,415,1166,-1
415,263,1353,415,263,1353,415,263,1353,-1
263,171,898,263,171,898,263,171,898,-1
171,404,1338,171,404,1338,171,404,1338,-1
404,444,924,404,444,924,404,444,924,-1
444,123,1097,444,123,1097,444,123,1097,-1
123,310,794,123,310,794,123,310,794,-1
310,121,865,310,121,865,310,121,865,-1
121,314,788,121,314,788,121,314,788,-1
314,423,1148,314,423,1148,314,423,1148,-1
423,247,876,423,247,876,423,247,876,-1
247,182,847,247,182,847,247,182,847,-1
182,424,1342,182,424,1342,182,424,1342,-1
424,260,1380,424,260,1380,424,260,1380,-1
260,153,901,260,153,901,260,153,901,-1
153,406,1288,153,406,1288,153,406,1288,-1
406,408,1292,406,408,1292,406,408,1292,-1
408,124,855,408,124,855,408,124,855,-1
124,146,763,124,146,763,124,146,763,-1
146,155,805,146,155,805,146,155,805,-1
155,415,1308,155,415,1308,155,415,1308,-1
415,432,1017,415,432,1017,415,432,1017,-1
432,270,1332,432,270,1332,432,270,1332,-1
270,137,828,270,137,828,270,137,828,-1
137,128,822,137,128,822,137,128,822,-1
128,302,784,128,302,784,128,302,784,-1
302,416,1318,302,416,1318,302,416,1318,-1
416,402,985,416,402,985,416,402,985,-1
402,238,870,402,238,870,402,238,870,-1
238,128,866,238,128,866,238,128,866,-1
128,164,1014,128,164,1014,128,164,1014,-1
164,267,843,164,267,843,164,267,843,-1
267,124,1058,267,124,1058,267,124,1058,-1
124,156,807,124,156,807,124,156,807,-1
156,126,848,156,126,848,156,126,848,-1
126,124,851,126,124,851,126,124,851,-1
124,320,818,124,320,818,124,320,818,-1
320,409,999,320,409,999,320,409,999,-1
409,127,855,409,127,855,409,127,855,-1
127,168,838,127,168,838,127,168,838,-1
168,129,881,168,129,881,168,129,881,-1
129,266,1000,129,266,1000,129,266,1000,-1
266,163,835,266,163,835,266,163,835,-1
163,401,1261,163,401,1261,163,401,1261,-1
401,121,850,401,121,850,401,121,850,-1
121,298,788,121,298,788,121,298,788,-1
298,122,940,298,122,940,298,122,940,-1
122,132,791,122,132,791,122,132,791,-1
132,173,832,132,173,832,132,173,832,-1
173,400,1327,173,400,1327,173,400,1327,-1
400,123,834,400,123,834,400,123,834,-1
123,294,814,123,294,814,123,294,814,-1
294,402,1036,294,402,1036,294,402,1036,-1
402,217,1312,402,217,1312,402,217,1312,-1
217,185,870,217,185,870,217,185,870,-1
185,126,909,185,126,909,185,126,909,-1
126,283,824,126,283,824,126,283,824,-1
283,399,1286,283,399,1286,283,399,1286,-1
399,122,850,399,122,850,399,122,850,-1
122,300,780,122,300,780,122,300,780,-1
300,427,1114,300,427,1114,300,427,1114,-1
427,405,1319,427,405,1319,427,405,1319,-1
405,121,840,405,121,840,405,121,840,-1
121,309,807,121,309,807,121,309,807,-1
309,421,916,309,421,916,309,421,916,-1
421,435,1122,421,435,1122,421,435,1122,-1
435,417,1341,435,417,1341,435,417,1341,-1
417,412,1332,417,412,1332,417,412,1332,-1
412,285,883,412,285,883,412,285,883,-1
285,138,841,285,138,841,285,138,841,-1
138,235,1307,138,235,1307,138,235,1307,-1
235,198,837,235,198,837,235,198,837,-1
198,282,1319,198,282,1319,198,282,1319,-1
282,128,822,282,128,822,282,128,822,-1
128,449,828,128,449,828,128,449,828,-1
449,404,1297,449,404,1297,449,404,1297,-1
404,125,884,404,125,884,404,125,884,-1
125,302,791,125,302,791,125,302,791,-1
302,261,1133,302,261,1133,302,261,1133,-1
261,162,839,261,162,839,261,162,839,-1
162,252,893,162,252,893,162,252,893,-1
252,149,819,252,149,819,252,149,819,-1
149,132,840,149,132,840,149,132,840,-1
132,301,815,132,301,815,132,301,815,-1
301,124,953,301,124,953,301,124,953,-1
124,153,898,124,153,898,124,153,898,-1
153,149,930,153,149,930,153,149,930,-1
149,403,1385,149,403,1385,149,403,1385,-1
403,424,1289,403,424,1289,403,424,1289,-1
424,126,873,424,126,873,424,126,873,-1
126,318,791,126,318,791,126,318,791,-1
318,410,1296,318,410,1296,318,410,1296,-1
410,400,934,410,400,934,410,400,934,-1
400,132,955,400,132,955,400,132,955,-1
132,148,819,132,148,819,132,148,819,-1
148,152,848,148,152,848,148,152,848,-1
152,127,915,152,127,915,152,127,915,-1
127,156,822,127,156,822,127,156,822,-1
156,136,895,156,136,895,156,136,895,-1
136,245,1021,136,245,1021,136,245,1021,-1
245,163,863,245,163,863,245,163,863,-1
163,398,1067,163,398,1067,163,398,1067,-1
398,121,942,398,121,942,398,121,942,-1
121,174,841,121,174,841,121,174,841,-1
174,138,917,174,138,917,174,138,917,-1
138,135,1030,138,135,1030,138,135,1030,-1
135,262,866,135,262,866,135,262,866,-1
262,124,881,262,124,881,262,124,881,-1
124,275,823,124,275,823,124,275,823,-1
275,331,860,275,331,860,275,331,860,-1
331,143,900,331,143,900,331,143,900,-1
143,151,1000,143,151,1000,143,151,1000,-1
151,223,877,151,223,877,151,223,877,-1
223,125,903,223,125,903,223,125,903,-1
125,292,842,125,292,842,125,292,842,-1
292,122,966,292,122,966,292,122,966,-1
122,134,857,122,134,857,122,134,857,-1
134,143,918,134,143,918,134,143,918,-1
143,148,1062,143,148,1062,143,148,1062,-1
148,265,876,148,265,876,148,265,876,-1
265,133,886,265,133,886,265,133,886,-1
133,298,834,133,298,834,133,298,834,-1
298,414,1052,298,414,1052,298,414,1052,-1
414,400,1335,414,400,1335,414,400,1335,-1
400,123,1224,400,123,1224,400,123,1224,-1
123,256,873,123,256,873,123,256,873,-1
256,194,1124,256,194,1124,256,194,1124,-1
194,153,894,194,153,894,194,153,894,-1
153,362,1030,153,362,1030,153,362,1030,-1
362,224,974,362,224,974,362,224,974,-1
224,122,793,224,122,793,224,122,793,-1
122,361,984,122,361,984,122,361,984,-1
361,361,1010,361,361,1010,361,361,1010,-1
361,214,1045,361,214,1045,361,214,1045,-1
214,126,815,214,126,815,214,126,815,-1
126,210,822,126,210,822,126,210,822,-1
210,121,852,210,121,852,210,121,852,-1
121,142,770,121,142,770,121,142,770,-1
142,222,818,142,222,818,142,222,818,-1
222,358,917,222,358,917,222,358,917,-1
358,389,1324,358,389,1324,358,389,1324,-1
389,121,1149,389,121,1149,389,121,1149,-1
121,300,826,121,300,826,121,300,826,-1
300,392,1341,300,392,1341,300,392,1341,-1
392,129,859,392,129,859,392,129,859,-1
129,145,807,129,145,807,129,145,807,-1
145,174,854,145,174,854,145,174,854,-1
174,125,871,174,125,871,174,125,871,-1
125,300,807,125,300,807,125,300,807,-1
300,421,1124,300,421,1124,300,421,1124,-1
421,403,1364,421,403,1364,421,403,1364,-1
403,124,905,403,124,905,403,124,905,-1
124,310,839,124,310,839,124,310,839,-1
310,407,1323,310,407,1323,310,407,1323,-1
407,428,837,407,428,837,407,428,837,-1
428,395,1378,428,395,1378,428,395,1378,-1
395,292,1088,395,292,1088,395,292,1088,-1
292,145,859,292,145,859,292,145,859,-1
145,415,1304,145,415,1304,145,415,1304,-1
415,286,1312,415,286,1312,415,286,1312,-1
286,142,817,286,142,817,286,142,817,-1
142,414,970,142,414,970,142,414,970,-1
414,481,849,414,481,849,414,481,849,-1
481,433,1320,481,433,1320,481,433,1320,-1
433,259,899,433,259,899,433,259,899,-1
259,193,825,259,193,825,259,193,825,-1
193,401,1297,193,401,1297,193,401,1297,-1
401,127,846,401,127,846,401,127,846,-1
127,144,814,127,144,814,127,144,814,-1
144,153,867,144,153,867,144,153,867,-1
153,123,952,153,123,952,153,123,952,-1
123,132,877,123,132,877,123,132,877,-1
132,154,912,132,154,912,132,154,912,-1
154,274,1098,154,274,1098,154,274,1098,-1
274,135,896,274,135,896,274,135,896,-1
135,136,995,135,136,995,135,136,995,-1
136,297,843,136,297,843,136,297,843,-1
297,121,880,297,121,880,297,121,880,-1
121,157,827,121,157,827,121,157,827,-1
157,152,862,157,152,862,157,152,862,-1
152,249,1108,152,249,1108,152,249,1108,-1
249,173,913,249,173,913,249,173,913,-1
173,290,1367,173,290,1367,173,290,1367,-1
290,140,861,290,140,861,290,140,861,-1
140,414,1271,140,414,1271,140,414,1271,-1
414,264,1322,414,264,1322,414,264,1322,-1
264,154,837,264,154,837,264,154,837,-1
154,393,1284,154,393,1284,154,393,1284,-1
393,414,893,393,414,893,393,414,893,-1
414,128,856,414,128,856,414,128,856,-1
128,281,825,128,281,825,128,281,825,-1
281,238,1120,281,238,1120,281,238,1120,-1
238,193,876,238,193,876,238,193,876,-1
193,401,1308,193,401,1308,193,401,1308,-1
401,415,1039,401,415,1039,401,415,1039,-1
415,272,1320,415,272,1320,415,272,1320,-1
272,140,889,272,140,889,272,140,889,-1
140,126,866,140,126,866,140,126,866,-1
126,142,818,126,142,818,126,142,818,-1
142,145,840,142,145,840,142,145,840,-1
145,255,1271,145,255,1271,145,255,1271,-1
255,172,826,255,172,826,255,172,826,-1
172,389,1326,172,389,1326,172,389,1326,-1
389,124,862,389,124,862,389,124,862,-1
124,310,804,124,310,804,124,310,804,-1
310,121,938,310,121,938,310,121,938,-1
121,158,815,121,158,815,121,158,815,-1
158,155,847,158,155,847,158,155,847,-1
155,420,1127,155,420,1127,155,420,1127,-1
420,416,1352,420,416,1352,420,416,1352,-1
416,128,975,416,128,975,416,128,975,-1
128,302,823,128,302,823,128,302,823,-1
302,429,907,302,429,907,302,429,907,-1
429,130,899,429,130,899,429,130,899,-1
130,304,815,130,304,815,130,304,815,-1
304,256,998,304,256,998,304,256,998,-1
256,178,841,256,178,841,256,178,841,-1
178,125,850,178,125,850,178,125,850,-1
125,311,857,125,311,857,125,311,857,-1
311,122,1088,311,122,1088,311,122,1088,-1
122,295,856,122,295,856,122,295,856,-1
295,128,963,295,128,963,295,128,963,-1
128,314,814,128,314,814,128,314,814,-1
314,255,1319,314,255,1319,314,255,1319,-1
255,157,842,255,157,842,255,157,842,-1
157,125,842,157,125,842,157,125,842,-1
125,317,796,125,317,796,125,317,796,-1
317,127,835,317,127,835,317,127,835,-1
127,291,804,127,291,804,127,291,804,-1
291,275,995,291,275,995,291,275,995,-1
275,152,913,275,152,913,275,152,913,-1
152,423,1368,152,423,1368,152,423,1368,-1
423,423,1309,423,423,1309,423,423,1309,-1
423,421,1322,423,421,1322,423,421,1322,-1
421,298,830,421,298,830,421,298,830,-1
298,131,853,298,131,853,298,131,853,-1
131,444,982,131,444,982,131,444,982,-1
444,432,1291,444,432,1291,444,432,1291,-1
432,445,1102,432,445,1102,432,445,1102,-1
445,258,1284,445,258,1284,445,258,1284,-1
258,167,831,258,167,831,258,167,831,-1
167,297,1342,167,297,1342,167,297,1342,-1
297,150,847,297,150,847,297,150,847,-1
150,440,1308,150,440,1308,150,440,1308,-1
440,413,1082,440,413,1082,440,413,1082,-1
413,139,962,413,139,962,413,139,962,-1
139,153,820,139,153,820,139,153,820,-1
153,169,860,153,169,860,153,169,860,-1
169,427,1347,169,427,1347,169,427,1347,-1
427,401,1336,427,401,1336,427,401,1336,-1
401,124,864,401,124,864,401,124,864,-1
124,306,802,124,306,802,124,306,802,-1
306,122,951,306,122,951,306,122,951,-1
122,121,838,122,121,838,122,121,838,-1
