185,185,1089,185,185,1089,185,185,1089,-1
185,208,1017,185,208,1017,185,208,1017,1
208,239,1105,208,239,1105,208,239,1105,1
239,174,1019,239,174,1019,239,174,1019,1
174,121,1115,174,121,1115,174,121,1115,1
121,146,1080,121,146,1080,121,146,1080,1
146,155,1016,146,155,1016,146,155,1016,1
155,205,1105,155,205,1105,155,205,1105,1
205,198,1008,205,198,1008,205,198,1008,1
198,386,1082,198,386,1082,198,386,1082,1
386,268,1077,386,268,1077,386,268,1077,1
268,123,1003,268,123,1003,268,123,1003,1
123,411,1091,123,411,1091,123,411,1091,1
411,422,1090,411,422,1090,411,422,1090,1
422,416,1086,422,416,1086,422,416,1086,1
416,274,1057,416,274,1057,416,274,1057,1
274,231,974,274,231,974,274,231,974,1
231,132,1035,231,132,1035,231,132,1035,1
132,157,968,132,157,968,132,157,968,1
157,197,1059,157,197,1059,157,197,1059,1
197,203,964,197,203,964,197,203,964,1
203,211,1047,203,211,1047,203,211,1047,1
211,202,959,211,202,959,211,202,959,1
202,403,1054,202,403,1054,202,403,1054,1
403,229,1066,403,229,1066,403,229,1066,1
229,162,966,229,162,966,229,162,966,1
162,255,1079,162,255,1079,162,255,1079,-1
255,137,971,255,137,971,255,137,971,1
137,392,1064,137,392,1064,137,392,1064,1
392,257,1067,392,257,1067,392,257,1067,1
257,160,970,257,160,970,257,160,970,1
160,247,1086,160,247,1086,160,247,1086,1
247,187,966,247,187,966,247,187,966,1
187,231,1092,187,231,1092,187,231,1092,1
231,188,973,231,188,973,231,188,973,1
188,214,1067,188,214,1067,188,214,1067,1
214,182,973,214,182,973,214,182,973,1
182,235,1057,182,235,1057,182,235,1057,1
235,169,986,235,169,986,235,169,986,1
169,242,1078,169,242,1078,169,242,1078,1
242,175,975,242,175,975,242,175,975,1
175,197,1080,175,197,1080,175,197,1080,1
197,235,979,197,235,979,197,235,979,1
235,239,1098,235,239,1098,235,239,1098,1
239,252,995,239,252,995,239,252,995,1
252,165,958,252,165,958,252,165,958,1
165,135,969,165,135,969,165,135,969,1
135,186,1063,135,186,1063,135,186,1063,1
186,203,970,186,203,970,186,203,970,1
203,199,1056,203,199,1056,203,199,1056,1
199,193,971,199,193,971,199,193,971,1
193,203,1071,193,203,1071,193,203,1071,1
203,203,964,203,203,964,203,203,964,1
203,254,1050,203,254,1050,203,254,1050,1
254,155,956,254,155,956,254,155,956,1
155,243,1067,155,243,1067,155,243,1067,1
243,146,974,243,146,974,243,146,974,1
146,271,1053,146,271,1053,146,271,1053,1
271,122,969,271,122,969,271,122,969,1
122,252,1043,122,252,1043,122,252,1043,1
252,145,964,252,145,964,252,145,964,1
145,207,1071,145,207,1071,145,207,1071,1
207,213,937,207,213,937,207,213,937,1
213,270,1028,213,270,1028,213,270,1028,1
270,159,970,270,159,970,270,159,970,1
159,205,1100,159,205,1100,159,205,1100,1
205,220,992,205,220,992,205,220,992,1
220,328,1091,220,328,1091,220,328,1091,1
328,183,981,328,183,981,328,183,981,1
183,147,1018,183,147,1018,183,147,1018,1
147,148,999,147,148,999,147,148,999,1
148,266,1095,148,266,1095,148,266,1095,1
266,154,996,266,154,996,266,154,996,1
154,227,1082,154,227,1082,154,227,1082,1
227,207,991,227,207,991,227,207,991,1
207,236,1128,207,236,1128,207,236,1128,1
236,178,981,236,178,981,236,178,981,1
178,228,1064,178,228,1064,178,228,1064,1
228,157,969,228,157,969,228,157,969,1
157,248,1044,157,248,1044,157,248,1044,1
248,136,950,248,136,950,248,136,950,1
136,402,1044,136,402,1044,136,402,1044,1
402,270,1073,402,270,1073,402,270,1073,1
270,148,951,270,148,951,270,148,951,1
148,191,1055,148,191,1055,148,191,1055,1
191,202,962,191,202,962,191,202,962,1
202,239,1056,202,239,1056,202,239,1056,1
239,155,962,239,155,962,239,155,962,1
155,252,1031,155,252,1031,155,252,1031,1
252,137,965,252,137,965,252,137,965,1
137,402,1043,137,402,1043,137,402,1043,1
402,203,1075,402,203,1075,402,203,1075,1
203,217,978,203,217,978,203,217,978,1
217,214,1068,217,214,1068,217,214,1068,1
214,211,972,214,211,972,214,211,972,1
211,234,1060,211,234,1060,211,234,1060,1
234,190,958,234,190,958,234,190,958,1
190,206,1039,190,206,1039,190,206,1039,1
206,193,965,206,193,965,206,193,965,1
193,218,1039,193,218,1039,193,218,1039,1
218,179,967,218,179,967,218,179,967,1
179,278,1051,179,278,1051,179,278,1051,1
278,147,975,278,147,975,278,147,975,1
147,227,1049,147,227,1049,147,227,1049,1
227,202,972,227,202,972,227,202,972,1
202,305,1098,202,305,1098,202,305,1098,1
305,226,981,305,226,981,305,226,981,1
226,289,1044,226,289,1044,226,289,1044,1
289,205,1046,289,205,1046,289,205,1046,1
205,196,973,205,196,973,205,196,973,1
196,244,1056,196,244,1056,196,244,1056,1
244,182,971,244,182,971,244,182,971,1
182,305,1062,182,305,1062,182,305,1062,1
305,234,963,305,234,963,305,234,963,1
234,122,1022,234,122,1022,234,122,1022,1
122,174,956,122,174,956,122,174,956,1
174,266,1029,174,266,1029,174,266,1029,1
266,126,947,266,126,947,266,126,947,1
126,209,1023,126,209,1023,126,209,1023,1
209,182,959,209,182,959,209,182,959,1
182,259,1047,182,259,1047,182,259,1047,1
259,145,946,259,145,946,259,145,946,1
145,260,1041,145,260,1041,145,260,1041,1
260,162,953,260,162,953,260,162,953,1
162,264,1065,162,264,1065,162,264,1065,1
264,153,958,264,153,958,264,153,958,1
153,210,1053,153,210,1053,153,210,1053,1
210,202,957,210,202,957,210,202,957,1
202,186,1035,202,186,1035,202,186,1035,1
186,208,959,186,208,959,186,208,959,1
208,254,1030,208,254,1030,208,254,1030,1
254,146,961,254,146,961,254,146,961,1
146,422,1064,146,422,1064,146,422,1064,1
422,256,1075,422,256,1075,422,256,1075,1
256,174,960,256,174,960,256,174,960,1
174,234,1051,174,234,1051,174,234,1051,1
234,181,957,234,181,957,234,181,957,1
181,227,1035,181,227,1035,181,227,1035,1
227,171,966,227,171,966,227,171,966,1
171,199,1052,171,199,1052,171,199,1052,1
199,199,963,199,199,963,199,199,963,1
199,439,1067,199,439,1067,199,439,1067,1
439,261,1068,439,261,1068,439,261,1068,1
261,166,972,261,166,972,261,166,972,1
166,209,1065,166,209,1065,166,209,1065,1
209,188,971,209,188,971,209,188,971,1
188,253,1072,188,253,1072,188,253,1072,1
253,131,970,253,131,970,253,131,970,1
131,384,1055,131,384,1055,131,384,1055,1
384,390,1054,384,390,1054,384,390,1054,1
390,238,1065,390,238,1065,390,238,1065,1
238,164,963,238,164,963,238,164,963,1
164,222,1079,164,222,1079,164,222,1079,1
222,175,971,222,175,971,222,175,971,1
175,201,1071,175,201,1071,175,201,1071,1
201,196,960,201,196,960,201,196,960,1
196,245,1061,196,245,1061,196,245,1061,1
245,140,946,245,140,946,245,140,946,1
140,389,1016,140,389,1016,140,389,1016,1
389,266,1040,389,266,1040,389,266,1040,1
266,148,956,266,148,956,266,148,956,1
148,206,1062,148,206,1062,148,206,1062,1
206,214,959,206,214,959,206,214,959,1
214,218,1047,214,218,1047,214,218,1047,1
218,194,949,218,194,949,218,194,949,1
194,208,1054,194,208,1054,194,208,1054,1
208,178,955,208,178,955,208,178,955,1
178,222,1040,178,222,1040,178,222,1040,1
222,161,953,222,161,953,222,161,953,1
161,189,1044,161,189,1044,161,189,1044,1
189,220,950,189,220,950,189,220,950,1
220,121,1062,220,121,1062,220,121,1062,1
121,293,1027,121,293,1027,121,293,1027,1
293,257,1059,293,257,1059,293,257,1059,1
257,151,977,257,151,977,257,151,977,1
151,401,1096,151,401,1096,151,401,1096,1
401,204,1080,401,204,1080,401,204,1080,1
204,188,987,204,188,987,204,188,987,1
188,217,1079,188,217,1079,188,217,1079,1
217,196,970,217,196,970,217,196,970,1
196,121,1099,196,121,1099,196,121,1099,1
121,305,1059,121,305,1059,121,305,1059,1
305,263,1130,305,263,1130,305,263,1130,1
263,153,1002,263,153,1002,263,153,1002,1
153,282,1075,153,282,1075,153,282,1075,1
282,124,993,282,124,993,282,124,993,1
124,254,1084,124,254,1084,124,254,1084,1
254,137,993,254,137,993,254,137,993,1
137,187,1075,137,187,1075,137,187,1075,1
187,202,997,187,202,997,187,202,997,1
202,251,1064,202,251,1064,202,251,1064,1
251,159,985,251,159,985,251,159,985,1
159,207,1107,159,207,1107,159,207,1107,1
207,207,993,207,207,993,207,207,993,1
207,293,1093,207,293,1093,207,293,1093,1
293,234,993,293,234,993,293,234,993,1
234,277,1055,234,277,1055,234,277,1055,1
277,271,1063,277,271,1063,277,271,1063,1
271,122,980,271,122,980,271,122,980,1
122,411,1074,122,411,1074,122,411,1074,1
411,210,1104,411,210,1104,411,210,1104,1
210,218,981,210,218,981,210,218,981,1
218,412,1091,218,412,1091,218,412,1091,-1
412,237,1043,412,237,1043,412,237,1043,1
237,159,976,237,159,976,237,159,976,1
159,204,1076,159,204,1076,159,204,1076,1
204,189,973,204,189,973,204,189,973,1
189,280,1054,189,280,1054,189,280,1054,1
280,130,969,280,130,969,280,130,969,1
130,121,1067,130,121,1067,130,121,1067,1
121,150,1034,121,150,1034,121,150,1034,1
150,160,963,150,160,963,150,160,963,1
160,263,1075,160,263,1075,160,263,1075,1
263,156,972,263,156,972,263,156,972,1
156,410,1063,156,410,1063,156,410,1063,1
410,401,1039,410,401,1039,410,401,1039,1
401,239,1047,401,239,1047,401,239,1047,1
239,166,966,239,166,966,239,166,966,-1
166,185,1070,166,185,1070,166,185,1070,1
185,229,958,185,229,958,185,229,958,1
229,242,1064,229,242,1064,229,242,1064,1
242,183,957,242,183,957,242,183,957,1
183,258,1089,183,258,1089,183,258,1089,1
258,149,971,258,149,971,258,149,971,1
149,210,1053,149,210,1053,149,210,1053,1
210,185,954,210,185,954,210,185,954,1
185,391,1028,185,391,1028,185,391,1028,1
391,260,1023,391,260,1023,391,260,1023,1
260,148,955,260,148,955,260,148,955,1
148,286,1063,148,286,1063,148,286,1063,1
286,145,966,286,145,966,286,145,966,1
145,203,1069,145,203,1069,145,203,1069,1
203,209,970,203,209,970,203,209,970,1
209,229,1055,209,229,1055,209,229,1055,1
229,162,958,229,162,958,229,162,958,1
162,190,1042,162,190,1042,162,190,1042,1
190,202,973,190,202,973,190,202,973,-1
202,264,1062,202,264,1062,202,264,1062,1
264,146,979,264,146,979,264,146,979,1
146,438,1068,146,438,1068,146,438,1068,1
438,427,1077,438,427,1077,438,427,1077,1
427,282,1065,427,282,1065,427,282,1065,1
282,125,955,282,125,955,282,125,955,1
125,265,1049,125,265,1049,125,265,1049,1
265,147,963,265,147,963,265,147,963,1
147,205,1037,147,205,1037,147,205,1037,1
205,215,948,205,215,948,205,215,948,1
215,206,1053,215,206,1053,215,206,1053,1
206,222,960,206,222,960,206,222,960,1
222,224,1058,222,224,1058,222,224,1058,1
224,198,954,224,198,954,224,198,954,1
198,194,1052,198,194,1052,198,194,1052,1
194,205,954,194,205,954,194,205,954,1
205,260,1046,205,260,1046,205,260,1046,1
260,133,970,260,133,970,260,133,970,1
133,182,1054,133,182,1054,133,182,1054,1
182,210,961,182,210,961,182,210,961,1
210,204,1065,210,204,1065,210,204,1065,1
204,205,954,204,205,954,204,205,954,1
205,242,1051,205,242,1051,205,242,1051,1
242,182,960,242,182,960,242,182,960,1
182,404,1068,182,404,1068,182,404,1068,1
404,255,1058,404,255,1058,404,255,1058,1
255,133,969,255,133,969,255,133,969,1
133,399,1042,133,399,1042,133,399,1042,1
399,249,1093,399,249,1093,399,249,1093,1
249,173,971,249,173,971,249,173,971,1
173,434,1088,173,434,1088,173,434,1088,1
434,225,1089,434,225,1089,434,225,1089,1
225,193,952,225,193,952,225,193,952,1
193,390,1054,193,390,1054,193,390,1054,1
390,400,1034,390,400,1034,390,400,1034,1
400,226,1050,400,226,1050,400,226,1050,1
226,183,949,226,183,949,226,183,949,1
183,227,1053,183,227,1053,183,227,1053,1
227,194,961,227,194,961,227,194,961,1
194,203,1064,194,203,1064,194,203,1064,1
203,214,947,203,214,947,203,214,947,1
214,251,1057,214,251,1057,214,251,1057,1
251,150,949,251,150,949,251,150,949,1
150,278,1043,150,278,1043,150,278,1043,1
278,123,948,278,123,948,278,123,948,1
123,232,1028,123,232,1028,123,232,1028,1
232,174,952,232,174,952,232,174,952,1
174,294,1044,174,294,1044,174,294,1044,1
294,127,949,294,127,949,294,127,949,1
127,239,1066,127,239,1066,127,239,1066,1
239,187,961,239,187,961,239,187,961,1
187,231,1064,187,231,1064,187,231,1064,1
231,173,969,231,173,969,231,173,969,1
173,244,1041,173,244,1041,173,244,1041,1
244,141,956,244,141,956,244,141,956,1
141,384,1049,141,384,1049,141,384,1049,1
384,229,1070,384,229,1070,384,229,1070,1
229,179,969,229,179,969,229,179,969,1
179,253,1107,179,253,1107,179,253,1107,1
253,176,965,253,176,965,253,176,965,-1
176,265,1095,176,265,1095,176,265,1095,1
265,141,949,265,141,949,265,141,949,1
141,388,1048,141,388,1048,141,388,1048,1
388,225,1015,388,225,1015,388,225,1015,1
225,172,942,225,172,942,225,172,942,1
172,272,1056,172,272,1056,172,272,1056,1
272,153,945,272,153,945,272,153,945,1
153,295,1076,153,295,1076,153,295,1076,1
295,135,954,295,135,954,295,135,954,1
135,239,1052,135,239,1052,135,239,1052,1
239,177,953,239,177,953,239,177,953,1
177,197,1052,177,197,1052,177,197,1052,1
197,202,955,197,202,955,197,202,955,1
202,398,1050,202,398,1050,202,398,1050,1
398,222,1042,398,222,1042,398,222,1042,1
222,190,918,222,190,918,222,190,918,1
190,209,1031,190,209,1031,190,209,1031,1
209,212,991,209,212,991,209,212,991,1
212,272,1141,212,272,1141,212,272,1141,1
272,147,996,272,147,996,272,147,996,1
147,408,1115,147,408,1115,147,408,1115,1
408,211,1056,408,211,1056,408,211,1056,1
211,177,965,211,177,965,211,177,965,1
177,190,1063,177,190,1063,177,190,1063,1
190,207,976,190,207,976,190,207,976,1
207,214,1052,207,214,1052,207,214,1052,1
214,205,969,214,205,969,214,205,969,1
205,430,1087,205,430,1087,205,430,1087,1
430,281,1057,430,281,1057,430,281,1057,1
281,133,966,281,133,966,281,133,966,1
133,394,1068,133,394,1068,133,394,1068,1
394,246,1045,394,246,1045,394,246,1045,1
246,155,953,246,155,953,246,155,953,1
155,219,1056,155,219,1056,155,219,1056,1
219,219,957,219,219,957,219,219,957,1
219,434,1086,219,434,1086,219,434,1086,1
434,286,1050,434,286,1050,434,286,1050,1
286,136,964,286,136,964,286,136,964,1
136,290,1052,136,290,1052,136,290,1052,1
290,225,967,290,225,967,290,225,967,1
225,132,1033,225,132,1033,225,132,1033,1
132,166,960,132,166,960,132,166,960,1
166,275,1081,166,275,1081,166,275,1081,1
275,153,974,275,153,974,275,153,974,1
153,420,1086,153,420,1086,153,420,1086,1
420,239,1078,420,239,1078,420,239,1078,1
239,180,973,239,180,973,239,180,973,1
180,390,1071,180,390,1071,180,390,1071,1
390,247,1057,390,247,1057,390,247,1057,1
247,136,973,247,136,973,247,136,973,1
136,400,1055,136,400,1055,136,400,1055,1
400,123,1079,400,123,1079,400,123,1079,1
123,131,1024,123,131,1024,123,131,1024,1
131,171,968,131,171,968,131,171,968,1
171,421,1057,171,421,1057,171,421,1057,1
421,229,1064,421,229,1064,421,229,1064,1
229,171,951,229,171,951,229,171,951,1
171,384,1025,171,384,1025,171,384,1025,1
384,254,1021,384,254,1021,384,254,1021,1
254,143,954,254,143,954,254,143,954,-1
143,216,1054,143,216,1054,143,216,1054,1
216,204,952,216,204,952,216,204,952,1
204,415,1042,204,415,1042,204,415,1042,1
415,226,1043,415,226,1043,415,226,1043,1
226,177,942,226,177,942,226,177,942,1
177,227,1028,177,227,1028,177,227,1028,1
227,220,970,227,220,970,227,220,970,1
220,151,948,220,151,948,220,151,948,1
151,173,954,151,173,954,151,173,954,1
173,255,1048,173,255,1048,173,255,1048,1
255,156,945,255,156,945,255,156,945,1
156,275,1070,156,275,1070,156,275,1070,1
275,140,963,275,140,963,275,140,963,1
140,199,1071,140,199,1071,140,199,1071,1
199,210,964,199,210,964,199,210,964,1
210,192,1072,210,192,1072,210,192,1072,1
192,204,963,192,204,963,192,204,963,1
204,391,1045,204,391,1045,204,391,1045,1
391,185,1061,391,185,1061,391,185,1061,1
185,221,981,185,221,981,185,221,981,1
221,238,1072,221,238,1072,221,238,1072,1
238,187,972,238,187,972,238,187,972,1
187,206,1075,187,206,1075,187,206,1075,1
206,219,966,206,219,966,206,219,966,1
219,406,1083,219,406,1083,219,406,1083,1
406,393,1053,406,393,1053,406,393,1053,-1
393,393,1054,393,393,1054,393,393,1054,1
393,266,1066,393,266,1066,393,266,1066,1
266,164,975,266,164,975,266,164,975,1
164,121,1053,164,121,1053,164,121,1053,1
121,184,1052,121,184,1052,121,184,1052,1
184,230,978,184,230,978,184,230,978,1
230,123,1033,230,123,1033,230,123,1033,1
123,266,992,123,266,992,123,266,992,1
266,136,949,266,136,949,266,136,949,1
136,136,965,136,136,965,136,136,965,1
136,203,1028,136,203,1028,136,203,1028,1
203,179,959,203,179,959,203,179,959,1
179,187,1040,179,187,1040,179,187,1040,1
187,220,957,187,220,957,187,220,957,1
220,262,1082,220,262,1082,220,262,1082,1
262,135,962,262,135,962,262,135,962,1
135,280,1057,135,280,1057,135,280,1057,1
280,231,970,280,231,970,280,231,970,1
231,281,1040,231,281,1040,231,281,1040,1
281,243,1045,281,243,1045,281,243,1045,1
243,145,967,243,145,967,243,145,967,1
145,264,1064,145,264,1064,145,264,1064,1
264,137,967,264,137,967,264,137,967,1
137,190,1077,137,190,1077,137,190,1077,1
190,234,960,190,234,960,190,234,960,1
234,200,1073,234,200,1073,234,200,1073,1
200,224,958,200,224,958,200,224,958,1
224,239,1053,224,239,1053,224,239,1053,1
239,174,953,239,174,953,239,174,953,1
174,215,1045,174,215,1045,174,215,1045,1
215,178,918,215,178,918,215,178,918,1
178,236,1024,178,236,1024,178,236,1024,1
236,149,952,236,149,952,236,149,952,1
149,230,1039,149,230,1039,149,230,1039,1
230,184,963,230,184,963,230,184,963,1
184,125,1076,184,125,1076,184,125,1076,-1
125,134,1028,125,134,1028,125,134,1028,1
134,170,966,134,170,966,134,170,966,1
170,242,1070,170,242,1070,170,242,1070,1
242,167,977,242,167,977,242,167,977,1
167,244,1064,167,244,1064,167,244,1064,1
244,153,980,244,153,980,244,153,980,1
153,186,1062,153,186,1062,153,186,1062,1
186,203,968,186,203,968,186,203,968,1
203,233,1046,203,233,1046,203,233,1046,1
233,338,998,233,338,998,233,338,998,1
338,235,961,338,235,961,338,235,961,1
235,197,1068,235,197,1068,235,197,1068,1
197,204,977,197,204,977,197,204,977,1
204,379,1052,204,379,1052,204,379,1052,1
379,204,1044,379,204,1044,379,204,1044,1
204,174,958,204,174,958,204,174,958,1
174,389,1040,174,389,1040,174,389,1040,1
389,207,1077,389,207,1077,389,207,1077,1
207,200,974,207,200,974,207,200,974,1
200,202,1059,200,202,1059,200,202,1059,1
202,206,969,202,206,969,202,206,969,1
206,193,1067,206,193,1067,206,193,1067,1
193,214,969,193,214,969,193,214,969,1
214,218,1079,214,218,1079,214,218,1079,1
218,180,975,218,180,975,218,180,975,1
180,260,1042,180,260,1042,180,260,1042,1
260,131,977,260,131,977,260,131,977,1
131,190,1069,131,190,1069,131,190,1069,1
190,219,984,190,219,984,190,219,984,1
219,270,1092,219,270,1092,219,270,1092,1
270,160,979,270,160,979,270,160,979,1
160,255,1095,160,255,1095,160,255,1095,1
255,167,972,255,167,972,255,167,972,1
167,241,1083,167,241,1083,167,241,1083,1
241,151,969,241,151,969,241,151,969,1
151,261,1049,151,261,1049,151,261,1049,1
261,138,984,261,138,984,261,138,984,1
138,254,1071,138,254,1071,138,254,1071,1
254,159,986,254,159,986,254,159,986,1
159,215,1091,159,215,1091,159,215,1091,1
215,221,987,215,221,987,215,221,987,1
221,282,1101,221,282,1101,221,282,1101,1
282,141,991,282,141,991,282,141,991,1
141,215,1091,141,215,1091,141,215,1091,1
215,184,985,215,184,985,215,184,985,1
184,241,1074,184,241,1074,184,241,1074,1
241,162,991,241,162,991,241,162,991,1
162,210,1083,162,210,1083,162,210,1083,1
210,198,988,210,198,988,210,198,988,1
198,199,1081,198,199,1081,198,199,1081,1
199,220,978,199,220,978,199,220,978,1
220,248,1080,220,248,1080,220,248,1080,1
248,175,965,248,175,965,248,175,965,1
175,257,1075,175,257,1075,175,257,1075,1
257,145,951,257,145,951,257,145,951,1
145,398,1041,145,398,1041,145,398,1041,1
398,201,1067,398,201,1067,398,201,1067,1
201,194,961,201,194,961,201,194,961,1
194,224,1061,194,224,1061,194,224,1061,1
224,196,946,224,196,946,224,196,946,1
196,280,1046,196,280,1046,196,280,1046,1
280,154,994,280,154,994,280,154,994,1
154,271,1122,154,271,1122,154,271,1122,1
271,147,989,271,147,989,271,147,989,1
147,393,1105,147,393,1105,147,393,1105,1
393,394,1042,393,394,1042,393,394,1042,1
394,228,1084,394,228,1084,394,228,1084,1
228,185,982,228,185,982,228,185,982,1
185,235,1122,185,235,1122,185,235,1122,1
235,185,988,235,185,988,235,185,988,1
185,240,1102,185,240,1102,185,240,1102,1
240,165,989,240,165,989,240,165,989,1
165,204,1065,165,204,1065,165,204,1065,1
204,176,980,204,176,980,204,176,980,1
176,385,1057,176,385,1057,176,385,1057,1
385,222,1081,385,222,1081,385,222,1081,1
222,191,982,222,191,982,222,191,982,1
191,235,1079,191,235,1079,191,235,1079,1
235,186,972,235,186,972,235,186,972,1
186,223,1088,186,223,1088,186,223,1088,1
223,183,967,223,183,967,223,183,967,1
183,234,1060,183,234,1060,183,234,1060,1
234,171,971,234,171,971,234,171,971,1
171,281,1058,171,281,1058,171,281,1058,1
281,231,982,281,231,982,281,231,982,1
231,140,1059,231,140,1059,231,140,1059,1
140,161,980,140,161,980,140,161,980,1
161,272,1070,161,272,1070,161,272,1070,1
272,156,979,272,156,979,272,156,979,1
156,213,1094,156,213,1094,156,213,1094,1
213,223,982,213,223,982,213,223,982,1
223,255,1087,223,255,1087,223,255,1087,1
255,166,978,255,166,978,255,166,978,1
166,264,1076,166,264,1076,166,264,1076,1
264,135,988,264,135,988,264,135,988,1
135,404,1060,135,404,1060,135,404,1060,1
404,218,1089,404,218,1089,404,218,1089,1
218,206,985,218,206,985,218,206,985,1
206,121,1095,206,121,1095,206,121,1095,1
121,312,1053,121,312,1053,121,312,1053,1
312,216,1101,312,216,1101,312,216,1101,1
216,197,987,216,197,987,216,197,987,1
197,262,1075,197,262,1075,197,262,1075,1
262,133,992,262,133,992,262,133,992,1
133,204,1066,133,204,1066,133,204,1066,1
204,199,988,204,199,988,204,199,988,1
199,303,1079,199,303,1079,199,303,1079,1
303,128,984,303,128,984,303,128,984,1
128,199,1107,128,199,1107,128,199,1107,1
199,229,992,199,229,992,199,229,992,1
229,296,1096,229,296,1096,229,296,1096,1
296,127,988,296,127,988,296,127,988,1
127,230,1086,127,230,1086,127,230,1086,1
230,179,977,230,179,977,230,179,977,1
179,213,1076,179,213,1076,179,213,1076,1
213,197,974,213,197,974,213,197,974,1
197,248,1083,197,248,1083,197,248,1083,1
248,176,975,248,176,975,248,176,975,1
176,266,1065,176,266,1065,176,266,1065,1
266,168,975,266,168,975,266,168,975,1
168,254,1090,168,254,1090,168,254,1090,1
254,123,1012,254,123,1012,254,123,1012,1
123,219,1105,123,219,1105,123,219,1105,1
219,246,974,219,246,974,219,246,974,1
246,246,1069,246,246,1069,246,246,1069,-1
246,154,965,246,154,965,246,154,965,1
154,230,1055,154,230,1055,154,230,1055,1
230,184,995,230,184,995,230,184,995,1
184,245,1087,184,245,1087,184,245,1087,1
245,186,994,245,186,994,245,186,994,1
186,429,1091,186,429,1091,186,429,1091,1
429,406,1103,429,406,1103,429,406,1103,1
406,192,1088,406,192,1088,406,192,1088,1
192,202,1016,192,202,1016,192,202,1016,1
202,223,1056,202,223,1056,202,223,1056,1
223,193,997,223,193,997,223,193,997,1
193,124,1114,193,124,1114,193,124,1114,-1
124,160,1073,124,160,1073,124,160,1073,1
160,148,1000,160,148,1000,160,148,1000,1
148,418,1092,148,418,1092,148,418,1092,1
418,269,1069,418,269,1069,418,269,1069,1
269,141,987,269,141,987,269,141,987,1
141,391,1065,141,391,1065,141,391,1065,-1
391,403,1031,391,403,1031,391,403,1031,1
403,239,1053,403,239,1053,403,239,1053,1
239,178,972,239,178,972,239,178,972,1
178,266,1073,178,266,1073,178,266,1073,1
266,152,984,266,152,984,266,152,984,1
152,268,1090,152,268,1090,152,268,1090,-1
268,151,980,268,151,980,268,151,980,1
151,257,1070,151,257,1070,151,257,1070,1
257,140,982,257,140,982,257,140,982,1
140,226,1057,140,226,1057,140,226,1057,1
226,165,973,226,165,973,226,165,973,1
165,280,1048,165,280,1048,165,280,1048,-1
280,136,980,280,136,980,280,136,980,1
136,257,1117,136,257,1117,136,257,1117,1
257,170,983,257,170,983,257,170,983,1
170,204,1074,170,204,1074,170,204,1074,1
204,219,974,204,219,974,204,219,974,1
219,243,1043,219,243,1043,219,243,1043,1
243,151,970,243,151,970,243,151,970,1
151,383,1049,151,383,1049,151,383,1049,1
383,226,1033,383,226,1033,383,226,1033,1
226,180,975,226,180,975,226,180,975,1
180,209,1100,180,209,1100,180,209,1100,1
209,215,978,209,215,978,209,215,978,-1
215,199,1110,215,199,1110,215,199,1110,1
199,209,984,199,209,984,199,209,984,1
209,400,1071,209,400,1071,209,400,1071,1
400,262,1068,400,262,1068,400,262,1068,1
262,126,988,262,126,988,262,126,988,1
126,258,1062,126,258,1062,126,258,1062,1
258,152,987,258,152,987,258,152,987,1
152,432,1126,152,432,1126,152,432,1126,1
432,122,1072,432,122,1072,432,122,1072,1
122,139,1040,122,139,1040,122,139,1040,1
139,165,973,139,165,973,139,165,973,1
165,422,1076,165,422,1076,165,422,1076,1
422,256,1063,422,256,1063,422,256,1063,1
256,147,967,256,147,967,256,147,967,1
147,200,1064,147,200,1064,147,200,1064,1
200,199,971,200,199,971,200,199,971,1
199,258,1043,199,258,1043,199,258,1043,1
258,163,968,258,163,968,258,163,968,-1
163,212,1069,163,212,1069,163,212,1069,1
212,218,982,212,218,982,212,218,982,1
218,277,1096,218,277,1096,218,277,1096,1
277,139,967,277,139,967,277,139,967,1
139,251,1042,139,251,1042,139,251,1042,1
251,141,974,251,141,974,251,141,974,1
141,381,1032,141,381,1032,141,381,1032,1
381,409,1060,381,409,1060,381,409,1060,-1
409,121,1060,409,121,1060,409,121,1060,1
121,137,1035,121,137,1035,121,137,1035,1
137,152,967,137,152,967,137,152,967,1
152,252,1061,152,252,1061,152,252,1061,1
252,150,969,252,150,969,252,150,969,1
150,246,1075,150,246,1075,150,246,1075,1
246,136,950,246,136,950,246,136,950,1
136,384,1024,136,384,1024,136,384,1024,1
384,263,1051,384,263,1051,384,263,1051,1
263,142,964,263,142,964,263,142,964,1
142,243,1082,142,243,1082,142,243,1082,-1
243,192,958,243,192,958,243,192,958,1
192,275,1066,192,275,1066,192,275,1066,1
275,157,954,275,157,954,275,157,954,1
157,424,1066,157,424,1066,157,424,1066,1
424,216,1042,424,216,1042,424,216,1042,1
216,198,958,216,198,958,216,198,958,1
198,248,1033,198,248,1033,198,248,1033,1
248,159,953,248,159,953,248,159,953,1
159,214,1017,159,214,1017,159,214,1017,1
214,208,951,214,208,951,214,208,951,1
208,242,1059,208,242,1059,208,242,1059,1
242,184,955,242,184,955,242,184,955,1
184,417,1061,184,417,1061,184,417,1061,1
417,198,1069,417,198,1069,417,198,1069,1
198,197,972,198,197,972,198,197,972,1
197,392,1023,197,392,1023,197,392,1023,1
392,229,1056,392,229,1056,392,229,1056,1
229,180,952,229,180,952,229,180,952,1
180,261,1071,180,261,1071,180,261,1071,1
261,169,952,261,169,952,261,169,952,1
169,413,1055,169,413,1055,169,413,1055,1
413,210,1041,413,210,1041,413,210,1041,1
210,186,957,210,186,957,210,186,957,1
186,196,1018,186,196,1018,186,196,1018,1
196,177,967,196,177,967,196,177,967,1
177,319,1035,177,319,1035,177,319,1035,1
319,450,1066,319,450,1066,319,450,1066,1
450,202,1135,450,202,1135,450,202,1135,1
202,241,977,202,241,977,202,241,977,1
241,216,1081,241,216,1081,241,216,1081,1
216,207,992,216,207,992,216,207,992,1
207,220,1056,207,220,1056,207,220,1056,1
220,211,973,220,211,973,220,211,973,1
211,232,1072,211,232,1072,211,232,1072,1
232,197,958,232,197,958,232,197,958,1
197,213,1045,197,213,1045,197,213,1045,1
213,220,946,213,220,946,213,220,946,1
220,286,1084,220,286,1084,220,286,1084,1
286,144,987,286,144,987,286,144,987,1
144,287,1093,144,287,1093,144,287,1093,1
287,134,954,287,134,954,287,134,954,1
134,198,1062,134,198,1062,134,198,1062,1
198,188,993,198,188,993,198,188,993,1
188,369,1043,188,369,1043,188,369,1043,1
369,203,1055,369,203,1055,369,203,1055,1
203,176,973,203,176,973,203,176,973,1
176,204,1053,176,204,1053,176,204,1053,1
204,195,954,204,195,954,204,195,954,1
195,270,1073,195,270,1073,195,270,1073,1
270,135,969,270,135,969,270,135,969,1
135,198,1074,135,198,1074,135,198,1074,1
198,197,977,198,197,977,198,197,977,1
197,206,1044,197,206,1044,197,206,1044,1
206,192,977,206,192,977,206,192,977,1
192,266,1075,192,266,1075,192,266,1075,1
266,145,983,266,145,983,266,145,983,1
145,122,1092,145,122,1092,145,122,1092,-1
122,129,1055,122,129,1055,122,129,1055,-1
129,187,994,129,187,994,129,187,994,-1
187,121,1077,187,121,1077,187,121,1077,1
121,141,1045,121,141,1045,121,141,1045,1
141,162,987,141,162,987,141,162,987,1
162,399,1084,162,399,1084,162,399,1084,1
399,222,1048,399,222,1048,399,222,1048,1
222,177,972,222,177,972,222,177,972,1
177,229,1050,177,229,1050,177,229,1050,-1
229,180,973,229,180,973,229,180,973,1
180,267,1073,180,267,1073,180,267,1073,1
267,157,975,267,157,975,267,157,975,-1
157,254,1078,157,254,1078,157,254,1078,1
254,170,984,254,170,984,254,170,984,1
170,275,1059,170,275,1059,170,275,1059,-1
275,133,987,275,133,987,275,133,987,1
133,223,1051,133,223,1051,133,223,1051,1
223,228,994,223,228,994,223,228,994,1
228,165,991,228,165,991,228,165,991,-1
165,169,986,165,169,986,165,169,986,1
169,122,1100,169,122,1100,169,122,1100,1
122,141,1057,122,141,1057,122,141,1057,1
141,149,993,141,149,993,141,149,993,1
149,265,1077,149,265,1077,149,265,1077,-1
265,143,973,265,143,973,265,143,973,1
143,403,1077,143,403,1077,143,403,1077,1
403,382,1065,403,382,1065,403,382,1065,-1
382,221,1054,382,221,1054,382,221,1054,1
221,160,983,221,160,983,221,160,983,1
160,182,1055,160,182,1055,160,182,1055,-1
182,219,975,182,219,975,182,219,975,-1
219,205,1067,219,205,1067,219,205,1067,1
205,219,975,205,219,975,205,219,975,1
219,291,1058,219,291,1058,219,291,1058,1
291,127,962,291,127,962,291,127,962,-1
127,192,1047,127,192,1047,127,192,1047,1
192,205,960,192,205,960,192,205,960,1
205,396,1029,205,396,1029,205,396,1029,1
396,195,1062,396,195,1062,396,195,1062,-1
195,218,978,195,218,978,195,218,978,1
218,205,1078,218,205,1078,218,205,1078,1
205,219,966,205,219,966,205,219,966,1
219,417,1052,219,417,1052,219,417,1052,1
417,256,1021,417,256,1021,417,256,1021,1
256,151,965,256,151,965,256,151,965,-1
151,186,1040,151,186,1040,151,186,1040,1
186,209,958,186,209,958,186,209,958,1
209,206,1042,209,206,1042,209,206,1042,1
206,192,962,206,192,962,206,192,962,-1
192,275,1031,192,275,1031,192,275,1031,1
275,141,958,275,141,958,275,141,958,1
141,423,1042,141,423,1042,141,423,1042,-1
423,223,1044,423,223,1044,423,223,1044,1
223,188,926,223,188,926,223,188,926,1
188,252,981,188,252,981,188,252,981,1
252,139,946,252,139,946,252,139,946,1
139,201,1060,139,201,1060,139,201,1060,1
201,188,998,201,188,998,201,188,998,1
188,265,1063,188,265,1063,188,265,1063,1
265,147,984,265,147,984,265,147,984,1
147,210,1061,147,210,1061,147,210,1061,1
210,221,963,210,221,963,210,221,963,1
221,121,1057,221,121,1057,221,121,1057,1
121,305,1019,121,305,1019,121,305,1019,1
305,210,1037,305,210,1037,305,210,1037,1
210,191,960,210,191,960,210,191,960,1
191,182,1033,191,182,1033,191,182,1033,-1
182,216,964,182,216,964,182,216,964,1
216,264,1045,216,264,1045,216,264,1045,1
264,160,970,264,160,970,264,160,970,1
160,238,1072,160,238,1072,160,238,1072,-1
238,195,970,238,195,970,238,195,970,1
195,211,1044,195,211,1044,195,211,1044,1
211,202,967,211,202,967,211,202,967,1
202,206,1054,202,206,1054,202,206,1054,1
206,190,966,206,190,966,206,190,966,1
190,388,1033,190,388,1033,190,388,1033,1
388,202,1060,388,202,1060,388,202,1060,1
202,194,964,202,194,964,202,194,964,1
194,205,1077,194,205,1077,194,205,1077,-1
205,203,978,205,203,978,205,203,978,1
203,281,1042,203,281,1042,203,281,1042,1
281,125,875,281,125,875,281,125,875,1
125,253,1041,125,253,1041,125,253,1041,1
253,231,1000,253,231,1000,253,231,1000,1
231,134,993,231,134,993,231,134,993,1
134,157,988,134,157,988,134,157,988,1
157,218,1077,157,218,1077,157,218,1077,1
218,153,988,218,153,988,218,153,988,1
153,241,1056,153,241,1056,153,241,1056,1
241,143,897,241,143,897,241,143,897,1
143,389,948,143,389,948,143,389,948,1
389,194,1161,389,194,1161,389,194,1161,1
194,194,1041,194,194,1041,194,194,1041,1
194,292,1124,194,292,1124,194,292,1124,1
292,191,994,292,191,994,292,191,994,1
191,261,1050,191,261,1050,191,261,1050,1
261,207,1071,261,207,1071,261,207,1071,1
207,173,965,207,173,965,207,173,965,1
173,121,1062,173,121,1062,173,121,1062,1
121,121,1036,121,121,1036,121,121,1036,1
121,168,969,121,168,969,121,168,969,1
168,257,1061,168,257,1061,168,257,1061,1
257,146,966,257,146,966,257,146,966,-1
146,283,1071,146,283,1071,146,283,1071,1
283,231,972,283,231,972,283,231,972,1
231,267,1039,231,267,1039,231,267,1039,1
267,217,1051,267,217,1051,267,217,1051,1
217,169,949,217,169,949,217,169,949,1
169,217,1032,169,217,1032,169,217,1032,1
217,181,942,217,181,942,217,181,942,1
181,241,1051,181,241,1051,181,241,1051,1
241,168,950,241,168,950,241,168,950,1
168,223,1040,168,223,1040,168,223,1040,1
223,191,952,223,191,952,223,191,952,1
191,253,1069,191,253,1069,191,253,1069,1
253,152,965,253,152,965,253,152,965,1
152,267,1053,152,267,1053,152,267,1053,1
267,121,984,267,121,984,267,121,984,1
121,177,1046,121,177,1046,121,177,1046,1
177,219,978,177,219,978,177,219,978,1
219,238,1079,219,238,1079,219,238,1079,1
238,178,973,238,178,973,238,178,973,1
178,310,1075,178,310,1075,178,310,1075,1
310,237,979,310,237,979,310,237,979,1
237,297,1052,237,297,1052,237,297,1052,1
297,276,1071,297,276,1071,297,276,1071,1
276,225,989,276,225,989,276,225,989,1
225,166,1052,225,166,1052,225,166,1052,1
166,122,990,166,122,990,166,122,990,1
122,238,1068,122,238,1068,122,238,1068,1
238,185,982,238,185,982,238,185,982,1
185,199,1107,185,199,1107,185,199,1107,1
199,221,1003,199,221,1003,199,221,1003,1
221,207,1085,221,207,1085,221,207,1085,1
207,194,1002,207,194,1002,207,194,1002,1
194,207,1066,194,207,1066,194,207,1066,1
207,183,983,207,183,983,207,183,983,1
183,220,1064,183,220,1064,183,220,1064,1
220,169,974,220,169,974,220,169,974,1
169,249,1062,169,249,1062,169,249,1062,1
249,160,988,249,160,988,249,160,988,1
160,219,1084,160,219,1084,160,219,1084,1
219,193,970,219,193,970,219,193,970,1
193,215,1068,193,215,1068,193,215,1068,1
215,196,946,215,196,946,215,196,946,1
196,220,1048,196,220,1048,196,220,1048,1
220,185,946,220,185,946,220,185,946,1
185,219,1021,185,219,1021,185,219,1021,1
219,173,952,219,173,952,219,173,952,1
173,395,1024,173,395,1024,173,395,1024,1
395,227,1067,395,227,1067,395,227,1067,1
227,195,976,227,195,976,227,195,976,1
195,250,1069,195,250,1069,195,250,1069,1
250,174,989,250,174,989,250,174,989,1
174,296,1069,174,296,1069,174,296,1069,1
296,123,988,296,123,988,296,123,988,1
123,392,1083,123,392,1083,123,392,1083,1
392,247,1053,392,247,1053,392,247,1053,1
247,150,995,247,150,995,247,150,995,1
150,282,1103,150,282,1103,150,282,1103,1
282,146,991,282,146,991,282,146,991,1
146,223,1092,146,223,1092,146,223,1092,1
223,204,992,223,204,992,223,204,992,1
204,204,1106,204,204,1106,204,204,1106,1
204,204,996,204,204,996,204,204,996,1
204,213,1067,204,213,1067,204,213,1067,1
213,183,999,213,183,999,213,183,999,1
183,225,1069,183,225,1069,183,225,1069,1
225,164,991,225,164,991,225,164,991,1
164,407,1072,164,407,1072,164,407,1072,1
407,407,1079,407,407,1079,407,407,1079,1
407,297,1083,407,297,1083,407,297,1083,1
297,221,957,297,221,957,297,221,957,1
221,172,1016,221,172,1016,221,172,1016,1
172,225,959,172,225,959,172,225,959,1
225,272,1069,225,272,1069,225,272,1069,1
272,198,1026,272,198,1026,272,198,1026,1
198,192,969,198,192,969,198,192,969,1
192,265,1057,192,265,1057,192,265,1057,1
265,149,968,265,149,968,265,149,968,1
149,263,1071,149,263,1071,149,263,1071,1
263,158,980,263,158,980,263,158,980,1
158,201,1045,158,201,1045,158,201,1045,1
201,209,974,201,209,974,201,209,974,1
209,394,1037,209,394,1037,209,394,1037,1
394,387,1048,394,387,1048,394,387,1048,1
387,274,1053,387,274,1053,387,274,1053,1
274,132,972,274,132,972,274,132,972,1
132,206,1081,132,206,1081,132,206,1081,1
206,214,968,206,214,968,206,214,968,1
214,254,1059,214,254,1059,214,254,1059,1
254,151,976,254,151,976,254,151,976,1
151,179,1059,151,179,1059,151,179,1059,1
179,203,969,179,203,969,179,203,969,1
203,205,1034,203,205,1034,203,205,1034,1
205,181,964,205,181,964,205,181,964,1
181,398,1048,181,398,1048,181,398,1048,1
398,296,1065,398,296,1065,398,296,1065,1
296,125,966,296,125,966,296,125,966,1
125,414,1045,125,414,1045,125,414,1045,1
414,400,1042,414,400,1042,414,400,1042,1
400,398,1041,400,398,1041,400,398,1041,1
398,234,1052,398,234,1052,398,234,1052,1
234,165,968,234,165,968,234,165,968,1
165,232,1079,165,232,1079,165,232,1079,1
232,176,971,232,176,971,232,176,971,1
176,219,1073,176,219,1073,176,219,1073,1
219,198,981,219,198,981,219,198,981,1
198,405,1065,198,405,1065,198,405,1065,1
405,206,1060,405,206,1060,405,206,1060,1
206,186,978,206,186,978,206,186,978,1
186,184,1064,186,184,1064,186,184,1064,1
184,202,984,184,202,984,184,202,984,1
202,388,1005,202,388,1005,202,388,1005,1
388,236,1095,388,236,1095,388,236,1095,1
236,172,977,236,172,977,236,172,977,1
172,207,1109,172,207,1109,172,207,1109,1
207,184,971,207,184,971,207,184,971,1
184,195,1083,184,195,1083,184,195,1083,1
195,165,975,195,165,975,195,165,975,1
165,357,1066,165,357,1066,165,357,1066,1
357,230,1065,357,230,1065,357,230,1065,1
230,133,963,230,133,963,230,133,963,1
133,381,1074,133,381,1074,133,381,1074,1
381,386,1087,381,386,1087,381,386,1087,1
386,368,1083,386,368,1083,386,368,1083,1
368,351,1042,368,351,1042,368,351,1042,1
351,233,1031,351,233,1031,351,233,1031,1
233,130,947,233,130,947,233,130,947,1
130,377,1017,130,377,1017,130,377,1017,1
377,197,1065,377,197,1065,377,197,1065,1
197,209,954,197,209,954,197,209,954,1
209,195,1087,209,195,1087,209,195,1087,1
195,220,984,195,220,984,195,220,984,1
220,235,1079,220,235,1079,220,235,1079,1
235,168,960,235,168,960,235,168,960,1
168,282,1034,168,282,1034,168,282,1034,1
282,224,1025,282,224,1025,282,224,1025,1
224,280,1077,224,280,1077,224,280,1077,1
280,222,1027,280,222,1027,280,222,1027,1
222,180,923,222,180,923,222,180,923,1
180,201,1031,180,201,1031,180,201,1031,1
201,223,929,201,223,929,201,223,929,1
223,265,1075,223,265,1075,223,265,1075,1
265,153,948,265,153,948,265,153,948,1
153,389,1024,153,389,1024,153,389,1024,1
389,200,1018,389,200,1018,389,200,1018,1
200,187,972,200,187,972,200,187,972,1
187,245,974,187,245,974,187,245,974,1
245,149,929,245,149,929,245,149,929,1
149,241,1032,149,241,1032,149,241,1032,1
241,160,980,241,160,980,241,160,980,1
160,191,1122,160,191,1122,160,191,1122,1
191,191,995,191,191,995,191,191,995,1
191,371,1065,191,371,1065,191,371,1065,1
371,218,1012,371,218,1012,371,218,1012,1
218,140,859,218,140,859,218,140,859,1
140,155,907,140,155,907,140,155,907,1
155,132,904,155,132,904,155,132,904,1
132,310,952,132,310,952,132,310,952,1
310,148,1027,310,148,1027,310,148,1027,1
148,373,1109,148,373,1109,148,373,1109,1
373,366,1095,373,366,1095,373,366,1095,1
366,256,1077,366,256,1077,366,256,1077,1
256,199,963,256,199,963,256,199,963,1
199,227,1023,199,227,1023,199,227,1023,1
227,201,1066,227,201,1066,227,201,1066,1
201,130,957,201,130,957,201,130,957,1
130,198,1050,130,198,1050,130,198,1050,1
198,148,957,198,148,957,198,148,957,1
148,231,1056,148,231,1056,148,231,1056,1
231,199,938,231,199,938,231,199,938,1
199,267,951,199,267,951,199,267,951,1
267,338,1050,267,338,1050,267,338,1050,1
338,323,1033,338,323,1033,338,323,1033,1
323,173,1063,323,173,1063,323,173,1063,1
173,146,976,173,146,976,173,146,976,1
146,222,1042,146,222,1042,146,222,1042,1
222,216,941,222,216,941,222,216,941,1
216,239,1027,216,239,1027,216,239,1027,1
239,357,1035,239,357,1035,239,357,1035,1
357,222,1082,357,222,1082,357,222,1082,1
222,123,965,222,123,965,222,123,965,1
123,183,1063,123,183,1063,123,183,1063,1
183,147,970,183,147,970,183,147,970,1
147,329,999,147,329,999,147,329,999,1
329,334,979,329,334,979,329,334,979,1
334,265,1053,334,265,1053,334,265,1053,1
265,200,996,265,200,996,265,200,996,1
200,217,1018,200,217,1018,200,217,1018,1
217,332,1079,217,332,1079,217,332,1079,1
332,326,1063,332,326,1063,332,326,1063,1
326,324,1055,326,324,1055,326,324,1055,1
324,238,1107,324,238,1107,324,238,1107,1
238,256,1018,238,256,1018,238,256,1018,1
256,141,955,256,141,955,256,141,955,1
141,192,1042,141,192,1042,141,192,1042,1
192,145,953,192,145,953,192,145,953,1
145,339,1054,145,339,1054,145,339,1054,1
339,338,1042,339,338,1042,339,338,1042,1
338,321,1040,338,321,1040,338,321,1040,1
321,238,1068,321,238,1068,321,238,1068,1
238,177,985,238,177,985,238,177,985,1
177,209,1050,177,209,1050,177,209,1050,1
209,203,1045,209,203,1045,209,203,1045,1
203,130,965,203,130,965,203,130,965,1
130,340,1030,130,340,1030,130,340,1030,1
340,344,1030,340,344,1030,340,344,1030,1
344,326,1095,344,326,1095,344,326,1095,1
326,229,1063,326,229,1063,326,229,1063,1
229,408,983,229,408,983,229,408,983,1
408,268,1052,408,268,1052,408,268,1052,1
268,183,966,268,183,966,268,183,966,1
183,153,1027,183,153,1027,183,153,1027,1
153,150,963,153,150,963,153,150,963,1
150,269,997,150,269,997,150,269,997,1
269,265,1073,269,265,1073,269,265,1073,1
265,183,988,265,183,988,265,183,988,1
183,130,1057,183,130,1057,183,130,1057,1
130,194,1003,130,194,1003,130,194,1003,1
194,218,1000,194,218,1000,194,218,1000,1
218,190,1086,218,190,1086,218,190,1086,1
190,147,992,190,147,992,190,147,992,1
147,339,1092,147,339,1092,147,339,1092,1
339,348,1126,339,348,1126,339,348,1126,1
348,273,1053,348,273,1053,348,273,1053,1
273,189,971,273,189,971,273,189,971,1
189,138,1052,189,138,1052,189,138,1052,1
138,231,985,138,231,985,138,231,985,1
231,190,970,231,190,970,231,190,970,1
190,254,1059,190,254,1059,190,254,1059,1
254,149,1002,254,149,1002,254,149,1002,1
149,254,1019,149,254,1019,149,254,1019,1
254,258,1109,254,258,1109,254,258,1109,1
258,199,979,258,199,979,258,199,979,1
199,235,1046,199,235,1046,199,235,1046,1
235,265,1060,235,265,1060,235,265,1060,1
265,412,998,265,412,998,265,412,998,1
412,315,1037,412,315,1037,412,315,1037,1
315,253,1045,315,253,1045,315,253,1045,1
253,189,982,253,189,982,253,189,982,1
189,232,1027,189,232,1027,189,232,1027,1
232,344,1087,232,344,1087,232,344,1087,1
344,334,1128,344,334,1128,344,334,1128,1
334,328,1100,334,328,1100,334,328,1100,1
328,313,1037,328,313,1037,328,313,1037,1
313,315,1015,313,315,1015,313,315,1015,1
315,325,1045,315,325,1045,315,325,1045,1
325,255,1050,325,255,1050,325,255,1050,1
255,188,951,255,188,951,255,188,951,1
188,134,1028,188,134,1028,188,134,1028,1
134,265,993,134,265,993,134,265,993,1
265,163,951,265,163,951,265,163,951,1
163,206,1062,163,206,1062,163,206,1062,1
206,126,967,206,126,967,206,126,967,1
126,315,1015,126,315,1015,126,315,1015,1
315,309,1043,315,309,1043,315,309,1043,-1
309,327,1040,309,327,1040,309,327,1040,1
327,335,1074,327,335,1074,327,335,1074,-1
335,339,1074,335,339,1074,335,339,1074,-1
339,274,1047,339,274,1047,339,274,1047,1
274,181,976,274,181,976,274,181,976,-1
181,213,1035,181,213,1035,181,213,1035,1
213,179,1040,213,179,1040,213,179,1040,-1
179,142,962,179,142,962,179,142,962,1
142,327,1005,142,327,1005,142,327,1005,-1
327,351,1017,327,351,1017,327,351,1017,1
351,348,1051,351,348,1051,351,348,1051,-1
348,338,1051,348,338,1051,348,338,1051,-1
338,330,1045,338,330,1045,338,330,1045,1
330,322,1026,330,322,1026,330,322,1026,-1
322,324,1022,322,324,1022,322,324,1022,1
324,236,1022,324,236,1022,324,236,1022,-1
236,275,973,236,275,973,236,275,973,-1
275,168,958,275,168,958,275,168,958,1
168,244,1078,168,244,1078,168,244,1078,-1
244,208,1012,244,208,1012,244,208,1012,-1
208,146,1025,208,146,1025,208,146,1025,1
146,182,990,146,182,990,146,182,990,-1
182,214,1023,182,214,1023,182,214,1023,1
214,311,1022,214,311,1022,214,311,1022,-1
311,312,1009,311,312,1009,311,312,1009,-1
312,324,1011,312,324,1011,312,324,1011,-1
324,224,1006,324,224,1006,324,224,1006,1
224,269,968,224,269,968,224,269,968,1
269,163,947,269,163,947,269,163,947,1
163,187,1057,163,187,1057,163,187,1057,1
187,132,965,187,132,965,187,132,965,1
132,305,1017,132,305,1017,132,305,1017,1
305,174,1023,305,174,1023,305,174,1023,1
174,134,958,174,134,958,174,134,958,1
134,322,1004,134,322,1004,134,322,1004,1
322,188,1028,322,188,1028,322,188,1028,1
188,147,966,188,147,966,188,147,966,1
147,342,1052,147,342,1052,147,342,1052,1
342,177,1042,342,177,1042,342,177,1042,1
177,149,967,177,149,967,177,149,967,1
149,313,1011,149,313,1011,149,313,1011,1
313,221,1011,313,221,1011,313,221,1011,1
221,194,998,221,194,998,221,194,998,1
194,203,955,194,203,955,194,203,955,1
203,333,1063,203,333,1063,203,333,1063,1
333,340,1027,333,340,1027,333,340,1027,1
340,331,1023,340,331,1023,340,331,1023,1
331,318,1024,331,318,1024,331,318,1024,1
318,178,1039,318,178,1039,318,178,1039,1
178,139,977,178,139,977,178,139,977,1
139,318,1025,139,318,1025,139,318,1025,1
318,184,1025,318,184,1025,318,184,1025,1
184,140,994,184,140,994,184,140,994,-1
140,332,1063,140,332,1063,140,332,1063,1
332,349,1047,332,349,1047,332,349,1047,1
349,337,1055,349,337,1055,349,337,1055,-1
337,188,1047,337,188,1047,337,188,1047,-1
188,151,963,188,151,963,188,151,963,1
151,333,1032,151,333,1032,151,333,1032,-1
333,323,1045,333,323,1045,333,323,1045,-1
323,182,1043,323,182,1043,323,182,1043,1
182,164,981,182,164,981,182,164,981,-1
164,359,1065,164,359,1065,164,359,1065,-1
359,309,1055,359,309,1055,359,309,1055,1
309,189,971,309,189,971,309,189,971,-1
189,225,1017,189,225,1017,189,225,1017,-1
225,339,1049,225,339,1049,225,339,1049,1
339,341,1027,339,341,1027,339,341,1027,-1
341,175,1037,341,175,1037,341,175,1037,1
175,198,984,175,198,984,175,198,984,-1
198,185,1047,198,185,1047,198,185,1047,1
185,190,974,185,190,974,185,190,974,-1
190,378,1044,190,378,1044,190,378,1044,-1
378,230,1069,378,230,1069,378,230,1069,1
230,135,972,230,135,972,230,135,972,-1
135,205,1039,135,205,1039,135,205,1039,-1
205,158,991,205,158,991,205,158,991,1
158,181,1063,158,181,1063,158,181,1063,-1
181,182,995,181,182,995,181,182,995,1
182,184,1058,182,184,1058,182,184,1058,1
184,200,986,184,200,986,184,200,986,1
200,208,1070,200,208,1070,200,208,1070,1
208,176,1007,208,176,1007,208,176,1007,1
176,185,1079,176,185,1079,176,185,1079,1
185,128,1004,185,128,1004,185,128,1004,1
128,183,1033,128,183,1033,128,183,1033,1
183,261,1110,183,261,1110,183,261,1110,1
261,226,1062,261,226,1062,261,226,1062,1
226,149,939,226,149,939,226,149,939,1
149,174,996,149,174,996,149,174,996,1
174,190,936,174,190,936,174,190,936,1
190,177,991,190,177,991,190,177,991,1
177,209,924,177,209,924,177,209,924,1
209,228,994,209,228,994,209,228,994,1
228,175,955,228,175,955,228,175,955,1
175,315,1049,175,315,1049,175,315,1049,1
315,188,954,315,188,954,315,188,954,1
188,123,1006,188,123,1006,188,123,1006,1
123,138,968,123,138,968,123,138,968,1
138,371,1041,138,371,1041,138,371,1041,1
371,381,1034,371,381,1034,371,381,1034,1
381,188,1062,381,188,1062,381,188,1062,1
188,140,970,188,140,970,188,140,970,1
140,190,971,140,190,971,140,190,971,1
190,213,1024,190,213,1024,190,213,1024,1
213,190,973,213,190,973,213,190,973,1
190,272,1048,190,272,1048,190,272,1048,1
272,194,1028,272,194,1028,272,194,1028,1
194,184,962,194,184,962,194,184,962,1
184,376,1026,184,376,1026,184,376,1026,1
376,227,1052,376,227,1052,376,227,1052,1
227,173,955,227,173,955,227,173,955,1
173,232,1033,173,232,1033,173,232,1033,1
232,164,989,232,164,989,232,164,989,1
164,222,1074,164,222,1074,164,222,1074,1
222,173,971,222,173,971,222,173,971,1
173,382,1040,173,382,1040,173,382,1040,1
382,202,1047,382,202,1047,382,202,1047,1
202,178,956,202,178,956,202,178,956,1
178,233,1011,178,233,1011,178,233,1011,1
233,150,955,233,150,955,233,150,955,1
150,245,1046,150,245,1046,150,245,1046,1
245,148,979,245,148,979,245,148,979,1
148,412,1064,148,412,1064,148,412,1064,1
412,194,1057,412,194,1057,412,194,1057,1
194,191,978,194,191,978,194,191,978,1
191,292,1034,191,292,1034,191,292,1034,1
292,182,935,292,182,935,292,182,935,1
182,261,1005,182,261,1005,182,261,1005,1
261,306,1041,261,306,1041,261,306,1041,1
306,191,958,306,191,958,306,191,958,1
191,211,1025,191,211,1025,191,211,1025,1
211,255,994,211,255,994,211,255,994,1
255,144,1029,255,144,1029,255,144,1029,1
144,203,921,144,203,921,144,203,921,1
203,468,525,203,468,525,203,468,525,1
468,365,1137,468,365,1137,468,365,1137,1
365,379,1359,365,379,1359,365,379,1359,1
379,266,1283,379,266,1283,379,266,1283,1
266,223,1101,266,223,1101,266,223,1101,1
223,265,1157,223,265,1157,223,265,1157,1
265,251,1155,265,251,1155,265,251,1155,1
251,131,1022,251,131,1022,251,131,1022,1
131,188,1060,131,188,1060,131,188,1060,1
188,212,1119,188,212,1119,188,212,1119,1
212,202,925,212,202,925,212,202,925,1
202,184,1019,202,184,1019,202,184,1019,1
184,191,980,184,191,980,184,191,980,1
191,176,1023,191,176,1023,191,176,1023,1
176,229,1004,176,229,1004,176,229,1004,1
229,238,924,229,238,924,229,238,924,1
238,121,1044,238,121,1044,238,121,1044,1
121,177,1000,121,177,1000,121,177,1000,1
177,248,970,177,248,970,177,248,970,1
248,304,1003,248,304,1003,248,304,1003,1
304,124,973,304,124,973,304,124,973,1
124,190,1040,124,190,1040,124,190,1040,1
190,171,950,190,171,950,190,171,950,1
171,188,1059,171,188,1059,171,188,1059,1
188,185,959,188,185,959,188,185,959,1
185,253,1064,185,253,1064,185,253,1064,1
253,436,988,253,436,988,253,436,988,1
436,182,974,436,182,974,436,182,974,1
182,254,1033,182,254,1033,182,254,1033,1
254,201,1018,254,201,1018,254,201,1018,1
201,164,968,201,164,968,201,164,968,1
164,199,1069,164,199,1069,164,199,1069,1
199,188,969,199,188,969,199,188,969,1
188,183,1107,188,183,1107,188,183,1107,1
183,295,1109,183,295,1109,183,295,1109,1
295,178,958,295,178,958,295,178,958,1
178,396,1074,178,396,1074,178,396,1074,1
396,170,1081,396,170,1081,396,170,1081,1
170,185,1022,170,185,1022,170,185,1022,1
185,193,970,185,193,970,185,193,970,1
193,190,1006,193,190,1006,193,190,1006,1
190,157,1051,190,157,1051,190,157,1051,1
157,222,983,157,222,983,157,222,983,1
222,193,1081,222,193,1081,222,193,1081,1
193,166,1054,193,166,1054,193,166,1054,1
166,121,1004,166,121,1004,166,121,1004,1
121,195,1154,121,195,1154,121,195,1154,1
195,180,987,195,180,987,195,180,987,1
180,194,1039,180,194,1039,180,194,1039,1
194,269,1117,194,269,1117,194,269,1117,1
269,188,1139,269,188,1139,269,188,1139,1
188,189,1000,188,189,1000,188,189,1000,1
189,166,1030,189,166,1030,189,166,1030,1
166,124,907,166,124,907,166,124,907,1
124,338,966,124,338,966,124,338,966,1
338,338,998,338,338,998,338,338,998,1
338,190,927,338,190,927,338,190,927,1
190,218,1016,190,218,1016,190,218,1016,1
218,250,945,218,250,945,218,250,945,1
250,188,964,250,188,964,250,188,964,1
188,261,940,188,261,940,188,261,940,1
261,246,1060,261,246,1060,261,246,1060,1
246,148,998,246,148,998,246,148,998,1
148,214,1097,148,214,1097,148,214,1097,1
214,191,994,214,191,994,214,191,994,1
191,248,1107,191,248,1107,191,248,1107,1
248,159,987,248,159,987,248,159,987,1
159,198,1090,159,198,1090,159,198,1090,1
198,123,978,198,123,978,198,123,978,1
123,254,976,123,254,976,123,254,976,1
254,211,1033,254,211,1033,254,211,1033,1
211,249,974,211,249,974,211,249,974,1
249,218,1094,249,218,1094,249,218,1094,1
218,169,997,218,169,997,218,169,997,1
169,321,1092,169,321,1092,169,321,1092,1
321,196,986,321,196,986,321,196,986,1
196,179,1084,196,179,1084,196,179,1084,1
179,171,1038,179,171,1038,179,171,1038,1
171,199,974,171,199,974,171,199,974,1
199,322,1087,199,322,1087,199,322,1087,1
322,245,990,322,245,990,322,245,990,1
245,239,1049,245,239,1049,245,239,1049,1
239,209,952,239,209,952,239,209,952,1
209,316,1072,209,316,1072,209,316,1072,1
316,190,970,316,190,970,316,190,970,1
190,152,1035,190,152,1035,190,152,1035,1
152,137,973,152,137,973,152,137,973,1
137,207,1096,137,207,1096,137,207,1096,1
207,194,972,207,194,972,207,194,972,1
194,372,1081,194,372,1081,194,372,1081,1
372,366,1060,372,366,1060,372,366,1060,1
366,377,1044,366,377,1044,366,377,1044,1
377,220,1092,377,220,1092,377,220,1092,1
220,188,969,220,188,969,220,188,969,1
188,328,1068,188,328,1068,188,328,1068,1
328,183,991,328,183,991,328,183,991,1
183,283,1051,183,283,1051,183,283,1051,1
283,191,1064,283,191,1064,283,191,1064,1
191,186,984,191,186,984,191,186,984,1
186,185,1079,186,185,1079,186,185,1079,1
185,123,987,185,123,987,185,123,987,1
123,183,980,123,183,980,123,183,980,1
183,213,1061,183,213,1061,183,213,1061,1
213,195,986,213,195,986,213,195,986,1
195,213,1070,195,213,1070,195,213,1070,1
213,190,1010,213,190,1010,213,190,1010,1
190,174,1096,190,174,1096,190,174,1096,1
174,170,1038,174,170,1038,174,170,1038,1
170,201,970,170,201,970,170,201,970,1
201,204,1081,201,204,1081,201,204,1081,1
204,187,972,204,187,972,204,187,972,1
187,223,1063,187,223,1063,187,223,1063,1
223,160,984,223,160,984,223,160,984,1
160,180,1053,160,180,1053,160,180,1053,1
180,357,1024,180,357,1024,180,357,1024,1
357,133,992,357,133,992,357,133,992,1
133,401,1102,133,401,1102,133,401,1102,1
401,190,1068,401,190,1068,401,190,1068,1
190,204,963,190,204,963,190,204,963,1
204,296,1044,204,296,1044,204,296,1044,1
296,177,969,296,177,969,296,177,969,1
177,270,1026,177,270,1026,177,270,1026,1
270,220,1033,270,220,1033,270,220,1033,1
220,185,978,220,185,978,220,185,978,1
185,324,1064,185,324,1064,185,324,1064,1
324,195,971,324,195,971,324,195,971,1
195,272,1055,195,272,1055,195,272,1055,1
272,178,1087,272,178,1087,272,178,1087,1
178,196,874,178,196,874,178,196,874,1
196,138,921,196,138,921,196,138,921,1
138,232,938,138,232,938,138,232,938,1
232,313,1130,232,313,1130,232,313,1130,1
313,196,1059,313,196,1059,313,196,1059,1
196,185,1119,196,185,1119,196,185,1119,1
185,222,1017,185,222,1017,185,222,1017,1
222,279,1023,222,279,1023,222,279,1023,1
279,390,1134,279,390,1134,279,390,1134,1
390,219,1106,390,219,1106,390,219,1106,1
219,158,994,219,158,994,219,158,994,1
158,378,1066,158,378,1066,158,378,1066,-1
378,273,1114,378,273,1114,378,273,1114,1
273,234,972,273,234,972,273,234,972,1
234,279,1012,234,279,1012,234,279,1012,1
279,223,1038,279,223,1038,279,223,1038,1
223,177,983,223,177,983,223,177,983,1
177,194,1129,177,194,1129,177,194,1129,1
194,191,1039,194,191,1039,194,191,1039,1
191,179,1105,191,179,1105,191,179,1105,1
179,185,1017,179,185,1017,179,185,1017,1
185,305,1069,185,305,1069,185,305,1069,1
305,189,988,305,189,988,305,189,988,1
189,290,1078,189,290,1078,189,290,1078,1
290,123,1107,290,123,1107,290,123,1107,1
123,208,1045,123,208,1045,123,208,1045,1
208,189,981,208,189,981,208,189,981,1
189,265,1069,189,265,1069,189,265,1069,1
265,237,1086,265,237,1086,265,237,1086,1
237,134,986,237,134,986,237,134,986,1
134,191,1062,134,191,1062,134,191,1062,1
191,185,979,191,185,979,191,185,979,1
185,391,1065,185,391,1065,185,391,1065,1
391,240,1105,391,240,1105,391,240,1105,1
240,174,974,240,174,974,240,174,974,1
174,231,1055,174,231,1055,174,231,1055,1
231,162,976,231,162,976,231,162,976,1
162,213,1082,162,213,1082,162,213,1082,1
213,172,975,213,172,975,213,172,975,1
172,174,1059,172,174,1059,172,174,1059,1
174,234,1032,174,234,1032,174,234,1032,1
234,215,978,234,215,978,234,215,978,-1
215,189,1110,215,189,1110,215,189,1110,1
189,124,991,189,124,991,189,124,991,1
124,200,979,124,200,979,124,200,979,1
200,201,1056,200,201,1056,200,201,1056,-1
201,194,1013,201,194,1013,201,194,1013,-1
194,208,1057,194,208,1057,194,208,1057,-1
208,184,994,208,184,994,208,184,994,-1
184,195,1045,184,195,1045,184,195,1045,1
195,182,1011,195,182,1011,195,182,1011,-1
182,263,1069,182,263,1069,182,263,1069,1
263,244,1046,263,244,1046,263,244,1046,-1
244,134,932,244,134,932,244,134,932,1
134,222,1041,134,222,1041,134,222,1041,1
222,183,962,222,183,962,222,183,962,1
183,337,1091,183,337,1091,183,337,1091,1
337,189,970,337,189,970,337,189,970,1
189,134,1033,189,134,1033,189,134,1033,1
134,145,959,134,145,959,134,145,959,1
145,305,1023,145,305,1023,145,305,1023,1
305,179,958,305,179,958,305,179,958,1
179,264,1033,179,264,1033,179,264,1033,1
264,231,995,264,231,995,264,231,995,1
231,163,936,231,163,936,231,163,936,1
163,121,1110,163,121,1110,163,121,1110,1
121,284,1030,121,284,1030,121,284,1030,1
284,201,1086,284,201,1086,284,201,1086,1
201,189,984,201,189,984,201,189,984,1
189,185,1034,189,185,1034,189,185,1034,1
185,184,957,185,184,957,185,184,957,1
184,215,1035,184,215,1035,184,215,1035,1
215,163,932,215,163,932,215,163,932,1
163,221,1005,163,221,1005,163,221,1005,1
221,154,980,221,154,980,221,154,980,1
154,405,1079,154,405,1079,154,405,1079,1
405,328,1063,405,328,1063,405,328,1063,1
328,189,1002,328,189,1002,328,189,1002,1
189,287,1074,189,287,1074,189,287,1074,1
287,310,1077,287,310,1077,287,310,1077,1
310,156,995,310,156,995,310,156,995,1
156,129,1017,156,129,1017,156,129,1017,1
129,170,974,129,170,974,129,170,974,1
170,188,1043,170,188,1043,170,188,1043,1
188,201,994,188,201,994,188,201,994,1
201,231,1074,201,231,1074,201,231,1074,1
231,181,998,231,181,998,231,181,998,1
181,208,1082,181,208,1082,181,208,1082,1
208,203,980,208,203,980,208,203,980,1
203,235,1046,203,235,1046,203,235,1046,1
235,155,1007,235,155,1007,235,155,1007,1
155,382,1100,155,382,1100,155,382,1100,1
382,316,963,382,316,963,382,316,963,1
316,195,1004,316,195,1004,316,195,1004,1
195,293,1063,195,293,1063,195,293,1063,1
293,247,1090,293,247,1090,293,247,1090,1
247,167,967,247,167,967,247,167,967,1
167,397,1038,167,397,1038,167,397,1038,1
397,309,983,397,309,983,397,309,983,1
309,177,943,309,177,943,309,177,943,1
177,189,977,177,189,977,177,189,977,1
189,207,985,189,207,985,189,207,985,1
207,159,1099,207,159,1099,207,159,1099,1
159,130,1011,159,130,1011,159,130,1011,1
130,209,1082,130,209,1082,130,209,1082,1
209,199,1021,209,199,1021,209,199,1021,1
199,202,1093,199,202,1093,199,202,1093,1
202,198,980,202,198,980,202,198,980,1
198,392,1059,198,392,1059,198,392,1059,1
392,371,1021,392,371,1021,392,371,1021,1
371,388,1072,371,388,1072,371,388,1072,1
388,231,1101,388,231,1101,388,231,1101,1
231,166,1018,231,166,1018,231,166,1018,-1
166,265,1127,166,265,1127,166,265,1127,-1
265,147,902,265,147,902,265,147,902,1
147,221,945,147,221,945,147,221,945,1
221,172,974,221,172,974,221,172,974,1
172,225,1103,172,225,1103,172,225,1103,1
225,150,1100,225,150,1100,225,150,1100,1
150,235,1188,150,235,1188,150,235,1188,1
235,150,1093,235,150,1093,235,150,1093,1
150,394,1140,150,394,1140,150,394,1140,1
394,260,1122,394,260,1122,394,260,1122,1
260,154,968,260,154,968,260,154,968,1
154,231,1035,154,231,1035,154,231,1035,1
231,166,940,231,166,940,231,166,940,1
166,382,1045,166,382,1045,166,382,1045,1
382,248,1026,382,248,1026,382,248,1026,1
248,136,940,248,136,940,248,136,940,1
136,390,1039,136,390,1039,136,390,1039,1
390,401,1070,390,401,1070,390,401,1070,1
401,198,1066,401,198,1066,401,198,1066,1
198,129,983,198,129,983,198,129,983,1
129,201,987,129,201,987,129,201,987,1
201,213,1028,201,213,1028,201,213,1028,1
213,182,971,213,182,971,213,182,971,1
182,272,1035,182,272,1035,182,272,1035,1
272,196,1054,272,196,1054,272,196,1054,1
196,194,946,196,194,946,196,194,946,1
194,206,1004,194,206,1004,194,206,1004,1
206,189,969,206,189,969,206,189,969,1
189,254,1048,189,254,1048,189,254,1048,1
254,168,968,254,168,968,254,168,968,1
168,407,1058,168,407,1058,168,407,1058,1
407,392,1056,407,392,1056,407,392,1056,1
392,221,1079,392,221,1079,392,221,1079,1
221,158,1011,221,158,1011,221,158,1011,1
158,250,1065,158,250,1065,158,250,1065,1
250,145,955,250,145,955,250,145,955,1
145,295,1035,145,295,1035,145,295,1035,1
295,235,950,295,235,950,295,235,950,1
235,160,1007,235,160,1007,235,160,1007,1
160,142,943,160,142,943,160,142,943,1
142,320,1033,142,320,1033,142,320,1033,1
320,182,965,320,182,965,320,182,965,1
182,275,1030,182,275,1030,182,275,1030,1
275,321,1027,275,321,1027,275,321,1027,1
321,190,965,321,190,965,321,190,965,1
190,136,1035,190,136,1035,190,136,1035,1
136,163,971,136,163,971,136,163,971,1
163,212,1055,163,212,1055,163,212,1055,1
212,199,976,212,199,976,212,199,976,1
199,332,1063,199,332,1063,199,332,1063,1
332,182,972,332,182,972,332,182,972,1
182,276,1038,182,276,1038,182,276,1038,1
276,225,990,276,225,990,276,225,990,1
225,168,919,225,168,919,225,168,919,1
168,396,998,168,396,998,168,396,998,1
396,196,1065,396,196,1065,396,196,1065,1
196,212,973,196,212,973,196,212,973,1
212,258,1063,212,258,1063,212,258,1063,1
258,150,999,258,150,999,258,150,999,1
150,208,1129,150,208,1129,150,208,1129,1
208,176,1001,208,176,1001,208,176,1001,1
176,246,1087,176,246,1087,176,246,1087,1
246,130,1001,246,130,1001,246,130,1001,1
130,376,1038,130,376,1038,130,376,1038,1
376,394,1063,376,394,1063,376,394,1063,1
394,409,1061,394,409,1061,394,409,1061,1
409,389,1059,409,389,1059,409,389,1059,1
389,201,1044,389,201,1044,389,201,1044,1
201,179,964,201,179,964,201,179,964,1
179,299,1024,179,299,1024,179,299,1024,1
299,187,1015,299,187,1015,299,187,1015,1
187,141,1085,187,141,1085,187,141,1085,1
141,154,994,141,154,994,141,154,994,1
154,256,1059,154,256,1059,154,256,1059,1
256,152,996,256,152,996,256,152,996,1
152,238,1084,152,238,1084,152,238,1084,1
238,163,998,238,163,998,238,163,998,1
163,384,1079,163,384,1079,163,384,1079,1
384,373,1038,384,373,1038,384,373,1038,1
373,390,1049,373,390,1049,373,390,1049,1
390,199,1079,390,199,1079,390,199,1079,1
199,123,993,199,123,993,199,123,993,1
123,189,1003,123,189,1003,123,189,1003,1
189,290,1065,189,290,1065,189,290,1065,1
290,398,1086,290,398,1086,290,398,1086,1
398,387,1078,398,387,1078,398,387,1078,1
387,224,1047,387,224,1047,387,224,1047,1
224,151,980,224,151,980,224,151,980,1
151,247,1042,151,247,1042,151,247,1042,1
247,146,958,247,146,958,247,146,958,1
146,332,1031,146,332,1031,146,332,1031,1
332,196,956,332,196,956,332,196,956,1
196,212,1026,196,212,1026,196,212,1026,1
212,195,965,212,195,965,212,195,965,1
195,135,1021,195,135,1021,195,135,1021,1
135,142,941,135,142,941,135,142,941,1
142,188,999,142,188,999,142,188,999,1
188,189,967,188,189,967,188,189,967,1
189,310,1028,189,310,1028,189,310,1028,1
310,199,963,310,199,963,310,199,963,1
199,227,1021,199,227,1021,199,227,1021,1
227,201,975,227,201,975,227,201,975,1
201,219,1034,201,219,1034,201,219,1034,1
219,188,956,219,188,956,219,188,956,1
188,123,1021,188,123,1021,188,123,1021,1
123,157,962,123,157,962,123,157,962,1
157,311,1011,157,311,1011,157,311,1011,1
311,182,968,311,182,968,311,182,968,1
182,283,1042,182,283,1042,182,283,1042,1
283,222,1074,283,222,1074,283,222,1074,1
222,189,991,222,189,991,222,189,991,1
189,225,1078,189,225,1078,189,225,1078,1
225,187,980,225,187,980,225,187,980,1
187,239,1088,187,239,1088,187,239,1088,1
239,166,979,239,166,979,239,166,979,1
166,264,1058,166,264,1058,166,264,1058,1
264,135,991,264,135,991,264,135,991,1
135,384,1059,135,384,1059,135,384,1059,1
384,315,1034,384,315,1034,384,315,1034,1
315,194,967,315,194,967,315,194,967,1
194,291,1042,194,291,1042,194,291,1042,1
291,413,1036,291,413,1036,291,413,1036,1
413,200,1032,413,200,1032,413,200,1032,1
200,197,963,200,197,963,200,197,963,1
197,382,1025,197,382,1025,197,382,1025,1
382,213,1012,382,213,1012,382,213,1012,1
213,174,973,213,174,973,213,174,973,1
174,236,1046,174,236,1046,174,236,1046,1
236,181,965,236,181,965,236,181,965,1
181,405,1090,181,405,1090,181,405,1090,1
405,252,1087,405,252,1087,405,252,1087,1
252,142,969,252,142,969,252,142,969,1
142,295,1050,142,295,1050,142,295,1050,1
295,189,965,295,189,965,295,189,965,1
189,261,1030,189,261,1030,189,261,1030,1
261,229,1063,261,229,1063,261,229,1063,1
229,154,969,229,154,969,229,154,969,1
154,313,1092,154,313,1092,154,313,1092,1
313,195,983,313,195,983,313,195,983,1
195,268,1051,195,268,1051,195,268,1051,1
268,218,1080,268,218,1080,268,218,1080,1
218,162,985,218,162,985,218,162,985,1
162,365,1074,162,365,1074,162,365,1074,1
365,369,1067,365,369,1067,365,369,1067,1
369,203,1037,369,203,1037,369,203,1037,1
203,175,967,203,175,967,203,175,967,1
175,257,1050,175,257,1050,175,257,1050,1
257,143,967,257,143,967,257,143,967,1
143,395,1063,143,395,1063,143,395,1063,1
395,390,1067,395,390,1067,395,390,1067,1
390,374,1061,390,374,1061,390,374,1061,1
374,203,1066,374,203,1066,374,203,1066,1
203,169,951,203,169,951,203,169,951,1
169,411,1078,169,411,1078,169,411,1078,1
411,245,1081,411,245,1081,411,245,1081,1
245,154,977,245,154,977,245,154,977,1
154,193,1094,154,193,1094,154,193,1094,1
193,195,1005,193,195,1005,193,195,1005,1
195,203,1107,195,203,1107,195,203,1107,1
203,169,922,203,169,922,203,169,922,1
169,177,920,169,177,920,169,177,920,1
177,186,882,177,186,882,177,186,882,1
186,196,1049,186,196,1049,186,196,1049,1
196,178,982,196,178,982,196,178,982,1
178,310,1108,178,310,1108,178,310,1108,1
310,201,978,310,201,978,310,201,978,1
201,148,1023,201,148,1023,201,148,1023,1
148,218,952,148,218,952,148,218,952,1
218,178,1023,218,178,1023,218,178,1023,1
178,183,947,178,183,947,178,183,947,1
183,262,1031,183,262,1031,183,262,1031,1
262,188,1055,262,188,1055,262,188,1055,1
188,168,970,188,168,970,188,168,970,1
168,376,1073,168,376,1073,168,376,1073,1
376,323,1067,376,323,1067,376,323,1067,1
323,194,955,323,194,955,323,194,955,1
194,275,1043,194,275,1043,194,275,1043,1
275,188,1076,275,188,1076,275,188,1076,1
188,206,950,188,206,950,188,206,950,1
206,301,1072,206,301,1072,206,301,1072,1
301,183,965,301,183,965,301,183,965,1
183,278,1047,183,278,1047,183,278,1047,1
278,244,1094,278,244,1094,278,244,1094,1
244,181,968,244,181,968,244,181,968,1
181,227,1113,181,227,1113,181,227,1113,1
227,189,973,227,189,973,227,189,973,1
189,312,1147,189,312,1147,189,312,1147,1
312,188,978,312,188,978,312,188,978,1
188,136,1039,188,136,1039,188,136,1039,1
136,147,965,136,147,965,136,147,965,1
147,315,1073,147,315,1073,147,315,1073,1
315,184,978,315,184,978,315,184,978,1
184,127,1045,184,127,1045,184,127,1045,1
127,185,960,127,185,960,127,185,960,1
185,234,1111,185,234,1111,185,234,1111,1
234,185,966,234,185,966,234,185,966,1
185,334,1104,185,334,1104,185,334,1104,1
334,189,949,334,189,949,334,189,949,1
189,291,1031,189,291,1031,189,291,1031,1
291,194,1073,291,194,1073,291,194,1073,1
194,202,959,194,202,959,194,202,959,1
202,408,1056,202,408,1056,202,408,1056,1
408,242,1062,408,242,1062,408,242,1062,1
242,174,948,242,174,948,242,174,948,1
174,261,1075,174,261,1075,174,261,1075,1
261,159,927,261,159,927,261,159,927,1
159,333,1064,159,333,1064,159,333,1064,1
333,188,957,333,188,957,333,188,957,1
188,272,1051,188,272,1051,188,272,1051,1
272,249,1060,272,249,1060,272,249,1060,1
249,147,968,249,147,968,249,147,968,1
147,417,1089,147,417,1089,147,417,1089,1
417,122,1105,417,122,1105,417,122,1105,1
122,156,1039,122,156,1039,122,156,1039,1
156,150,975,156,150,975,156,150,975,1
150,233,1091,150,233,1091,150,233,1091,1
233,174,967,233,174,967,233,174,967,1
174,385,1075,174,385,1075,174,385,1075,1
385,393,1057,385,393,1057,385,393,1057,1
393,336,1054,393,336,1054,393,336,1054,1
336,201,965,336,201,965,336,201,965,1
201,156,1040,201,156,1040,201,156,1040,1
156,143,963,156,143,963,156,143,963,1
143,340,1087,143,340,1087,143,340,1087,1
340,184,967,340,184,967,340,184,967,1
184,294,1045,184,294,1045,184,294,1045,1
294,196,1060,294,196,1060,294,196,1060,1
196,199,971,196,199,971,196,199,971,1
199,247,1060,199,247,1060,199,247,1060,1
247,161,948,247,161,948,247,161,948,1
161,231,1057,161,231,1057,161,231,1057,1
231,187,961,231,187,961,231,187,961,1
187,200,1071,187,200,1071,187,200,1071,1
200,146,958,200,146,958,200,146,958,1
146,189,965,146,189,965,146,189,965,1
189,129,1027,189,129,1027,189,129,1027,1
129,164,958,129,164,958,129,164,958,1
164,395,1089,164,395,1089,164,395,1089,1
395,207,1060,395,207,1060,395,207,1060,1
207,199,951,207,199,951,207,199,951,1
199,343,1066,199,343,1066,199,343,1066,1
343,196,978,343,196,978,343,196,978,1
196,165,1046,196,165,1046,196,165,1046,1
165,145,971,165,145,971,165,145,971,1
145,418,1083,145,418,1083,145,418,1083,1
418,190,1051,418,190,1051,418,190,1051,1
190,200,967,190,200,967,190,200,967,1
200,237,1059,200,237,1059,200,237,1059,1
237,165,939,237,165,939,237,165,939,1
165,212,1042,165,212,1042,165,212,1042,1
212,212,961,212,212,961,212,212,961,1
212,285,1080,212,285,1080,212,285,1080,1
285,156,962,285,156,962,285,156,962,1
156,240,1102,156,240,1102,156,240,1102,1
240,178,996,240,178,996,240,178,996,1
178,185,1087,178,185,1087,178,185,1087,1
185,216,991,185,216,991,185,216,991,1
216,205,1086,216,205,1086,216,205,1086,1
205,133,985,205,133,985,205,133,985,1
133,195,995,133,195,995,133,195,995,1
195,231,1063,195,231,1063,195,231,1063,1
231,195,994,231,195,994,231,195,994,1
195,171,1063,195,171,1063,195,171,1063,1
171,148,982,171,148,982,171,148,982,1
148,338,1098,148,338,1098,148,338,1098,1
338,189,992,338,189,992,338,189,992,1
189,125,1044,189,125,1044,189,125,1044,1
125,174,967,125,174,967,125,174,967,1
174,406,1060,174,406,1060,174,406,1060,1
406,253,1064,406,253,1064,406,253,1064,1
253,164,972,253,164,972,253,164,972,1
164,279,1107,164,279,1107,164,279,1107,1
279,157,978,279,157,978,279,157,978,1
157,275,1115,157,275,1115,157,275,1115,1
275,151,998,275,151,998,275,151,998,1
151,218,1088,151,218,1088,151,218,1088,1
218,189,978,218,189,978,218,189,978,1
189,213,1066,189,213,1066,189,213,1066,1
213,187,975,213,187,975,213,187,975,1
187,215,1086,187,215,1086,187,215,1086,1
215,195,988,215,195,988,215,195,988,1
195,196,1083,195,196,1083,195,196,1083,1
196,158,980,196,158,980,196,158,980,1
158,206,984,158,206,984,158,206,984,1
206,150,1051,206,150,1051,206,150,1051,1
150,166,983,150,166,983,150,166,983,-1
166,264,1086,166,264,1086,166,264,1086,1
264,141,984,264,141,984,264,141,984,1
141,185,1061,141,185,1061,141,185,1061,1
185,143,980,185,143,980,185,143,980,1
143,193,978,143,193,978,143,193,978,1
193,142,1052,193,142,1052,193,142,1052,1
142,174,981,142,174,981,142,174,981,1
174,207,1115,174,207,1115,174,207,1115,1
207,147,978,207,147,978,207,147,978,1
147,201,981,147,201,981,147,201,981,1
201,145,1058,201,145,1058,201,145,1058,1
145,176,982,145,176,982,145,176,982,1
176,413,1128,176,413,1128,176,413,1128,1
413,258,1090,413,258,1090,413,258,1090,1
258,156,982,258,156,982,258,156,982,1
156,196,1081,156,196,1081,156,196,1081,1
196,223,998,196,223,998,196,223,998,1
223,202,1090,223,202,1090,223,202,1090,1
202,236,979,202,236,979,202,236,979,1
236,232,1095,236,232,1095,236,232,1095,1
232,129,983,232,129,983,232,129,983,1
129,196,995,129,196,995,129,196,995,1
196,224,1051,196,224,1051,196,224,1051,1
224,189,979,224,189,979,224,189,979,1
189,282,1053,189,282,1053,189,282,1053,1
282,197,1069,282,197,1069,282,197,1069,1
197,130,974,197,130,974,197,130,974,1
130,196,976,130,196,976,130,196,976,1
196,134,1054,196,134,1054,196,134,1054,1
134,176,981,134,176,981,134,176,981,1
176,217,1122,176,217,1122,176,217,1122,1
217,135,973,217,135,973,217,135,973,1
135,195,981,135,195,981,135,195,981,1
195,219,1045,195,219,1045,195,219,1045,1
219,188,973,219,188,973,219,188,973,1
188,135,1041,188,135,1041,188,135,1041,1
135,143,969,135,143,969,135,143,969,1
143,236,1056,143,236,1056,143,236,1056,1
236,173,966,236,173,966,236,173,966,1
173,123,1092,173,123,1092,173,123,1092,1
123,310,1044,123,310,1044,123,310,1044,1
310,122,1122,310,122,1122,310,122,1122,1
122,311,1042,122,311,1042,122,311,1042,1
311,223,1092,311,223,1092,311,223,1092,1
223,123,959,223,123,959,223,123,959,1
123,189,978,123,189,978,123,189,978,1
189,292,1041,189,292,1041,189,292,1041,1
292,414,1071,292,414,1071,292,414,1071,1
414,188,1083,414,188,1083,414,188,1083,1
188,152,979,188,152,979,188,152,979,1
152,195,984,152,195,984,152,195,984,1
195,158,1048,195,158,1048,195,158,1048,1
158,155,974,158,155,974,158,155,974,1
155,236,1125,155,236,1125,155,236,1125,1
236,200,975,236,200,975,236,200,975,1
200,407,1118,200,407,1118,200,407,1118,1
407,403,1076,407,403,1076,407,403,1076,1
403,238,1075,403,238,1075,403,238,1075,1
238,187,974,238,187,974,238,187,974,1
187,422,1125,187,422,1125,187,422,1125,1
422,229,1105,422,229,1105,422,229,1105,1
229,207,978,229,207,978,229,207,978,1
207,222,1061,207,222,1061,207,222,1061,1
222,188,980,222,188,980,222,188,980,1
188,186,1068,188,186,1068,188,186,1068,1
186,137,982,186,137,982,186,137,982,1
137,187,984,137,187,984,137,187,984,1
187,124,1062,187,124,1062,187,124,1062,1
124,201,978,124,201,978,124,201,978,1
201,211,1104,201,211,1104,201,211,1104,1
211,152,974,211,152,974,211,152,974,1
152,195,983,152,195,983,152,195,983,1
195,307,1062,195,307,1062,195,307,1062,1
307,410,1089,307,410,1089,307,410,1089,1
410,237,1081,410,237,1081,410,237,1081,1
237,161,989,237,161,989,237,161,989,1
161,346,1089,161,346,1089,161,346,1089,1
346,195,1000,346,195,1000,346,195,1000,1
195,321,1074,195,321,1074,195,321,1074,1
321,347,1146,321,347,1146,321,347,1146,1
347,196,1000,347,196,1000,347,196,1000,1
196,231,1066,196,231,1066,196,231,1066,1
231,183,998,231,183,998,231,183,998,1
183,138,1064,183,138,1064,183,138,1064,1
138,154,974,138,154,974,138,154,974,1
154,223,1070,154,223,1070,154,223,1070,1
223,190,976,223,190,976,223,190,976,1
190,231,1115,190,231,1115,190,231,1115,1
231,197,981,231,197,981,231,197,981,1
197,358,1097,197,358,1097,197,358,1097,1
358,196,980,358,196,980,358,196,980,1
196,301,1061,196,301,1061,196,301,1061,1
301,252,1059,301,252,1059,301,252,1059,1
252,149,971,252,149,971,252,149,971,1
149,180,1051,149,180,1051,149,180,1051,1
180,189,1065,180,189,1065,180,189,1065,1
189,170,974,189,170,974,189,170,974,1
170,165,981,170,165,981,170,165,981,1
165,207,1117,165,207,1117,165,207,1117,1
207,142,1178,207,142,1178,207,142,1178,1
142,186,1070,142,186,1070,142,186,1070,1
186,190,968,186,190,968,186,190,968,1
190,184,1095,190,184,1095,190,184,1095,1
184,241,1029,184,241,1029,184,241,1029,1
241,244,959,241,244,959,241,244,959,-1
244,189,1058,244,189,1058,244,189,1058,1
189,227,1046,189,227,1046,189,227,1046,1
227,272,963,227,272,963,227,272,963,1
272,121,1111,272,121,1111,272,121,1111,1
121,187,1058,121,187,1058,121,187,1058,1
187,168,1048,187,168,1048,187,168,1048,1
168,232,968,168,232,968,168,232,968,1
232,198,1115,232,198,1115,232,198,1115,1
198,142,1046,198,142,1046,198,142,1046,1
142,352,1033,142,352,1033,142,352,1033,1
352,181,1057,352,181,1057,352,181,1057,1
181,356,1020,181,356,1020,181,356,1020,1
356,135,980,356,135,980,356,135,980,-1
135,200,1101,135,200,1101,135,200,1101,1
200,145,1081,200,145,1081,200,145,1081,1
145,211,1057,145,211,1057,145,211,1057,1
211,172,964,211,172,964,211,172,964,1
172,190,1096,172,190,1096,172,190,1096,1
190,148,1045,190,148,1045,190,148,1045,1
148,287,1077,148,287,1077,148,287,1077,1
287,161,969,287,161,969,287,161,969,1
161,190,984,161,190,984,161,190,984,1
190,395,992,190,395,992,190,395,992,1
395,202,1076,395,202,1076,395,202,1076,1
202,152,1091,202,152,1091,202,152,1091,1
152,160,1075,152,160,1075,152,160,1075,1
160,176,1086,160,176,1086,160,176,1086,1
176,209,1072,176,209,1072,176,209,1072,1
209,231,1050,209,231,1050,209,231,1050,1
231,196,1014,231,196,1014,231,196,1014,1
196,183,1043,196,183,1043,196,183,1043,1
183,174,1046,183,174,1046,183,174,1046,1
174,163,1053,174,163,1053,174,163,1053,1
163,217,1042,163,217,1042,163,217,1042,1
217,216,1052,217,216,1052,217,216,1052,1
216,183,1062,216,183,1062,216,183,1062,1
183,158,1069,183,158,1069,183,158,1069,1
158,153,1056,158,153,1056,158,153,1056,1
153,201,947,153,201,947,153,201,947,1
201,155,946,201,155,946,201,155,946,1
155,201,1035,155,201,1035,155,201,1035,1
201,184,1074,201,184,1074,201,184,1074,1
184,171,1070,184,171,1070,184,171,1070,1
171,208,1053,171,208,1053,171,208,1053,1
208,165,1058,208,165,1058,208,165,1058,1
165,156,1033,165,156,1033,165,156,1033,1
156,225,1028,156,225,1028,156,225,1028,1
225,203,1084,225,203,1084,225,203,1084,1
203,229,1073,203,229,1073,203,229,1073,1
229,199,1029,229,199,1029,229,199,1029,1
199,193,1040,199,193,1040,199,193,1040,1
193,129,1054,193,129,1054,193,129,1054,1
129,199,958,129,199,958,129,199,958,1
199,128,946,199,128,946,199,128,946,1
128,166,959,128,166,959,128,166,959,1
166,188,978,166,188,978,166,188,978,1
188,160,998,188,160,998,188,160,998,1
160,153,974,160,153,974,160,153,974,1
153,186,1076,153,186,1076,153,186,1076,1
186,161,1094,186,161,1094,186,161,1094,1
161,261,1109,161,261,1109,161,261,1109,1
261,167,963,261,167,963,261,167,963,1
167,187,1083,167,187,1083,167,187,1083,1
187,155,1065,187,155,1065,187,155,1065,1
155,155,1098,155,155,1098,155,155,1098,1
155,230,951,155,230,951,155,230,951,1
230,175,1060,230,175,1060,230,175,1060,1
175,146,1055,175,146,1055,175,146,1055,1
146,193,1080,146,193,1080,146,193,1080,1
193,193,947,193,193,947,193,193,947,1
193,187,1049,193,187,1049,193,187,1049,1
187,170,1046,187,170,1046,187,170,1046,1
170,244,1064,170,244,1064,170,244,1064,1
244,152,950,244,152,950,244,152,950,1
152,180,1081,152,180,1081,152,180,1081,1
180,257,1032,180,257,1032,180,257,1032,1
257,185,955,257,185,955,257,185,955,1
185,157,976,185,157,976,185,157,976,1
157,195,989,157,195,989,157,195,989,1
195,213,1048,195,213,1048,195,213,1048,1
213,200,952,213,200,952,213,200,952,1
200,178,1057,200,178,1057,200,178,1057,1
178,151,1043,178,151,1043,178,151,1043,1
151,390,1042,151,390,1042,151,390,1042,1
390,181,1090,390,181,1090,390,181,1090,1
181,161,1052,181,161,1052,181,161,1052,1
161,286,1135,161,286,1135,161,286,1135,1
286,162,968,286,162,968,286,162,968,1
162,247,984,162,247,984,162,247,984,1
247,149,1079,247,149,1079,247,149,1079,1
149,312,946,149,312,946,149,312,946,1
312,191,1092,312,191,1092,312,191,1092,1
191,168,1055,191,168,1055,191,168,1055,1
168,193,1093,168,193,1093,168,193,1093,1
193,139,945,193,139,945,193,139,945,1
139,242,1087,139,242,1087,139,242,1087,1
242,186,1092,242,186,1092,242,186,1092,1
186,223,1049,186,223,1049,186,223,1049,1
223,218,1045,223,218,1045,223,218,1045,1
218,302,943,218,302,943,218,302,943,1
302,239,1035,302,239,1035,302,239,1035,1
239,180,1098,239,180,1098,239,180,1098,1
180,184,1082,180,184,1082,180,184,1082,1
184,210,1099,184,210,1099,184,210,1099,1
210,174,1038,210,174,1038,210,174,1038,1
174,169,1073,174,169,1073,174,169,1073,1
169,176,1108,169,176,1108,169,176,1108,1
176,171,1048,176,171,1048,176,171,1048,1
171,169,1073,171,169,1073,171,169,1073,1
169,199,1057,169,199,1057,169,199,1057,1
199,193,1033,199,193,1033,199,193,1033,1
193,227,1048,193,227,1048,193,227,1048,1
227,179,926,227,179,926,227,179,926,1
179,186,959,179,186,959,179,186,959,1
186,147,952,186,147,952,186,147,952,1
147,209,1119,147,209,1119,147,209,1119,1
209,178,1066,209,178,1066,209,178,1066,1
178,178,1103,178,178,1103,178,178,1103,1
178,170,1079,178,170,1079,178,170,1079,1
170,176,1096,170,176,1096,170,176,1096,1
176,172,1080,176,172,1080,176,172,1080,1
172,186,1090,172,186,1090,172,186,1090,1
186,171,1107,186,171,1107,186,171,1107,1
171,172,1098,171,172,1098,171,172,1098,1
172,172,1096,172,172,1096,172,172,1096,1
172,172,1089,172,172,1089,172,172,1089,1
172,188,1115,172,188,1115,172,188,1115,1
188,182,1109,188,182,1109,188,182,1109,1
182,185,1118,182,185,1118,182,185,1118,1
185,172,1124,185,172,1124,185,172,1124,1
172,183,1102,172,183,1102,172,183,1102,1
183,236,1074,183,236,1074,183,236,1074,1
236,177,1053,236,177,1053,236,177,1053,1
177,171,1086,177,171,1086,177,171,1086,1
171,237,1051,171,237,1051,171,237,1051,1
237,223,1067,237,223,1067,237,223,1067,1
223,200,1062,223,200,1062,223,200,1062,1
200,168,1094,200,168,1094,200,168,1094,1
168,280,978,168,280,978,168,280,978,1
280,180,1119,280,180,1119,280,180,1119,1
180,174,1069,180,174,1069,180,174,1069,1
174,170,1051,174,170,1051,174,170,1051,1
170,159,1029,170,159,1029,170,159,1029,1
159,163,1072,159,163,1072,159,163,1072,1
163,165,1066,163,165,1066,163,165,1066,1
165,163,1062,165,163,1062,165,163,1062,1
163,161,1066,163,161,1066,163,161,1066,1
161,220,1102,161,220,1102,161,220,1102,1
220,221,1106,220,221,1106,220,221,1106,1
221,174,1101,221,174,1101,221,174,1101,1
174,175,1107,174,175,1107,174,175,1107,1
175,171,1108,175,171,1108,175,171,1108,1
171,177,1123,171,177,1123,171,177,1123,1
177,186,1119,177,186,1119,177,186,1119,1
186,167,1070,186,167,1070,186,167,1070,1
167,163,1079,167,163,1079,167,163,1079,1
163,159,1053,163,159,1053,163,159,1053,-1
159,166,1081,159,166,1081,159,166,1081,1
166,149,1096,166,149,1096,166,149,1096,1
149,165,1137,149,165,1137,149,165,1137,1
165,182,1102,165,182,1102,165,182,1102,1
182,165,1079,182,165,1079,182,165,1079,1
165,174,1094,165,174,1094,165,174,1094,1
174,174,1104,174,174,1104,174,174,1104,1
174,179,1121,174,179,1121,174,179,1121,1
179,170,1135,179,170,1135,179,170,1135,1
170,180,1101,170,180,1101,170,180,1101,1
180,170,1059,180,170,1059,180,170,1059,1
170,230,1068,170,230,1068,170,230,1068,1
230,179,1078,230,179,1078,230,179,1078,1
179,154,1040,179,154,1040,179,154,1040,1
154,161,961,154,161,961,154,161,961,1
161,131,960,161,131,960,161,131,960,1
131,172,1073,131,172,1073,131,172,1073,1
172,178,1123,172,178,1123,172,178,1123,1
178,169,1118,178,169,1118,178,169,1118,1
169,173,1104,169,173,1104,169,173,1104,1
173,172,1118,173,172,1118,173,172,1118,1
172,178,1045,172,178,1045,172,178,1045,1
178,168,1043,178,168,1043,178,168,1043,1
168,208,1060,168,208,1060,168,208,1060,1
208,155,1066,208,155,1066,208,155,1066,1
155,165,1084,155,165,1084,155,165,1084,1
165,158,1046,165,158,1046,165,158,1046,1
158,172,1080,158,172,1080,158,172,1080,1
172,168,1046,172,168,1046,172,168,1046,1
168,255,1047,168,255,1047,168,255,1047,1
255,167,1046,255,167,1046,255,167,1046,1
167,184,1054,167,184,1054,167,184,1054,1
184,213,1042,184,213,1042,184,213,1042,1
213,178,1083,213,178,1083,213,178,1083,1
178,229,1069,178,229,1069,178,229,1069,1
229,208,1059,229,208,1059,229,208,1059,1
208,205,1050,208,205,1050,208,205,1050,1
205,207,1033,205,207,1033,205,207,1033,1
207,188,1043,207,188,1043,207,188,1043,1
188,165,1036,188,165,1036,188,165,1036,1
165,167,942,165,167,942,165,167,942,1
167,132,945,167,132,945,167,132,945,1
132,233,1074,132,233,1074,132,233,1074,1
233,208,1091,233,208,1091,233,208,1091,1
208,222,1041,208,222,1041,208,222,1041,1
222,231,1046,222,231,1046,222,231,1046,1
231,155,1091,231,155,1091,231,155,1091,1
155,241,1101,155,241,1101,155,241,1101,1
241,153,1071,241,153,1071,241,153,1071,1
153,159,1026,153,159,1026,153,159,1026,1
159,154,1047,159,154,1047,159,154,1047,1
154,162,1067,154,162,1067,154,162,1067,1
162,169,1073,162,169,1073,162,169,1073,1
169,169,1085,169,169,1085,169,169,1085,1
169,162,1100,169,162,1100,169,162,1100,1
162,178,1085,162,178,1085,162,178,1085,1
178,162,1037,178,162,1037,178,162,1037,1
162,232,1080,162,232,1080,162,232,1080,1
232,161,1084,232,161,1084,232,161,1084,1
161,160,1066,161,160,1066,161,160,1066,1
160,142,1045,160,142,1045,160,142,1045,1
142,171,968,142,171,968,142,171,968,1
171,317,950,171,317,950,171,317,950,1
317,155,1092,317,155,1092,317,155,1092,1
155,181,988,155,181,988,155,181,988,1
181,268,954,181,268,954,181,268,954,1
268,147,1100,268,147,1100,268,147,1100,1
147,148,961,147,148,961,147,148,961,1
148,168,1095,148,168,1095,148,168,1095,1
168,157,1063,168,157,1063,168,157,1063,1
157,152,1054,157,152,1054,157,152,1054,1
152,155,1064,152,155,1064,152,155,1064,1
155,154,1085,155,154,1085,155,154,1085,1
154,155,1081,154,155,1081,154,155,1081,1
155,155,1094,155,155,1094,155,155,1094,1
155,160,1062,155,160,1062,155,160,1062,1
160,157,1110,160,157,1110,160,157,1110,1
157,164,1109,157,164,1109,157,164,1109,1
164,166,1100,164,166,1100,164,166,1100,1
166,163,1150,166,163,1150,166,163,1150,1
163,179,1128,163,179,1128,163,179,1128,1
179,169,1086,179,169,1086,179,169,1086,1
169,153,1067,169,153,1067,169,153,1067,1
153,158,1072,153,158,1072,153,158,1072,1
158,152,1085,158,152,1085,158,152,1085,1
152,161,1076,152,161,1076,152,161,1076,1
161,171,1026,161,171,1026,161,171,1026,1
171,209,1048,171,209,1048,171,209,1048,1
209,177,1057,209,177,1057,209,177,1057,1
177,212,1051,177,212,1051,177,212,1051,1
212,173,1093,212,173,1093,212,173,1093,1
173,170,1114,173,170,1114,173,170,1114,1
170,167,1103,170,167,1103,170,167,1103,1
167,160,1082,167,160,1082,167,160,1082,1
160,159,1076,160,159,1076,160,159,1076,1
159,159,1087,159,159,1087,159,159,1087,1
159,156,1078,159,156,1078,159,156,1078,1
156,152,1072,156,152,1072,156,152,1072,1
152,222,1057,152,222,1057,152,222,1057,1
222,166,1035,222,166,1035,222,166,1035,1
166,163,954,166,163,954,166,163,954,1
163,219,1097,163,219,1097,163,219,1097,1
219,173,1104,219,173,1104,219,173,1104,1
173,165,1108,173,165,1108,173,165,1108,1
165,159,1111,165,159,1111,165,159,1111,1
159,166,1071,159,166,1071,159,166,1071,1
166,161,1090,166,161,1090,166,161,1090,1
161,164,1059,161,164,1059,161,164,1059,1
164,152,1095,164,152,1095,164,152,1095,1
152,154,1069,152,154,1069,152,154,1069,1
154,163,1097,154,163,1097,154,163,1097,1
163,172,1053,163,172,1053,163,172,1053,1
172,144,1072,172,144,1072,172,144,1072,1
144,153,1103,144,153,1103,144,153,1103,1
153,172,1098,153,172,1098,153,172,1098,1
172,171,1045,172,171,1045,172,171,1045,1
171,172,1087,171,172,1087,171,172,1087,1
172,153,1080,172,153,1080,172,153,1080,1
153,158,958,153,158,958,153,158,958,1
158,174,1103,158,174,1103,158,174,1103,1
174,165,1090,174,165,1090,174,165,1090,1
165,137,958,165,137,958,165,137,958,1
137,155,1064,137,155,1064,137,155,1064,1
155,156,1077,155,156,1077,155,156,1077,1
156,145,1039,156,145,1039,156,145,1039,1
145,147,1077,145,147,1077,145,147,1077,1
147,146,1068,147,146,1068,147,146,1068,1
146,166,1083,146,166,1083,146,166,1083,1
166,163,1095,166,163,1095,166,163,1095,1
163,138,968,163,138,968,163,138,968,1
138,168,1103,138,168,1103,138,168,1103,1
168,167,1127,168,167,1127,168,167,1127,1
167,162,1090,167,162,1090,167,162,1090,1
162,180,1110,162,180,1110,162,180,1110,1
180,166,1051,180,166,1051,180,166,1051,1
166,144,1084,166,144,1084,166,144,1084,1
144,170,971,144,170,971,144,170,971,1
170,126,1067,170,126,1067,170,126,1067,1
126,147,1035,126,147,1035,126,147,1035,1
147,161,1037,147,161,1037,147,161,1037,1
161,153,1075,161,153,1075,161,153,1075,1
153,145,951,153,145,951,153,145,951,1
145,172,1128,145,172,1128,145,172,1128,1
172,164,1090,172,164,1090,172,164,1090,1
164,166,1112,164,166,1112,164,166,1112,1
166,156,1092,166,156,1092,166,156,1092,1
156,159,1099,156,159,1099,156,159,1099,1
159,157,1101,159,157,1101,159,157,1101,1
157,158,1109,157,158,1109,157,158,1109,1
158,154,1111,158,154,1111,158,154,1111,1
154,152,1070,154,152,1070,154,152,1070,1
152,150,1095,152,150,1095,152,150,1095,1
150,155,1094,150,155,1094,150,155,1094,1
155,148,1103,155,148,1103,155,148,1103,1
148,177,1108,148,177,1108,148,177,1108,1
177,159,1070,177,159,1070,177,159,1070,1
159,165,1066,159,165,1066,159,165,1066,1
165,153,1066,165,153,1066,165,153,1066,1
153,160,1084,153,160,1084,153,160,1084,1
160,153,1065,160,153,1065,160,153,1065,1
153,164,1082,153,164,1082,153,164,1082,1
164,162,1077,164,162,1077,164,162,1077,1
162,156,1095,162,156,1095,162,156,1095,1
156,159,1106,156,159,1106,156,159,1106,1
159,152,1056,159,152,1056,159,152,1056,1
152,143,1055,152,143,1055,152,143,1055,1
143,205,1075,143,205,1075,143,205,1075,1
205,182,1065,205,182,1065,205,182,1065,1
182,199,987,182,199,987,182,199,987,1
199,206,1107,199,206,1107,199,206,1107,1
206,216,978,206,216,978,206,216,978,1
216,153,986,216,153,986,216,153,986,1
153,241,1125,153,241,1125,153,241,1125,1
241,173,988,241,173,988,241,173,988,1
173,245,999,173,245,999,173,245,999,1
245,348,1051,245,348,1051,245,348,1051,1
348,248,974,348,248,974,348,248,974,1
248,161,1366,248,161,1366,248,161,1366,1
161,184,1086,161,184,1086,161,184,1086,1
184,205,1117,184,205,1117,184,205,1117,1
205,163,963,205,163,963,205,163,963,1
163,183,986,163,183,986,163,183,986,1
183,234,1008,183,234,1008,183,234,1008,1
234,165,986,234,165,986,234,165,986,1
