256,256,1008,256,256,1008,256,256,1008,-1
256,272,1000,256,272,1000,256,272,1000,1
272,218,1047,272,218,1047,272,218,1047,1
218,285,1039,218,285,1039,218,285,1039,1
285,232,1051,285,232,1051,285,232,1051,1
232,123,1023,232,123,1023,232,123,1023,1
123,175,965,123,175,965,123,175,965,1
175,144,994,175,144,994,175,144,994,1
144,249,960,144,249,960,144,249,960,1
249,124,979,249,124,979,249,124,979,1
124,258,1007,124,258,1007,124,258,1007,1
258,226,1002,258,226,1002,258,226,1002,1
226,235,997,226,235,997,226,235,997,1
235,241,1030,235,241,1030,235,241,1030,1
241,273,1016,241,273,1016,241,273,1016,1
273,189,1012,273,189,1012,273,189,1012,1
189,140,975,189,140,975,189,140,975,1
140,211,1029,140,211,1029,140,211,1029,1
211,200,967,211,200,967,211,200,967,1
200,143,1000,200,143,1000,200,143,1000,1
143,238,1019,143,238,1019,143,238,1019,1
238,257,1011,238,257,1011,238,257,1011,1
257,141,1025,257,141,1025,257,141,1025,1
141,232,1005,141,232,1005,141,232,1005,1
232,174,1014,232,174,1014,232,174,1014,1
174,183,966,174,183,966,174,183,966,1
183,341,990,183,341,990,183,341,990,1
341,184,1015,341,184,1015,341,184,1015,1
184,199,1037,184,199,1037,184,199,1037,1
199,168,966,199,168,966,199,168,966,1
168,167,982,168,167,982,168,167,982,1
167,199,1027,167,199,1027,167,199,1027,1
199,233,996,199,233,996,199,233,996,1
233,176,1010,233,176,1010,233,176,1010,1
176,186,982,176,186,982,176,186,982,1
186,183,992,186,183,992,186,183,992,1
183,206,1034,183,206,1034,183,206,1034,1
206,251,1050,206,251,1050,206,251,1050,1
251,233,1022,251,233,1022,251,233,1022,1
233,210,1029,233,210,1029,233,210,1029,1
210,152,1021,210,152,1021,210,152,1021,1
152,256,1011,152,256,1011,152,256,1011,1
256,195,1018,256,195,1018,256,195,1018,1
195,135,1016,195,135,1016,195,135,1016,1
135,181,973,135,181,973,135,181,973,1
181,134,978,181,134,978,181,134,978,1
134,192,966,134,192,966,134,192,966,1
192,160,988,192,160,988,192,160,988,1
160,167,973,160,167,973,160,167,973,1
167,181,982,167,181,982,167,181,982,1
181,145,1020,181,145,1020,181,145,1020,1
145,214,973,145,214,973,145,214,973,1
214,146,1003,214,146,1003,214,146,1003,1
146,185,1011,146,185,1011,146,185,1011,1
185,178,976,185,178,976,185,178,976,1
178,165,1010,178,165,1010,178,165,1010,1
165,175,1002,165,175,1002,165,175,1002,1
175,236,1040,175,236,1040,175,236,1040,1
236,200,968,236,200,968,236,200,968,1
200,342,1013,200,342,1013,200,342,1013,1
342,202,1034,342,202,1034,342,202,1034,1
202,154,1028,202,154,1028,202,154,1028,1
154,197,980,154,197,980,154,197,980,1
197,122,979,197,122,979,197,122,979,1
122,145,1020,122,145,1020,122,145,1020,1
145,150,972,145,150,972,145,150,972,1
150,328,1034,150,328,1034,150,328,1034,1
328,173,1038,328,173,1038,328,173,1038,1
173,298,979,173,298,979,173,298,979,1
298,225,1028,298,225,1028,298,225,1028,1
225,216,983,225,216,983,225,216,983,1
216,153,1006,216,153,1006,216,153,1006,1
153,250,1046,153,250,1046,153,250,1046,1
250,148,1022,250,148,1022,250,148,1022,-1
148,228,1011,148,228,1011,148,228,1011,1
228,228,1025,228,228,1025,228,228,1025,1
228,222,1025,228,222,1025,228,222,1025,1
222,204,1033,222,204,1033,222,204,1033,1
204,255,1041,204,255,1041,204,255,1041,1
255,256,1028,255,256,1028,255,256,1028,1
256,163,1015,256,163,1015,256,163,1015,1
163,244,1061,163,244,1061,163,244,1061,1
244,155,1035,244,155,1035,244,155,1035,1
155,303,979,155,303,979,155,303,979,1
303,152,1022,303,152,1022,303,152,1022,1
152,139,1008,152,139,1008,152,139,1008,1
139,212,1092,139,212,1092,139,212,1092,1
212,182,1024,212,182,1024,212,182,1024,1
182,181,999,182,181,999,182,181,999,1
181,124,975,181,124,975,181,124,975,1
124,167,1046,124,167,1046,124,167,1046,1
167,252,1046,167,252,1046,167,252,1046,1
252,244,1020,252,244,1020,252,244,1020,1
244,150,1018,244,150,1018,244,150,1018,1
150,225,1015,150,225,1015,150,225,1015,1
225,154,1002,225,154,1002,225,154,1002,1
154,137,969,154,137,969,154,137,969,1
137,234,987,137,234,987,137,234,987,1
234,226,989,234,226,989,234,226,989,1
226,220,1001,226,220,1001,226,220,1001,1
220,314,999,220,314,999,220,314,999,1
314,175,1025,314,175,1025,314,175,1025,1
175,148,974,175,148,974,175,148,974,1
148,259,1037,148,259,1037,148,259,1037,1
259,240,1017,259,240,1017,259,240,1017,1
240,154,1014,240,154,1014,240,154,1014,1
154,184,1010,154,184,1010,154,184,1010,1
184,218,1001,184,218,1001,184,218,1001,1
218,235,996,218,235,996,218,235,996,1
235,201,966,235,201,966,235,201,966,1
201,199,1007,201,199,1007,201,199,1007,1
199,156,1051,199,156,1051,199,156,1051,1
156,161,1025,156,161,1025,156,161,1025,1
161,239,1040,161,239,1040,161,239,1040,1
239,193,1028,239,193,1028,239,193,1028,1
193,156,970,193,156,970,193,156,970,1
156,155,1013,156,155,1013,156,155,1013,1
155,214,1021,155,214,1021,155,214,1021,1
214,202,1013,214,202,1013,214,202,1013,1
202,225,966,202,225,966,202,225,966,1
225,249,992,225,249,992,225,249,992,1
249,324,959,249,324,959,249,324,959,1
324,157,1027,324,157,1027,324,157,1027,1
157,199,963,157,199,963,157,199,963,1
199,131,1000,199,131,1000,199,131,1000,1
131,191,1011,131,191,1011,131,191,1011,1
191,231,975,191,231,975,191,231,975,1
231,170,974,231,170,974,231,170,974,1
170,187,1014,170,187,1014,170,187,1014,1
187,224,1011,187,224,1011,187,224,1011,1
224,249,1001,224,249,1001,224,249,1001,1
249,193,1014,249,193,1014,249,193,1014,1
193,238,1019,193,238,1019,193,238,1019,1
238,215,1019,238,215,1019,238,215,1019,1
215,187,1014,215,187,1014,215,187,1014,1
187,154,1021,187,154,1021,187,154,1021,1
154,180,1015,154,180,1015,154,180,1015,1
180,211,955,180,211,955,180,211,955,1
211,139,997,211,139,997,211,139,997,1
139,250,998,139,250,998,139,250,998,1
250,240,1025,250,240,1025,250,240,1025,1
240,207,1015,240,207,1015,240,207,1015,1
207,197,966,207,197,966,207,197,966,1
197,132,1006,197,132,1006,197,132,1006,1
132,289,1034,132,289,1034,132,289,1034,1
289,184,1026,289,184,1026,289,184,1026,1
184,187,977,184,187,977,184,187,977,1
187,126,1001,187,126,1001,187,126,1001,1
126,231,1014,126,231,1014,126,231,1014,1
231,143,1019,231,143,1019,231,143,1019,1
143,263,1018,143,263,1018,143,263,1018,1
263,204,1002,263,204,1002,263,204,1002,1
204,131,1017,204,131,1017,204,131,1017,1
131,210,969,131,210,969,131,210,969,1
210,183,1001,210,183,1001,210,183,1001,1
183,176,1022,183,176,1022,183,176,1022,1
176,240,978,176,240,978,176,240,978,1
240,183,1040,240,183,1040,240,183,1040,1
183,126,987,183,126,987,183,126,987,1
126,228,1033,126,228,1033,126,228,1033,1
228,172,1026,228,172,1026,228,172,1026,1
172,198,1051,172,198,1051,172,198,1051,1
198,233,995,198,233,995,198,233,995,1
233,219,1014,233,219,1014,233,219,1014,1
219,195,973,219,195,973,219,195,973,1
195,192,1003,195,192,1003,195,192,1003,1
192,182,999,192,182,999,192,182,999,1
182,245,1041,182,245,1041,182,245,1041,1
245,309,1019,245,309,1019,245,309,1019,1
309,148,1029,309,148,1029,309,148,1029,1
148,273,1004,148,273,1004,148,273,1004,1
273,247,1006,273,247,1006,273,247,1006,1
247,148,1012,247,148,1012,247,148,1012,1
148,203,1017,148,203,1017,148,203,1017,1
203,153,1029,203,153,1029,203,153,1029,1
153,247,1008,153,247,1008,153,247,1008,1
247,184,1009,247,184,1009,247,184,1009,1
184,201,981,184,201,981,184,201,981,1
201,132,979,201,132,979,201,132,979,1
132,220,973,132,220,973,132,220,973,1
220,131,1004,220,131,1004,220,131,1004,1
131,194,1032,131,194,1032,131,194,1032,1
194,268,1012,194,268,1012,194,268,1012,1
268,247,988,268,247,988,268,247,988,1
247,142,1027,247,142,1027,247,142,1027,1
142,244,1026,142,244,1026,142,244,1026,1
244,240,1047,244,240,1047,244,240,1047,1
240,162,1041,240,162,1041,240,162,1041,1
162,163,984,162,163,984,162,163,984,1
163,169,989,163,169,989,163,169,989,1
169,151,1048,169,151,1048,169,151,1048,1
151,304,987,151,304,987,151,304,987,1
304,299,983,304,299,983,304,299,983,1
299,190,980,299,190,980,299,190,980,1
190,187,1011,190,187,1011,190,187,1011,1
187,238,1019,187,238,1019,187,238,1019,1
238,290,982,238,290,982,238,290,982,1
290,181,985,290,181,985,290,181,985,1
181,146,996,181,146,996,181,146,996,1
146,168,1024,146,168,1024,146,168,1024,1
168,135,978,168,135,978,168,135,978,1
135,204,1043,135,204,1043,135,204,1043,1
204,228,1029,204,228,1029,204,228,1029,1
228,220,1019,228,220,1019,228,220,1019,1
220,182,1025,220,182,1025,220,182,1025,1
182,183,973,182,183,973,182,183,973,1
183,147,1011,183,147,1011,183,147,1011,1
147,153,992,147,153,992,147,153,992,1
153,140,1029,153,140,1029,153,140,1029,1
140,209,985,140,209,985,140,209,985,1
209,142,992,209,142,992,209,142,992,1
142,147,1031,142,147,1031,142,147,1031,1
147,137,994,147,137,994,147,137,994,1
137,218,1012,137,218,1012,137,218,1012,1
218,187,952,218,187,952,218,187,952,1
187,137,978,187,137,978,187,137,978,1
137,231,997,137,231,997,137,231,997,1
231,143,1004,231,143,1004,231,143,1004,1
143,184,994,143,184,994,143,184,994,1
184,135,961,184,135,961,184,135,961,1
135,243,1024,135,243,1024,135,243,1024,1
243,155,965,243,155,965,243,155,965,1
155,140,1027,155,140,1027,155,140,1027,1
140,177,981,140,177,981,140,177,981,1
177,175,1044,177,175,1044,177,175,1044,1
175,191,972,175,191,972,175,191,972,1
191,185,998,191,185,998,191,185,998,1
185,207,997,185,207,997,185,207,997,1
207,186,1004,207,186,1004,207,186,1004,1
186,177,1018,186,177,1018,186,177,1018,1
177,216,1038,177,216,1038,177,216,1038,1
216,211,1016,216,211,1016,216,211,1016,1
211,173,1002,211,173,1002,211,173,1002,1
173,187,970,173,187,970,173,187,970,1
187,194,999,187,194,999,187,194,999,1
194,144,1028,194,144,1028,194,144,1028,1
144,207,982,144,207,982,144,207,982,1
207,181,1005,207,181,1005,207,181,1005,1
181,217,1005,181,217,1005,181,217,1005,1
217,248,1004,217,248,1004,217,248,1004,1
248,203,1003,248,203,1003,248,203,1003,1
203,245,987,203,245,987,203,245,987,1
245,220,1008,245,220,1008,245,220,1008,1
220,249,1026,220,249,1026,220,249,1026,1
249,252,1037,249,252,1037,249,252,1037,1
252,220,1015,252,220,1015,252,220,1015,1
220,239,1024,220,239,1024,220,239,1024,1
239,182,1020,239,182,1020,239,182,1020,1
182,146,996,182,146,996,182,146,996,1
146,162,1002,146,162,1002,146,162,1002,1
162,214,970,162,214,970,162,214,970,1
214,251,1013,214,251,1013,214,251,1013,1
251,217,1010,251,217,1010,251,217,1010,1
217,256,979,217,256,979,217,256,979,1
256,125,978,256,125,978,256,125,978,1
125,231,1052,125,231,1052,125,231,1052,1
231,196,970,231,196,970,231,196,970,1
196,144,1006,196,144,1006,196,144,1006,1
144,185,1006,144,185,1006,144,185,1006,1
185,227,1013,185,227,1013,185,227,1013,1
227,228,994,227,228,994,227,228,994,1
228,265,999,228,265,999,228,265,999,1
265,261,1004,265,261,1004,265,261,1004,1
261,244,1027,261,244,1027,261,244,1027,1
244,326,1022,244,326,1022,244,326,1022,1
326,215,1030,326,215,1030,326,215,1030,1
215,168,1032,215,168,1032,215,168,1032,1
168,227,1037,168,227,1037,168,227,1037,1
227,238,1038,227,238,1038,227,238,1038,1
238,251,1009,238,251,1009,238,251,1009,1
251,244,968,251,244,968,251,244,968,1
244,306,989,244,306,989,244,306,989,1
306,226,1044,306,226,1044,306,226,1044,1
226,149,1031,226,149,1031,226,149,1031,1
149,259,1016,149,259,1016,149,259,1016,1
259,160,1035,259,160,1035,259,160,1035,1
160,231,1029,160,231,1029,160,231,1029,1
231,134,974,231,134,974,231,134,974,1
134,202,1019,134,202,1019,134,202,1019,1
202,201,1021,202,201,1021,202,201,1021,1
201,243,1029,201,243,1029,201,243,1029,1
243,177,1024,243,177,1024,243,177,1024,1
177,193,971,177,193,971,177,193,971,1
193,260,994,193,260,994,193,260,994,1
260,173,1043,260,173,1043,260,173,1043,1
173,158,975,173,158,975,173,158,975,1
158,189,966,158,189,966,158,189,966,1
189,194,1010,189,194,1010,189,194,1010,1
194,226,1043,194,226,1043,194,226,1043,1
226,185,1017,226,185,1017,226,185,1017,1
185,131,989,185,131,989,185,131,989,1
131,233,1001,131,233,1001,131,233,1001,1
233,273,1007,233,273,1007,233,273,1007,1
273,249,1020,273,249,1020,273,249,1020,1
249,128,1025,249,128,1025,249,128,1025,1
128,133,983,128,133,983,128,133,983,1
133,256,1030,133,256,1030,133,256,1030,1
256,231,1043,256,231,1043,256,231,1043,1
231,258,1031,231,258,1031,231,258,1031,1
258,146,1014,258,146,1014,258,146,1014,1
146,412,971,146,412,971,146,412,971,1
412,249,1017,412,249,1017,412,249,1017,1
249,251,1015,249,251,1015,249,251,1015,1
251,232,1039,251,232,1039,251,232,1039,1
232,230,1021,232,230,1021,232,230,1021,1
230,217,1008,230,217,1008,230,217,1008,1
217,240,1053,217,240,1053,217,240,1053,1
240,150,1009,240,150,1009,240,150,1009,1
150,237,1002,150,237,1002,150,237,1002,1
237,220,1002,237,220,1002,237,220,1002,1
220,245,988,220,245,988,220,245,988,1
245,179,1029,245,179,1029,245,179,1029,1
179,271,1016,179,271,1016,179,271,1016,1
271,213,1009,271,213,1009,271,213,1009,1
213,254,1044,213,254,1044,213,254,1044,-1
254,224,1023,254,224,1023,254,224,1023,1
224,214,1024,224,214,1024,224,214,1024,1
214,168,1027,214,168,1027,214,168,1027,1
168,237,1042,168,237,1042,168,237,1042,1
237,192,1022,237,192,1022,237,192,1022,1
192,216,1007,192,216,1007,192,216,1007,1
216,299,990,216,299,990,216,299,990,1
299,132,1024,299,132,1024,299,132,1024,1
132,183,986,132,183,986,132,183,986,1
183,248,1028,183,248,1028,183,248,1028,1
248,188,1047,248,188,1047,248,188,1047,1
188,250,991,188,250,991,188,250,991,1
250,173,1057,250,173,1057,250,173,1057,1
173,143,1037,173,143,1037,173,143,1037,1
143,188,991,143,188,991,143,188,991,1
188,384,1006,188,384,1006,188,384,1006,1
384,249,1022,384,249,1022,384,249,1022,1
249,237,1031,249,237,1031,249,237,1031,1
237,290,1052,237,290,1052,237,290,1052,1
290,272,1035,290,272,1035,290,272,1035,1
272,141,1032,272,141,1032,272,141,1032,1
141,235,977,141,235,977,141,235,977,1
235,157,1027,235,157,1027,235,157,1027,1
157,171,969,157,171,969,157,171,969,1
171,202,999,171,202,999,171,202,999,1
202,178,1001,202,178,1001,202,178,1001,1
178,234,1043,178,234,1043,178,234,1043,1
234,283,1013,234,283,1013,234,283,1013,1
283,220,1042,283,220,1042,283,220,1042,1
220,144,1016,220,144,1016,220,144,1016,1
144,134,1011,144,134,1011,144,134,1011,1
134,202,1018,134,202,1018,134,202,1018,1
202,122,964,202,122,964,202,122,964,1
122,201,971,122,201,971,122,201,971,1
201,180,999,201,180,999,201,180,999,1
180,192,981,180,192,981,180,192,981,1
192,249,986,192,249,986,192,249,986,1
249,235,1004,249,235,1004,249,235,1004,1
235,152,1020,235,152,1020,235,152,1020,1
152,189,1015,152,189,1015,152,189,1015,1
189,174,959,189,174,959,189,174,959,1
174,163,982,174,163,982,174,163,982,1
163,239,1024,163,239,1024,163,239,1024,1
239,285,1042,239,285,1042,239,285,1042,1
285,167,1011,285,167,1011,285,167,1011,1
167,204,984,167,204,984,167,204,984,1
204,315,999,204,315,999,204,315,999,1
315,219,967,315,219,967,315,219,967,1
219,202,1009,219,202,1009,219,202,1009,1
202,231,984,202,231,984,202,231,984,1
231,216,1016,231,216,1016,231,216,1016,1
216,168,1006,216,168,1006,216,168,1006,1
168,227,1018,168,227,1018,168,227,1018,1
227,225,1027,227,225,1027,227,225,1027,1
225,161,998,225,161,998,225,161,998,1
161,123,962,161,123,962,161,123,962,1
123,230,1019,123,230,1019,123,230,1019,1
230,139,1025,230,139,1025,230,139,1025,1
139,138,1131,139,138,1131,139,138,1131,1
138,219,1013,138,219,1013,138,219,1013,1
219,223,995,219,223,995,219,223,995,1
223,170,967,223,170,967,223,170,967,1
170,139,967,170,139,967,170,139,967,1
139,144,997,139,144,997,139,144,997,1
144,215,960,144,215,960,144,215,960,1
215,188,1039,215,188,1039,215,188,1039,1
188,217,1031,188,217,1031,188,217,1031,1
217,215,1011,217,215,1011,217,215,1011,1
215,150,993,215,150,993,215,150,993,1
150,241,1001,150,241,1001,150,241,1001,1
241,154,1014,241,154,1014,241,154,1014,1
154,224,1020,154,224,1020,154,224,1020,1
224,237,1022,224,237,1022,224,237,1022,1
237,233,1024,237,233,1024,237,233,1024,1
233,152,1025,233,152,1025,233,152,1025,1
152,200,966,152,200,966,152,200,966,1
200,122,984,200,122,984,200,122,984,1
122,219,1001,122,219,1001,122,219,1001,1
219,191,1028,219,191,1028,219,191,1028,1
191,177,967,191,177,967,191,177,967,1
177,179,1031,177,179,1031,177,179,1031,1
179,128,985,179,128,985,179,128,985,1
128,182,1024,128,182,1024,128,182,1024,1
182,206,969,182,206,969,182,206,969,1
206,173,1004,206,173,1004,206,173,1004,1
173,170,1024,173,170,1024,173,170,1024,1
170,294,970,170,294,970,170,294,970,1
294,220,977,294,220,977,294,220,977,1
220,128,992,220,128,992,220,128,992,1
128,164,1007,128,164,1007,128,164,1007,1
164,325,980,164,325,980,164,325,980,1
325,160,1024,325,160,1024,325,160,1024,1
160,160,984,160,160,984,160,160,984,1
160,298,1037,160,298,1037,160,298,1037,1
298,273,1028,298,273,1028,298,273,1028,1
273,175,1023,273,175,1023,273,175,1023,1
175,133,971,175,133,971,175,133,971,1
133,232,1012,133,232,1012,133,232,1012,1
232,208,1019,232,208,1019,232,208,1019,1
208,199,975,208,199,975,208,199,975,1
199,198,1006,199,198,1006,199,198,1006,1
198,269,1030,198,269,1030,198,269,1030,1
269,206,1010,269,206,1010,269,206,1010,1
206,190,1047,206,190,1047,206,190,1047,1
190,207,1010,190,207,1010,190,207,1010,1
207,254,1024,207,254,1024,207,254,1024,1
254,262,1037,254,262,1037,254,262,1037,1
262,162,1023,262,162,1023,262,162,1023,1
162,215,1005,162,215,1005,162,215,1005,1
215,172,999,215,172,999,215,172,999,1
172,225,1025,172,225,1025,172,225,1025,1
225,250,1047,225,250,1047,225,250,1047,1
250,245,1007,250,245,1007,250,245,1007,1
245,249,1019,245,249,1019,245,249,1019,1
249,184,1048,249,184,1048,249,184,1048,1
184,224,1037,184,224,1037,184,224,1037,1
224,225,1041,224,225,1041,224,225,1041,1
225,213,1014,225,213,1014,225,213,1014,1
213,155,1006,213,155,1006,213,155,1006,1
155,227,1018,155,227,1018,155,227,1018,1
227,140,1019,227,140,1019,227,140,1019,1
140,145,1014,140,145,1014,140,145,1014,1
145,137,980,145,137,980,145,137,980,1
137,264,1036,137,264,1036,137,264,1036,1
264,224,1046,264,224,1046,264,224,1046,1
224,276,1040,224,276,1040,224,276,1040,1
276,196,1035,276,196,1035,276,196,1035,1
196,156,977,196,156,977,196,156,977,1
156,131,993,156,131,993,156,131,993,1
131,190,975,131,190,975,131,190,975,1
190,164,996,190,164,996,190,164,996,1
164,232,1020,164,232,1020,164,232,1020,1
232,204,1032,232,204,1032,232,204,1032,1
204,124,1013,204,124,1013,204,124,1013,1
124,350,982,124,350,982,124,350,982,-1
350,234,1038,350,234,1038,350,234,1038,1
234,155,1013,234,155,1013,234,155,1013,1
155,222,973,155,222,973,155,222,973,1
222,142,996,222,142,996,222,142,996,1
142,121,957,142,121,957,142,121,957,1
121,197,1033,121,197,1033,121,197,1033,1
197,162,1034,197,162,1034,197,162,1034,1
162,171,976,162,171,976,162,171,976,1
171,125,1006,171,125,1006,171,125,1006,1
125,191,1018,125,191,1018,125,191,1018,1
191,136,1026,191,136,1026,191,136,1026,1
136,229,1013,136,229,1013,136,229,1013,1
229,252,1006,229,252,1006,229,252,1006,1
252,207,973,252,207,973,252,207,973,1
207,170,1009,207,170,1009,207,170,1009,1
170,158,994,170,158,994,170,158,994,1
158,254,1027,158,254,1027,158,254,1027,1
254,229,1038,254,229,1038,254,229,1038,1
229,238,1037,229,238,1037,229,238,1037,1
238,134,1018,238,134,1018,238,134,1018,1
134,170,1018,134,170,1018,134,170,1018,1
170,183,976,170,183,976,170,183,976,1
183,236,1027,183,236,1027,183,236,1027,1
236,202,1039,236,202,1039,236,202,1039,1
202,127,973,202,127,973,202,127,973,1
127,174,1039,127,174,1039,127,174,1039,1
174,129,978,174,129,978,174,129,978,1
129,276,1030,129,276,1030,129,276,1030,1
276,160,1011,276,160,1011,276,160,1011,1
160,216,1028,160,216,1028,160,216,1028,1
216,232,1010,216,232,1010,216,232,1010,1
232,215,1032,232,215,1032,232,215,1032,1
215,237,998,215,237,998,215,237,998,1
237,197,1015,237,197,1015,237,197,1015,1
197,212,975,197,212,975,197,212,975,1
212,306,1017,212,306,1017,212,306,1017,1
306,206,1038,306,206,1038,306,206,1038,1
206,288,1042,206,288,1042,206,288,1042,1
288,193,1019,288,193,1019,288,193,1019,1
193,135,974,193,135,974,193,135,974,1
135,180,1032,135,180,1032,135,180,1032,1
180,194,982,180,194,982,180,194,982,1
194,182,1002,194,182,1002,194,182,1002,1
182,248,1009,182,248,1009,182,248,1009,1
248,181,1025,248,181,1025,248,181,1025,1
181,293,971,181,293,971,181,293,971,1
293,197,971,293,197,971,293,197,971,1
197,252,975,197,252,975,197,252,975,1
252,256,1035,252,256,1035,252,256,1035,1
256,197,1005,256,197,1005,256,197,1005,1
197,234,1014,197,234,1014,197,234,1014,1
234,293,1035,234,293,1035,234,293,1035,1
293,180,1024,293,180,1024,293,180,1024,1
180,297,984,180,297,984,180,297,984,1
297,139,1026,297,139,1026,297,139,1026,1
139,244,1002,139,244,1002,139,244,1002,1
244,282,1034,244,282,1034,244,282,1034,1
282,248,1036,282,248,1036,282,248,1036,1
248,144,1023,248,144,1023,248,144,1023,1
144,164,960,144,164,960,144,164,960,1
164,133,990,164,133,990,164,133,990,1
133,155,998,133,155,998,133,155,998,1
155,180,977,155,180,977,155,180,977,1
180,123,991,180,123,991,180,123,991,1
123,261,1017,123,261,1017,123,261,1017,1
261,273,1035,261,273,1035,261,273,1035,1
273,200,968,273,200,968,273,200,968,1
200,201,1003,200,201,1003,200,201,1003,1
201,214,1052,201,214,1052,201,214,1052,1
214,196,1009,214,196,1009,214,196,1009,1
196,145,974,196,145,974,196,145,974,1
145,221,1037,145,221,1037,145,221,1037,1
221,134,1004,221,134,1004,221,134,1004,1
134,251,1002,134,251,1002,134,251,1002,1
251,203,1001,251,203,1001,251,203,1001,1
203,216,996,203,216,996,203,216,996,1
216,205,954,216,205,954,216,205,954,1
205,145,982,205,145,982,205,145,982,1
145,204,964,145,204,964,145,204,964,1
204,147,994,204,147,994,204,147,994,1
147,270,959,147,270,959,147,270,959,1
270,152,972,270,152,972,270,152,972,1
152,197,1036,152,197,1036,152,197,1036,1
197,273,1016,197,273,1016,197,273,1016,1
273,242,1027,273,242,1027,273,242,1027,1
242,252,1054,242,252,1054,242,252,1054,1
252,245,1054,252,245,1054,252,245,1054,1
245,278,1017,245,278,1017,245,278,1017,1
278,148,1035,278,148,1035,278,148,1035,1
148,222,1018,148,222,1018,148,222,1018,1
222,308,1022,222,308,1022,222,308,1022,1
308,184,1019,308,184,1019,308,184,1019,1
184,235,1032,184,235,1032,184,235,1032,1
235,222,1011,235,222,1011,235,222,1011,1
222,188,1004,222,188,1004,222,188,1004,1
188,132,974,188,132,974,188,132,974,1
132,279,1044,132,279,1044,132,279,1044,1
279,254,1043,279,254,1043,279,254,1043,1
254,259,1048,254,259,1048,254,259,1048,1
259,229,1005,259,229,1005,259,229,1005,1
229,251,1016,229,251,1016,229,251,1016,1
251,164,993,251,164,993,251,164,993,1
164,142,1023,164,142,1023,164,142,1023,1
142,238,1020,142,238,1020,142,238,1020,1
238,193,981,238,193,981,238,193,981,-1
193,258,1051,193,258,1051,193,258,1051,-1
258,154,1044,258,154,1044,258,154,1044,-1
154,253,1029,154,253,1029,154,253,1029,-1
253,302,1043,253,302,1043,253,302,1043,1
302,313,1034,302,313,1034,302,313,1034,-1
313,164,1008,313,164,1008,313,164,1008,1
164,134,981,164,134,981,164,134,981,1
134,212,1018,134,212,1018,134,212,1018,1
212,222,1013,212,222,1013,212,222,1013,-1
222,275,1022,222,275,1022,222,275,1022,1
275,181,1030,275,181,1030,275,181,1030,1
181,268,1030,181,268,1030,181,268,1030,1
268,214,1023,268,214,1023,268,214,1023,1
214,235,1032,214,235,1032,214,235,1032,-1
235,237,1030,235,237,1030,235,237,1030,1
237,171,1016,237,171,1016,237,171,1016,1
171,187,1010,171,187,1010,171,187,1010,1
187,178,999,187,178,999,187,178,999,1
178,238,962,178,238,962,178,238,962,-1
238,171,1008,238,171,1008,238,171,1008,1
171,178,1026,171,178,1026,171,178,1026,1
178,246,967,178,246,967,178,246,967,1
246,242,1034,246,242,1034,246,242,1034,1
242,159,1038,242,159,1038,242,159,1038,1
159,242,1029,159,242,1029,159,242,1029,1
242,185,1015,242,185,1015,242,185,1015,1
185,244,1017,185,244,1017,185,244,1017,1
244,174,1007,244,174,1007,244,174,1007,1
174,128,962,174,128,962,174,128,962,1
128,141,1021,128,141,1021,128,141,1021,1
141,210,987,141,210,987,141,210,987,1
210,138,1008,210,138,1008,210,138,1008,1
138,201,979,138,201,979,138,201,979,1
201,240,993,201,240,993,201,240,993,1
240,137,981,240,137,981,240,137,981,1
137,330,992,137,330,992,137,330,992,1
330,247,1033,330,247,1033,330,247,1033,1
247,224,1044,247,224,1044,247,224,1044,1
224,291,1037,224,291,1037,224,291,1037,-1
291,261,1029,291,261,1029,291,261,1029,1
261,233,1046,261,233,1046,261,233,1046,-1
233,275,1052,233,275,1052,233,275,1052,1
275,225,1029,275,225,1029,275,225,1029,-1
225,207,1029,225,207,1029,225,207,1029,1
207,210,1028,207,210,1028,207,210,1028,1
210,162,1002,210,162,1002,210,162,1002,1
162,236,976,162,236,976,162,236,976,-1
236,308,1017,236,308,1017,236,308,1017,1
308,244,1043,308,244,1043,308,244,1043,1
244,244,1022,244,244,1022,244,244,1022,-1
244,220,1032,244,220,1032,244,220,1032,1
220,245,1028,220,245,1028,220,245,1028,1
245,233,1025,245,233,1025,245,233,1025,-1
233,145,1032,233,145,1032,233,145,1032,1
145,264,1016,145,264,1016,145,264,1016,-1
264,198,1005,264,198,1005,264,198,1005,1
198,246,986,198,246,986,198,246,986,-1
246,187,980,246,187,980,246,187,980,1
187,236,1024,187,236,1024,187,236,1024,1
236,195,1026,236,195,1026,236,195,1026,-1
195,264,1027,195,264,1027,195,264,1027,1
264,168,1027,264,168,1027,264,168,1027,1
168,125,974,168,125,974,168,125,974,1
125,202,1013,125,202,1013,125,202,1013,1
202,168,1034,202,168,1034,202,168,1034,1
168,325,981,168,325,981,168,325,981,1
325,213,1018,325,213,1018,325,213,1018,1
213,287,1026,213,287,1026,213,287,1026,-1
287,222,1017,287,222,1017,287,222,1017,-1
222,225,1006,222,225,1006,222,225,1006,1
225,143,1015,225,143,1015,225,143,1015,1
143,244,1010,143,244,1010,143,244,1010,-1
244,267,1038,244,267,1038,244,267,1038,1
267,193,1051,267,193,1051,267,193,1051,1
193,179,1046,193,179,1046,193,179,1046,1
179,193,981,179,193,981,179,193,981,1
193,132,1010,193,132,1010,193,132,1010,-1
132,162,1030,132,162,1030,132,162,1030,1
162,172,990,162,172,990,162,172,990,1
172,184,1025,172,184,1025,172,184,1025,-1
184,130,1000,184,130,1000,184,130,1000,1
130,171,1056,130,171,1056,130,171,1056,1
171,254,1041,171,254,1041,171,254,1041,1
254,158,1066,254,158,1066,254,158,1066,1
158,230,1021,158,230,1021,158,230,1021,-1
230,175,1045,230,175,1045,230,175,1045,-1
175,137,977,175,137,977,175,137,977,-1
137,262,1021,137,262,1021,137,262,1021,-1
262,213,1031,262,213,1031,262,213,1031,1
213,232,1053,213,232,1053,213,232,1053,-1
232,186,1011,232,186,1011,232,186,1011,-1
186,134,975,186,134,975,186,134,975,1
134,258,1035,134,258,1035,134,258,1035,1
258,189,1044,258,189,1044,258,189,1044,1
189,155,983,189,155,983,189,155,983,1
155,267,1023,155,267,1023,155,267,1023,1
267,181,1012,267,181,1012,267,181,1012,1
181,183,981,181,183,981,181,183,981,1
183,173,1018,183,173,1018,183,173,1018,-1
173,198,987,173,198,987,173,198,987,1
198,202,1013,198,202,1013,198,202,1013,1
202,243,1017,202,243,1017,202,243,1017,1
243,235,1040,243,235,1040,243,235,1040,1
235,248,1031,235,248,1031,235,248,1031,1
248,265,1015,248,265,1015,248,265,1015,1
265,167,1015,265,167,1015,265,167,1015,1
167,263,965,167,263,965,167,263,965,1
263,183,969,263,183,969,263,183,969,1
183,123,997,183,123,997,183,123,997,1
123,319,990,123,319,990,123,319,990,1
319,127,963,319,127,963,319,127,963,1
127,166,975,127,166,975,127,166,975,1
166,225,984,166,225,984,166,225,984,1
225,123,979,225,123,979,225,123,979,1
123,222,979,123,222,979,123,222,979,1
222,155,976,222,155,976,222,155,976,1
155,244,1055,155,244,1055,155,244,1055,1
244,164,967,244,164,967,244,164,967,1
164,144,966,164,144,966,164,144,966,1
144,186,970,144,186,970,144,186,970,1
186,354,1032,186,354,1032,186,354,1032,1
354,182,980,354,182,980,354,182,980,1
182,194,1040,182,194,1040,182,194,1040,1
194,167,981,194,167,981,194,167,981,1
167,123,975,167,123,975,167,123,975,1
123,226,975,123,226,975,123,226,975,1
226,280,995,226,280,995,226,280,995,1
280,242,1056,280,242,1056,280,242,1056,1
242,128,963,242,128,963,242,128,963,1
128,194,970,128,194,970,128,194,970,1
194,211,1045,194,211,1045,194,211,1045,1
211,278,966,211,278,966,211,278,966,1
278,151,1038,278,151,1038,278,151,1038,-1
151,124,978,151,124,978,151,124,978,-1
124,207,1010,124,207,1010,124,207,1010,1
207,216,965,207,216,965,207,216,965,1
216,307,1077,216,307,1077,216,307,1077,1
307,137,966,307,137,966,307,137,966,1
137,183,977,137,183,977,137,183,977,1
183,177,1009,183,177,1009,183,177,1009,-1
177,188,978,177,188,978,177,188,978,1
188,315,1019,188,315,1019,188,315,1019,1
315,139,980,315,139,980,315,139,980,1
139,242,1019,139,242,1019,139,242,1019,1
242,243,1000,242,243,1000,242,243,1000,1
243,450,1002,243,450,1002,243,450,1002,1
450,189,1026,450,189,1026,450,189,1026,1
189,158,977,189,158,977,189,158,977,-1
158,154,975,158,154,975,158,154,975,1
154,203,1029,154,203,1029,154,203,1029,-1
203,219,976,203,219,976,203,219,976,1
219,184,1009,219,184,1009,219,184,1009,-1
184,191,980,184,191,980,184,191,980,-1
191,295,1005,191,295,1005,191,295,1005,-1
295,159,964,295,159,964,295,159,964,-1
159,190,1015,159,190,1015,159,190,1015,-1
190,252,964,190,252,964,190,252,964,1
252,221,992,252,221,992,252,221,992,1
221,209,958,221,209,958,221,209,958,-1
209,415,998,209,415,998,209,415,998,-1
415,267,1001,415,267,1001,415,267,1001,1
267,144,968,267,144,968,267,144,968,-1
144,231,999,144,231,999,144,231,999,1
231,187,962,231,187,962,231,187,962,-1
187,232,1000,187,232,1000,187,232,1000,1
232,135,970,232,135,970,232,135,970,-1
135,191,976,135,191,976,135,191,976,1
191,196,1013,191,196,1013,191,196,1013,-1
196,153,965,196,153,965,196,153,965,1
153,428,1044,153,428,1044,153,428,1044,-1
428,443,998,428,443,998,428,443,998,1
443,207,1027,443,207,1027,443,207,1027,-1
207,246,976,207,246,976,207,246,976,1
246,221,1017,246,221,1017,246,221,1017,-1
221,195,969,221,195,969,221,195,969,1
195,188,981,195,188,981,195,188,981,-1
188,369,1017,188,369,1017,188,369,1017,1
369,295,1008,369,295,1008,369,295,1008,-1
295,158,976,295,158,976,295,158,976,1
158,211,1032,158,211,1032,158,211,1032,-1
211,225,981,211,225,981,211,225,981,1
225,183,1006,225,183,1006,225,183,1006,1
183,263,980,183,263,980,183,263,980,-1
263,121,1052,263,121,1052,263,121,1052,1
121,353,1019,121,353,1019,121,353,1019,1
353,121,1018,353,121,1018,353,121,1018,-1
121,322,1009,121,322,1009,121,322,1009,1
322,188,1021,322,188,1021,322,188,1021,1
188,237,981,188,237,981,188,237,981,-1
237,206,1011,237,206,1011,237,206,1011,-1
206,147,975,206,147,975,206,147,975,1
147,123,991,147,123,991,147,123,991,1
123,203,1100,123,203,1100,123,203,1100,-1
203,154,1001,203,154,1001,203,154,1001,1
154,136,966,154,136,966,154,136,966,1
136,177,1002,136,177,1002,136,177,1002,-1
177,236,962,177,236,962,177,236,962,1
236,127,1037,236,127,1037,236,127,1037,1
127,221,1011,127,221,1011,127,221,1011,-1
221,333,1008,221,333,1008,221,333,1008,1
333,196,1015,333,196,1015,333,196,1015,1
196,207,979,196,207,979,196,207,979,-1
207,247,972,207,247,972,207,247,972,1
247,121,1014,247,121,1014,247,121,1014,1
121,343,1008,121,343,1008,121,343,1008,-1
343,302,1048,343,302,1048,343,302,1048,1
302,236,980,302,236,980,302,236,980,1
236,162,1112,236,162,1112,236,162,1112,-1
162,266,1026,162,266,1026,162,266,1026,-1
266,161,981,266,161,981,266,161,981,1
161,214,1027,161,214,1027,161,214,1027,1
214,228,1095,214,228,1095,214,228,1095,-1
228,168,978,228,168,978,228,168,978,1
168,291,993,168,291,993,168,291,993,1
291,168,988,291,168,988,291,168,988,-1
168,182,980,168,182,980,168,182,980,1
182,155,995,182,155,995,182,155,995,1
155,124,1051,155,124,1051,155,124,1051,-1
124,161,1015,124,161,1015,124,161,1015,1
161,169,983,161,169,983,161,169,983,1
169,215,979,169,215,979,169,215,979,1
215,277,1019,215,277,1019,215,277,1019,1
277,153,975,277,153,975,277,153,975,-1
153,228,976,153,228,976,153,228,976,1
228,252,1043,228,252,1043,228,252,1043,1
252,137,975,252,137,975,252,137,975,1
137,151,980,137,151,980,137,151,980,1
151,142,985,151,142,985,151,142,985,-1
142,215,1043,142,215,1043,142,215,1043,1
215,210,975,215,210,975,215,210,975,1
210,198,1029,210,198,1029,210,198,1029,1
198,228,1061,198,228,1061,198,228,1061,1
228,229,965,228,229,965,228,229,965,-1
229,197,1011,229,197,1011,229,197,1011,1
197,242,988,197,242,988,197,242,988,1
242,190,1038,242,190,1038,242,190,1038,1
190,295,987,190,295,987,190,295,987,1
295,124,1080,295,124,1080,295,124,1080,-1
124,154,1019,124,154,1019,124,154,1019,-1
154,215,982,154,215,982,154,215,982,1
215,247,1007,215,247,1007,215,247,1007,1
247,126,979,247,126,979,247,126,979,-1
126,188,985,126,188,985,126,188,985,1
188,353,1020,188,353,1020,188,353,1020,1
353,248,1018,353,248,1018,353,248,1018,-1
248,208,976,248,208,976,248,208,976,1
208,121,1039,208,121,1039,208,121,1039,1
121,230,1012,121,230,1012,121,230,1012,-1
230,124,1001,230,124,1001,230,124,1001,-1
124,246,1106,124,246,1106,124,246,1106,1
246,273,1025,246,273,1025,246,273,1025,1
273,163,970,273,163,970,273,163,970,1
163,183,1012,163,183,1012,163,183,1012,1
183,224,972,183,224,972,183,224,972,1
224,253,976,224,253,976,224,253,976,1
253,260,1042,253,260,1042,253,260,1042,1
260,191,968,260,191,968,260,191,968,1
191,127,1019,191,127,1019,191,127,1019,1
127,130,995,127,130,995,127,130,995,1
130,198,966,130,198,966,130,198,966,1
198,122,1012,198,122,1012,198,122,1012,1
122,181,1005,122,181,1005,122,181,1005,-1
181,138,965,181,138,965,181,138,965,1
138,199,987,138,199,987,138,199,987,-1
199,266,1075,199,266,1075,199,266,1075,1
266,201,974,266,201,974,266,201,974,1
201,192,1003,201,192,1003,201,192,1003,1
192,250,979,192,250,979,192,250,979,-1
250,121,1021,250,121,1021,250,121,1021,-1
121,242,996,121,242,996,121,242,996,1
242,124,1009,242,124,1009,242,124,1009,1
124,228,1102,124,228,1102,124,228,1102,-1
228,363,1005,228,363,1005,228,363,1005,1
363,183,981,363,183,981,363,183,981,1
183,135,1009,183,135,1009,183,135,1009,-1
135,211,976,135,211,976,135,211,976,1
211,195,1021,211,195,1021,211,195,1021,1
195,268,990,195,268,990,195,268,990,-1
268,121,1061,268,121,1061,268,121,1061,1
121,193,1017,121,193,1017,121,193,1017,1
193,242,973,193,242,973,193,242,973,-1
242,188,980,242,188,980,242,188,980,-1
188,218,1061,188,218,1061,188,218,1061,1
218,150,1005,218,150,1005,218,150,1005,1
150,165,983,150,165,983,150,165,983,1
165,229,1076,165,229,1076,165,229,1076,1
229,179,1020,229,179,1020,229,179,1020,-1
179,181,1016,179,181,1016,179,181,1016,-1
181,176,1011,181,176,1011,181,176,1011,1
176,156,1036,176,156,1036,176,156,1036,1
156,182,1034,156,182,1034,156,182,1034,-1
182,256,1038,182,256,1038,182,256,1038,1
256,161,1023,256,161,1023,256,161,1023,1
161,137,994,161,137,994,161,137,994,-1
137,126,1005,137,126,1005,137,126,1005,1
126,180,1049,126,180,1049,126,180,1049,1
180,233,1024,180,233,1024,180,233,1024,-1
233,194,1006,233,194,1006,233,194,1006,1
194,188,1004,194,188,1004,194,188,1004,1
188,190,993,188,190,993,188,190,993,-1
190,220,1019,190,220,1019,190,220,1019,1
220,193,1019,220,193,1019,220,193,1019,1
193,299,968,193,299,968,193,299,968,-1
299,266,1036,299,266,1036,299,266,1036,1
266,271,1012,266,271,1012,266,271,1012,1
271,261,1022,271,261,1022,271,261,1022,-1
261,157,1000,261,157,1000,261,157,1000,1
157,213,1014,157,213,1014,157,213,1014,1
213,184,999,213,184,999,213,184,999,-1
184,160,1006,184,160,1006,184,160,1006,1
160,191,958,160,191,958,160,191,958,1
191,181,977,191,181,977,191,181,977,-1
181,160,1030,181,160,1030,181,160,1030,1
160,201,1034,160,201,1034,160,201,1034,1
201,141,1039,201,141,1039,201,141,1039,-1
141,158,982,141,158,982,141,158,982,1
158,221,1014,158,221,1014,158,221,1014,1
221,151,1022,221,151,1022,221,151,1022,-1
151,261,1028,151,261,1028,151,261,1028,1
261,180,1008,261,180,1008,261,180,1008,1
180,255,1026,180,255,1026,180,255,1026,-1
255,195,1022,255,195,1022,255,195,1022,1
195,216,1043,195,216,1043,195,216,1043,1
216,171,1039,216,171,1039,216,171,1039,-1
171,166,1038,171,166,1038,171,166,1038,1
166,142,1046,166,142,1046,166,142,1046,1
142,203,1040,142,203,1040,142,203,1040,-1
203,214,1012,203,214,1012,203,214,1012,1
214,262,1007,214,262,1007,214,262,1007,1
262,167,1027,262,167,1027,262,167,1027,-1
167,134,1089,167,134,1089,167,134,1089,1
134,192,1090,134,192,1090,134,192,1090,1
192,230,1021,192,230,1021,192,230,1021,-1
230,217,1007,230,217,1007,230,217,1007,1
217,215,967,217,215,967,217,215,967,1
215,178,1023,215,178,1023,215,178,1023,-1
178,161,988,178,161,988,178,161,988,1
161,183,1024,161,183,1024,161,183,1024,1
183,127,983,183,127,983,183,127,983,-1
127,139,1003,127,139,1003,127,139,1003,1
139,304,982,139,304,982,139,304,982,1
304,202,1003,304,202,1003,304,202,1003,-1
202,142,1000,202,142,1000,202,142,1000,1
142,250,1010,142,250,1010,142,250,1010,1
250,151,999,250,151,999,250,151,999,-1
151,169,1026,151,169,1026,151,169,1026,1
169,154,1020,169,154,1020,169,154,1020,1
154,276,1006,154,276,1006,154,276,1006,-1
276,300,958,276,300,958,276,300,958,1
300,296,1015,300,296,1015,300,296,1015,1
296,169,973,296,169,973,296,169,973,-1
169,242,975,169,242,975,169,242,975,1
242,267,1027,242,267,1027,242,267,1027,1
267,178,990,267,178,990,267,178,990,-1
178,219,1016,178,219,1016,178,219,1016,-1
219,252,971,219,252,971,219,252,971,1
252,147,980,252,147,980,252,147,980,-1
147,144,1045,147,144,1045,147,144,1045,1
144,181,1008,144,181,1008,144,181,1008,1
181,191,1010,181,191,1010,181,191,1010,-1
191,212,960,191,212,960,191,212,960,1
212,155,978,212,155,978,212,155,978,-1
155,124,1032,155,124,1032,155,124,1032,1
124,175,1022,124,175,1022,124,175,1022,1
175,295,1008,175,295,1008,175,295,1008,1
295,488,995,295,488,995,295,488,995,-1
488,231,1029,488,231,1029,488,231,1029,1
231,215,981,231,215,981,231,215,981,1
215,193,1123,215,193,1123,215,193,1123,-1
193,153,992,193,153,992,193,153,992,1
153,147,965,153,147,965,153,147,965,-1
147,226,999,147,226,999,147,226,999,1
226,202,968,226,202,968,226,202,968,1
202,237,979,202,237,979,202,237,979,1
237,217,1022,237,217,1022,237,217,1022,-1
217,134,974,217,134,974,217,134,974,1
134,139,973,134,139,973,134,139,973,-1
139,211,976,139,211,976,139,211,976,1
211,266,1022,211,266,1022,211,266,1022,1
266,123,972,266,123,972,266,123,972,1
123,308,971,123,308,971,123,308,971,-1
308,265,1034,308,265,1034,308,265,1034,1
265,194,978,265,194,978,265,194,978,1
194,190,977,194,190,977,194,190,977,1
190,215,1020,190,215,1020,190,215,1020,1
215,223,987,215,223,987,215,223,987,1
223,249,990,223,249,990,223,249,990,-1
249,341,1064,249,341,1064,249,341,1064,1
341,186,983,341,186,983,341,186,983,1
186,163,987,186,163,987,186,163,987,-1
163,188,1058,163,188,1058,163,188,1058,1
188,226,981,188,226,981,188,226,981,1
226,235,991,226,235,991,226,235,991,1
235,218,1050,235,218,1050,235,218,1050,-1
218,124,988,218,124,988,218,124,988,1
124,190,978,124,190,978,124,190,978,1
190,148,985,190,148,985,190,148,985,-1
148,233,1050,148,233,1050,148,233,1050,1
233,210,993,233,210,993,233,210,993,1
210,274,990,210,274,990,210,274,990,1
274,357,1072,274,357,1072,274,357,1072,-1
357,306,999,357,306,999,357,306,999,1
306,336,1045,306,336,1045,306,336,1045,1
336,184,983,336,184,983,336,184,983,1
184,226,1023,184,226,1023,184,226,1023,-1
226,123,1009,226,123,1009,226,123,1009,1
123,146,1100,123,146,1100,123,146,1100,1
146,318,1033,146,318,1033,146,318,1033,1
318,220,978,318,220,978,318,220,978,-1
220,235,1028,220,235,1028,220,235,1028,1
235,147,981,235,147,981,235,147,981,1
147,297,982,147,297,982,147,297,982,1
297,251,1029,297,251,1029,297,251,1029,-1
251,174,982,251,174,982,251,174,982,1
174,306,1036,174,306,1036,174,306,1036,1
306,126,1011,306,126,1011,306,126,1011,1
126,162,1104,126,162,1104,126,162,1104,-1
162,278,975,162,278,975,162,278,975,1
278,123,1048,278,123,1048,278,123,1048,1
123,304,1029,123,304,1029,123,304,1029,1
304,305,1031,304,305,1031,304,305,1031,1
305,238,1003,305,238,1003,305,238,1003,-1
238,283,976,238,283,976,238,283,976,-1
283,243,1034,283,243,1034,283,243,1034,1
243,182,979,243,182,979,243,182,979,1
182,239,1027,182,239,1027,182,239,1027,-1
239,126,983,239,126,983,239,126,983,1
126,126,1039,126,126,1039,126,126,1039,1
126,165,1118,126,165,1118,126,165,1118,-1
165,188,982,165,188,982,165,188,982,1
188,411,1026,188,411,1026,188,411,1026,1
411,247,1035,411,247,1035,411,247,1035,-1
247,217,979,247,217,979,247,217,979,1
217,360,1106,217,360,1106,217,360,1106,1
360,126,1057,360,126,1057,360,126,1057,-1
126,327,1024,126,327,1024,126,327,1024,1
327,227,1054,327,227,1054,327,227,1054,1
227,240,985,227,240,985,227,240,985,-1
240,177,1117,240,177,1117,240,177,1117,1
177,185,978,177,185,978,177,185,978,1
185,405,1007,185,405,1007,185,405,1007,-1
405,267,1023,405,267,1023,405,267,1023,1
267,220,982,267,220,982,267,220,982,1
220,207,1099,220,207,1099,220,207,1099,-1
207,173,982,207,173,982,207,173,982,1
173,213,1044,173,213,1044,173,213,1044,1
213,234,984,213,234,984,213,234,984,-1
234,193,1017,234,193,1017,234,193,1017,1
193,151,977,193,151,977,193,151,977,1
151,209,1011,151,209,1011,151,209,1011,-1
209,253,967,209,253,967,209,253,967,1
253,220,1008,253,220,1008,253,220,1008,1
220,203,980,220,203,980,220,203,980,-1
203,210,1050,203,210,1050,203,210,1050,1
210,515,1079,210,515,1079,210,515,1079,1
515,213,1052,515,213,1052,515,213,1052,-1
213,210,991,213,210,991,213,210,991,1
210,244,1024,210,244,1024,210,244,1024,1
244,200,980,244,200,980,244,200,980,-1
200,235,1145,200,235,1145,200,235,1145,1
235,225,1017,235,225,1017,235,225,1017,1
225,214,978,225,214,978,225,214,978,-1
214,123,1011,214,123,1011,214,123,1011,1
123,224,1021,123,224,1021,123,224,1021,1
224,124,1009,224,124,1009,224,124,1009,-1
124,170,1097,124,170,1097,124,170,1097,1
170,203,1007,170,203,1007,170,203,1007,1
203,188,966,203,188,966,203,188,966,-1
188,151,983,188,151,983,188,151,983,1
151,188,1027,151,188,1027,151,188,1027,1
188,245,990,188,245,990,188,245,990,-1
245,204,1019,245,204,1019,245,204,1019,1
204,251,990,204,251,990,204,251,990,1
251,122,1028,251,122,1028,251,122,1028,-1
122,215,1018,122,215,1018,122,215,1018,1
215,205,992,215,205,992,215,205,992,1
205,191,985,205,191,985,205,191,985,-1
191,186,1000,191,186,1000,191,186,1000,1
186,231,976,186,231,976,186,231,976,1
231,274,1042,231,274,1042,231,274,1042,-1
274,151,981,274,151,981,274,151,981,1
151,203,1021,151,203,1021,151,203,1021,1
203,230,988,203,230,988,203,230,988,-1
230,201,1018,230,201,1018,230,201,1018,1
201,131,984,201,131,984,201,131,984,1
131,128,1014,131,128,1014,131,128,1014,-1
128,171,1115,128,171,1115,128,171,1115,1
171,302,1043,171,302,1043,171,302,1043,1
302,226,980,302,226,980,302,226,980,-1
226,200,1019,226,200,1019,226,200,1019,1
200,220,994,200,220,994,200,220,994,1
220,263,1021,220,263,1021,220,263,1021,-1
263,165,978,263,165,978,263,165,978,1
165,199,1016,165,199,1016,165,199,1016,1
199,144,987,199,144,987,199,144,987,-1
144,215,1011,144,215,1011,144,215,1011,1
215,198,989,215,198,989,215,198,989,1
198,128,1004,198,128,1004,198,128,1004,-1
128,316,971,128,316,971,128,316,971,1
316,454,1047,316,454,1047,316,454,1047,1
454,194,1040,454,194,1040,454,194,1040,-1
194,232,996,194,232,996,194,232,996,1
232,195,1022,232,195,1022,232,195,1022,1
195,133,987,195,133,987,195,133,987,-1
133,338,996,133,338,996,133,338,996,1
338,162,971,338,162,971,338,162,971,1
162,207,989,162,207,989,162,207,989,-1
207,313,1027,207,313,1027,207,313,1027,1
313,179,1010,313,179,1010,313,179,1010,1
179,127,990,179,127,990,179,127,990,-1
127,254,1008,127,254,1008,127,254,1008,-1
254,267,974,254,267,974,254,267,974,1
267,339,1014,267,339,1014,267,339,1014,1
339,199,983,339,199,983,339,199,983,1
199,250,1025,199,250,1025,199,250,1025,-1
250,125,1024,250,125,1024,250,125,1024,1
125,199,1102,125,199,1102,125,199,1102,1
199,152,973,199,152,973,199,152,973,1
152,200,1029,152,200,1029,152,200,1029,-1
200,218,976,200,218,976,200,218,976,1
218,322,1003,218,322,1003,218,322,1003,1
322,210,988,322,210,988,322,210,988,1
210,138,972,210,138,972,210,138,972,-1
138,177,968,138,177,968,138,177,968,1
177,123,1036,177,123,1036,177,123,1036,1
123,152,1015,123,152,1015,123,152,1015,1
152,185,980,152,185,980,152,185,980,-1
185,263,1020,185,263,1020,185,263,1020,1
263,191,977,263,191,977,263,191,977,1
191,436,1011,191,436,1011,191,436,1011,1
436,208,1026,436,208,1026,436,208,1026,-1
208,169,981,208,169,981,208,169,981,1
169,184,984,169,184,984,169,184,984,1
184,161,1031,184,161,1031,184,161,1031,1
161,177,981,161,177,981,161,177,981,-1
177,288,1016,177,288,1016,177,288,1016,1
288,180,978,288,180,978,288,180,978,1
180,125,1047,180,125,1047,180,125,1047,1
125,124,1036,125,124,1036,125,124,1036,1
124,200,986,124,200,986,124,200,986,-1
200,223,1009,200,223,1009,200,223,1009,1
223,186,978,223,186,978,223,186,978,1
186,238,1001,186,238,1001,186,238,1001,1
238,180,977,238,180,977,238,180,977,-1
180,450,1018,180,450,1018,180,450,1018,1
450,197,1048,450,197,1048,450,197,1048,1
197,237,991,197,237,991,197,237,991,1
237,227,1034,237,227,1034,237,227,1034,-1
227,225,983,227,225,983,227,225,983,1
225,157,1104,225,157,1104,225,157,1104,1
157,227,971,157,227,971,157,227,971,1
227,211,995,227,211,995,227,211,995,-1
211,224,1083,211,224,1083,211,224,1083,1
224,216,967,224,216,967,224,216,967,1
216,129,1029,216,129,1029,216,129,1029,1
129,317,1020,129,317,1020,129,317,1020,-1
317,122,1038,317,122,1038,317,122,1038,1
122,324,1025,122,324,1025,122,324,1025,1
324,245,1042,324,245,1042,324,245,1042,1
245,206,992,245,206,992,245,206,992,-1
206,204,1130,206,204,1130,206,204,1130,1
204,181,992,204,181,992,204,181,992,1
181,122,1048,181,122,1048,181,122,1048,1
122,126,1038,122,126,1038,122,126,1038,-1
126,194,996,126,194,996,126,194,996,1
194,322,1045,194,322,1045,194,322,1045,1
322,123,1026,322,123,1026,322,123,1026,-1
123,253,1131,123,253,1131,123,253,1131,1
253,173,996,253,173,996,253,173,996,-1
173,123,1035,173,123,1035,173,123,1035,1
123,124,1026,123,124,1026,123,124,1026,1
124,179,991,124,179,991,124,179,991,-1
179,196,1047,179,196,1047,179,196,1047,-1
196,138,1002,196,138,1002,196,138,1002,1
138,204,1011,138,204,1011,138,204,1011,1
204,277,987,204,277,987,204,277,987,-1
277,124,1043,277,124,1043,277,124,1043,1
124,176,1039,124,176,1039,124,176,1039,1
176,149,990,176,149,990,176,149,990,-1
149,207,1041,149,207,1041,149,207,1041,1
207,159,984,207,159,984,207,159,984,1
159,124,1024,159,124,1024,159,124,1024,-1
124,352,1106,124,352,1106,124,352,1106,-1
352,273,1010,352,273,1010,352,273,1010,1
273,142,982,273,142,982,273,142,982,-1
142,255,1025,142,255,1025,142,255,1025,1
255,209,982,255,209,982,255,209,982,1
209,130,1104,209,130,1104,209,130,1104,-1
130,207,1013,130,207,1013,130,207,1013,1
207,339,974,207,339,974,207,339,974,1
339,128,1044,339,128,1044,339,128,1044,-1
128,243,1010,128,243,1010,128,243,1010,1
243,189,975,243,189,975,243,189,975,1
189,293,1025,189,293,1025,189,293,1025,1
293,261,1005,293,261,1005,293,261,1005,-1
261,196,982,261,196,982,261,196,982,1
196,231,1113,196,231,1113,196,231,1113,1
231,173,981,231,173,981,231,173,981,-1
173,126,1015,173,126,1015,173,126,1015,1
126,253,1020,126,253,1020,126,253,1020,1
253,196,979,253,196,979,253,196,979,1
196,218,1022,196,218,1022,196,218,1022,1
218,274,1009,218,274,1009,218,274,1009,-1
274,224,976,274,224,976,274,224,976,-1
224,225,1010,224,225,1010,224,225,1010,1
225,174,983,225,174,983,225,174,983,1
174,205,1002,174,205,1002,174,205,1002,-1
205,163,974,205,163,974,205,163,974,1
163,129,1036,163,129,1036,163,129,1036,1
129,170,1104,129,170,1104,129,170,1104,-1
170,174,976,170,174,976,170,174,976,1
174,251,1017,174,251,1017,174,251,1017,1
251,196,976,251,196,976,251,196,976,-1
196,194,1018,196,194,1018,196,194,1018,1
194,133,990,194,133,990,194,133,990,1
133,276,999,133,276,999,133,276,999,-1
276,208,976,276,208,976,276,208,976,1
208,121,1018,208,121,1018,208,121,1018,1
121,121,1014,121,121,1014,121,121,1014,-1
121,184,976,121,184,976,121,184,976,1
184,373,1038,184,373,1038,184,373,1038,1
373,122,1019,373,122,1019,373,122,1019,-1
122,211,1098,122,211,1098,122,211,1098,1
211,149,976,211,149,976,211,149,976,1
149,264,1022,149,264,1022,149,264,1022,-1
264,166,978,264,166,978,264,166,978,-1
166,324,1020,166,324,1020,166,324,1020,1
324,269,1008,324,269,1008,324,269,1008,1
269,238,978,269,238,978,269,238,978,1
238,124,1053,238,124,1053,238,124,1053,1
124,321,1028,124,321,1028,124,321,1028,-1
321,122,1044,321,122,1044,321,122,1044,-1
122,144,1032,122,144,1032,122,144,1032,1
144,220,984,144,220,984,144,220,984,1
220,335,1117,220,335,1117,220,335,1117,-1
335,411,1016,335,411,1016,335,411,1016,1
411,192,1003,411,192,1003,411,192,1003,1
192,148,978,192,148,978,192,148,978,-1
148,121,996,148,121,996,148,121,996,1
121,196,1106,121,196,1106,121,196,1106,1
196,171,975,196,171,975,196,171,975,-1
171,210,1019,171,210,1019,171,210,1019,1
210,153,976,210,153,976,210,153,976,1
153,201,990,153,201,990,153,201,990,-1
201,221,1026,201,221,1026,201,221,1026,1
221,121,1005,221,121,1005,221,121,1005,1
121,129,1103,121,129,1103,121,129,1103,-1
129,187,966,129,187,966,129,187,966,1
187,341,1002,187,341,1002,187,341,1002,1
341,189,987,341,189,987,341,189,987,-1
189,138,1024,189,138,1024,189,138,1024,1
138,215,975,138,215,975,138,215,975,1
215,163,1117,215,163,1117,215,163,1117,-1
163,187,981,163,187,981,163,187,981,1
187,124,1033,187,124,1033,187,124,1033,1
124,135,1020,124,135,1020,124,135,1020,-1
135,180,979,135,180,979,135,180,979,1
180,189,1026,180,189,1026,180,189,1026,1
189,123,991,189,123,991,189,123,991,-1
123,196,1008,123,196,1008,123,196,1008,-1
196,137,979,196,137,979,196,137,979,1
137,180,972,137,180,972,137,180,972,1
180,211,1005,180,211,1005,180,211,1005,1
211,221,986,211,221,986,211,221,986,1
221,125,1030,221,125,1030,221,125,1030,-1
125,219,1024,125,219,1024,125,219,1024,-1
219,130,1007,219,130,1007,219,130,1007,1
130,183,1112,130,183,1112,130,183,1112,1
183,212,983,183,212,983,183,212,983,-1
212,254,1006,212,254,1006,212,254,1006,1
254,157,976,254,157,976,254,157,976,1
157,202,1005,157,202,1005,157,202,1005,-1
202,240,981,202,240,981,202,240,981,-1
240,390,1105,240,390,1105,240,390,1105,1
390,126,1028,390,126,1028,390,126,1028,-1
126,291,1017,126,291,1017,126,291,1017,-1
291,255,1036,291,255,1036,291,255,1036,1
255,236,974,255,236,974,255,236,974,1
236,150,1114,236,150,1114,236,150,1114,-1
150,201,979,150,201,979,150,201,979,-1
201,236,1021,201,236,1021,201,236,1021,1
236,191,972,236,191,972,236,191,972,1
191,320,1017,191,320,1017,191,320,1017,-1
320,124,1006,320,124,1006,320,124,1006,1
124,205,1112,124,205,1112,124,205,1112,-1
205,240,972,205,240,972,205,240,972,1
240,432,1026,240,432,1026,240,432,1026,-1
432,233,1006,432,233,1006,432,233,1006,-1
233,204,967,233,204,967,233,204,967,-1
204,173,1100,204,173,1100,204,173,1100,1
173,208,971,173,208,971,173,208,971,-1
208,250,1008,208,250,1008,208,250,1008,1
250,183,977,250,183,977,250,183,977,-1
183,342,1028,183,342,1028,183,342,1028,-1
342,122,1004,342,122,1004,342,122,1004,1
122,358,1116,122,358,1116,122,358,1116,1
358,122,1016,358,122,1016,358,122,1016,-1
122,299,1017,122,299,1017,122,299,1017,1
299,309,1021,299,309,1021,299,309,1021,-1
309,253,987,309,253,987,309,253,987,-1
253,139,971,253,139,971,253,139,971,1
139,188,984,139,188,984,139,188,984,1
188,174,1029,188,174,1029,188,174,1029,1
174,157,979,174,157,979,174,157,979,1
157,126,1027,157,126,1027,157,126,1027,-1
126,206,1015,126,206,1015,126,206,1015,-1
206,121,1007,206,121,1007,206,121,1007,1
121,355,1121,121,355,1121,121,355,1121,1
355,238,1014,355,238,1014,355,238,1014,-1
238,184,979,238,184,979,238,184,979,1
184,309,1016,184,309,1016,184,309,1016,1
309,265,1009,309,265,1009,309,265,1009,1
265,177,976,265,177,976,265,177,976,1
177,196,995,177,196,995,177,196,995,1
196,172,1035,196,172,1035,196,172,1035,1
172,152,980,172,152,980,172,152,980,1
152,240,1029,152,240,1029,152,240,1029,-1
240,199,974,240,199,974,240,199,974,-1
199,206,1114,199,206,1114,199,206,1114,-1
206,177,983,206,177,983,206,177,983,1
177,196,1008,177,196,1008,177,196,1008,1
196,214,985,196,214,985,196,214,985,1
214,123,1045,214,123,1045,214,123,1045,1
123,210,1030,123,210,1030,123,210,1030,1
210,126,1010,210,126,1010,210,126,1010,-1
126,189,1115,126,189,1115,126,189,1115,1
189,210,981,189,210,981,189,210,981,1
210,123,1042,210,123,1042,210,123,1042,1
123,141,1024,123,141,1024,123,141,1024,1
141,159,990,141,159,990,141,159,990,1
159,317,1007,159,317,1007,159,317,1007,1
317,272,1000,317,272,1000,317,272,1000,1
272,185,983,272,185,983,272,185,983,-1
185,206,1012,185,206,1012,185,206,1012,-1
206,367,1074,206,367,1074,206,367,1074,-1
367,212,976,367,212,976,367,212,976,1
212,306,1016,212,306,1016,212,306,1016,1
306,341,1008,306,341,1008,306,341,1008,-1
341,261,995,341,261,995,341,261,995,-1
261,181,976,261,181,976,261,181,976,1
181,192,1018,181,192,1018,181,192,1018,1
192,202,1080,192,202,1080,192,202,1080,1
202,264,970,202,264,970,202,264,970,-1
264,121,1039,264,121,1039,264,121,1039,1
121,316,1023,121,316,1023,121,316,1023,1
316,193,1019,316,193,1019,316,193,1019,-1
193,164,986,193,164,986,193,164,986,-1
164,195,990,164,195,990,164,195,990,-1
195,211,1025,195,211,1025,195,211,1025,1
211,205,994,211,205,994,211,205,994,1
205,218,983,205,218,983,205,218,983,-1
218,188,997,218,188,997,218,188,997,1
188,312,1034,188,312,1034,188,312,1034,-1
312,235,1008,312,235,1008,312,235,1008,1
235,215,981,235,215,981,235,215,981,1
215,208,1102,215,208,1102,215,208,1102,-1
208,177,975,208,177,975,208,177,975,-1
177,206,1012,177,206,1012,177,206,1012,1
206,199,1082,206,199,1082,206,199,1082,1
199,226,983,199,226,983,199,226,983,-1
226,215,1019,226,215,1019,226,215,1019,1
215,191,977,215,191,977,215,191,977,1
191,259,1022,191,259,1022,191,259,1022,-1
259,165,973,259,165,973,259,165,973,1
165,122,1017,165,122,1017,165,122,1017,1
122,130,1001,122,130,1001,122,130,1001,-1
130,218,965,130,218,965,130,218,965,-1
218,184,1111,218,184,1111,218,184,1111,-1
184,175,981,184,175,981,184,175,981,-1
175,180,1008,175,180,1008,175,180,1008,1
180,134,989,180,134,989,180,134,989,1
134,158,1026,134,158,1026,134,158,1026,1
158,169,982,158,169,982,158,169,982,1
169,249,1018,169,249,1018,169,249,1018,-1
249,169,975,249,169,975,249,169,975,1
169,125,1031,169,125,1031,169,125,1031,-1
125,255,1018,125,255,1018,125,255,1018,-1
255,201,994,255,201,994,255,201,994,1
201,203,1033,201,203,1033,201,203,1033,1
203,124,1003,203,124,1003,203,124,1003,-1
124,155,1102,124,155,1102,124,155,1102,1
155,271,979,155,271,979,155,271,979,1
271,189,1020,271,189,1020,271,189,1020,-1
189,241,977,189,241,977,189,241,977,1
241,259,1014,241,259,1014,241,259,1014,1
259,173,978,259,173,978,259,173,978,-1
173,242,988,173,242,988,173,242,988,1
242,123,1031,242,123,1031,242,123,1031,1
123,140,1031,123,140,1031,123,140,1031,-1
140,187,988,140,187,988,140,187,988,1
187,122,1040,187,122,1040,187,122,1040,1
122,179,1032,122,179,1032,122,179,1032,1
179,141,983,179,141,983,179,141,983,-1
141,298,999,141,298,999,141,298,999,1
298,288,987,298,288,987,298,288,987,1
288,225,974,288,225,974,288,225,974,-1
225,122,1023,225,122,1023,225,122,1023,1
122,322,1021,122,322,1021,122,322,1021,1
322,206,1029,322,206,1029,322,206,1029,1
206,256,1075,206,256,1075,206,256,1075,-1
256,229,978,256,229,978,256,229,978,1
229,122,1027,229,122,1027,229,122,1027,-1
122,157,1022,122,157,1022,122,157,1022,-1
157,150,981,157,150,981,157,150,981,1
150,245,1011,150,245,1011,150,245,1011,1
245,178,973,245,178,973,245,178,973,1
178,185,1008,178,185,1008,178,185,1008,-1
185,202,985,185,202,985,185,202,985,-1
202,305,1126,202,305,1126,202,305,1126,-1
305,126,1019,305,126,1019,305,126,1019,1
126,339,1007,126,339,1007,126,339,1007,-1
339,122,1030,339,122,1030,339,122,1030,1
122,181,1019,122,181,1019,122,181,1019,1
181,185,989,181,185,989,181,185,989,-1
185,184,988,185,184,988,185,184,988,1
184,181,962,184,181,962,184,181,962,-1
181,272,1006,181,272,1006,181,272,1006,1
272,164,980,272,164,980,272,164,980,1
164,198,1014,164,198,1014,164,198,1014,-1
198,136,978,198,136,978,198,136,978,1
136,129,1016,136,129,1016,136,129,1016,1
129,236,970,129,236,970,129,236,970,-1
236,127,1020,236,127,1020,236,127,1020,-1
127,313,1015,127,313,1015,127,313,1015,1
313,185,1015,313,185,1015,313,185,1015,1
185,246,986,185,246,986,185,246,986,1
246,305,1010,246,305,1010,246,305,1010,-1
305,211,990,305,211,990,305,211,990,-1
211,127,976,211,127,976,211,127,976,1
127,122,977,127,122,977,127,122,977,1
122,212,985,122,212,985,122,212,985,1
212,172,1012,212,172,1012,212,172,1012,-1
172,158,970,172,158,970,172,158,970,1
158,121,1020,158,121,1020,158,121,1020,1
121,319,1025,121,319,1025,121,319,1025,-1
319,197,1000,319,197,1000,319,197,1000,1
197,205,980,197,205,980,197,205,980,1
205,164,1121,205,164,1121,205,164,1121,-1
164,271,984,164,271,984,164,271,984,-1
271,422,1038,271,422,1038,271,422,1038,1
422,231,1035,422,231,1035,422,231,1035,1
231,202,990,231,202,990,231,202,990,-1
202,125,1035,202,125,1035,202,125,1035,1
125,152,1020,125,152,1020,125,152,1020,1
152,209,981,152,209,981,152,209,981,-1
209,194,1129,209,194,1129,209,194,1129,1
194,169,986,194,169,986,194,169,986,1
169,199,1018,169,199,1018,169,199,1018,1
199,214,980,199,214,980,199,214,980,-1
214,432,1026,214,432,1026,214,432,1026,1
432,122,1031,432,122,1031,432,122,1031,1
122,246,1021,122,246,1021,122,246,1021,-1
246,126,993,246,126,993,246,126,993,1
126,137,1110,126,137,1110,126,137,1110,1
137,188,1013,137,188,1013,137,188,1013,1
188,153,984,188,153,984,188,153,984,-1
153,174,982,153,174,982,153,174,982,1
174,207,1023,174,207,1023,174,207,1023,-1
207,215,985,207,215,985,207,215,985,1
215,263,1019,215,263,1019,215,263,1019,1
263,161,970,263,161,970,263,161,970,1
161,248,1009,161,248,1009,161,248,1009,-1
248,213,971,248,213,971,248,213,971,1
213,187,1124,213,187,1124,213,187,1124,1
187,216,980,187,216,980,187,216,980,-1
216,123,1035,216,123,1035,216,123,1035,1
123,224,1021,123,224,1021,123,224,1021,-1
224,189,987,224,189,987,224,189,987,1
189,209,1029,189,209,1029,189,209,1029,1
209,278,998,209,278,998,209,278,998,1
278,207,967,278,207,967,278,207,967,-1
207,212,1013,207,212,1013,207,212,1013,1
212,223,976,212,223,976,212,223,976,-1
223,335,1001,223,335,1001,223,335,1001,1
335,125,984,335,125,984,335,125,984,1
125,182,1099,125,182,1099,125,182,1099,1
182,184,970,182,184,970,182,184,970,-1
184,200,1005,184,200,1005,184,200,1005,-1
200,225,966,200,225,966,200,225,966,1
225,301,1017,225,301,1017,225,301,1017,1
301,193,996,301,193,996,301,193,996,-1
193,311,971,193,311,971,193,311,971,1
311,127,1027,311,127,1027,311,127,1027,1
127,168,1025,127,168,1025,127,168,1025,-1
168,154,982,168,154,982,168,154,982,1
154,121,1034,154,121,1034,154,121,1034,1
121,206,1020,121,206,1020,121,206,1020,-1
206,266,989,206,266,989,206,266,989,1
266,234,977,266,234,977,266,234,977,1
234,219,1011,234,219,1011,234,219,1011,-1
219,200,980,219,200,980,219,200,980,1
200,324,1017,200,324,1017,200,324,1017,1
324,123,1007,324,123,1007,324,123,1007,-1
123,175,1106,123,175,1106,123,175,1106,1
175,250,981,175,250,981,175,250,981,1
250,122,1041,250,122,1041,250,122,1041,-1
122,147,1032,122,147,1032,122,147,1032,1
147,174,982,147,174,982,147,174,982,1
174,207,1020,174,207,1020,174,207,1020,-1
207,228,973,207,228,973,207,228,973,1
228,141,1110,228,141,1110,228,141,1110,1
141,235,985,141,235,985,141,235,985,-1
235,121,1023,235,121,1023,235,121,1023,1
121,304,1031,121,304,1031,121,304,1031,1
304,122,1046,304,122,1046,304,122,1046,-1
122,233,1025,122,233,1025,122,233,1025,1
233,128,1022,233,128,1022,233,128,1022,1
128,192,1112,128,192,1112,128,192,1112,-1
192,159,971,192,159,971,192,159,971,1
159,182,999,159,182,999,159,182,999,1
182,148,977,182,148,977,182,148,977,-1
148,193,982,148,193,982,148,193,982,1
193,220,1026,193,220,1026,193,220,1026,1
220,292,997,220,292,997,220,292,997,-1
292,156,975,292,156,975,292,156,975,1
156,191,1019,156,191,1019,156,191,1019,1
191,248,989,191,248,989,191,248,989,-1
248,215,1011,248,215,1011,248,215,1011,1
215,139,978,215,139,978,215,139,978,1
139,123,1026,139,123,1026,139,123,1026,-1
123,133,1104,123,133,1104,123,133,1104,1
133,204,973,133,204,973,133,204,973,1
204,243,1000,204,243,1000,204,243,1000,-1
243,160,978,243,160,978,243,160,978,1
160,341,1010,160,341,1010,160,341,1010,1
341,126,1012,341,126,1012,341,126,1012,-1
126,145,1108,126,145,1108,126,145,1108,1
145,243,977,145,243,977,145,243,977,1
243,425,1035,243,425,1035,243,425,1035,-1
425,240,1020,425,240,1020,425,240,1020,1
240,229,968,240,229,968,240,229,968,1
229,161,1113,229,161,1113,229,161,1113,-1
161,195,975,161,195,975,161,195,975,1
195,186,1010,195,186,1010,195,186,1010,1
186,153,975,186,153,975,186,153,975,-1
153,189,980,153,189,980,153,189,980,1
189,144,1029,189,144,1029,189,144,1029,1
144,204,977,144,204,977,144,204,977,-1
204,213,1105,204,213,1105,204,213,1105,1
213,177,967,213,177,967,213,177,967,1
177,240,1013,177,240,1013,177,240,1013,-1
240,177,978,240,177,978,240,177,978,-1
177,201,1012,177,201,1012,177,201,1012,1
201,126,970,201,126,970,201,126,970,1
126,270,985,126,270,985,126,270,985,1
270,181,970,270,181,970,270,181,970,1
181,203,1004,181,203,1004,181,203,1004,1
203,235,980,203,235,980,203,235,980,1
235,125,1013,235,125,1013,235,125,1013,1
125,213,1011,125,213,1011,125,213,1011,1
213,122,1011,213,122,1011,213,122,1011,1
122,166,1116,122,166,1116,122,166,1116,1
166,199,979,166,199,979,166,199,979,1
199,121,1039,199,121,1039,199,121,1039,1
121,123,1012,121,123,1012,121,123,1012,1
123,169,975,123,169,975,123,169,975,1
169,182,1013,169,182,1013,169,182,1013,1
182,139,978,182,139,978,182,139,978,1
139,203,988,139,203,988,139,203,988,1
203,123,967,203,123,967,203,123,967,1
123,138,966,123,138,966,123,138,966,1
138,123,1026,138,123,1026,138,123,1026,1
123,172,1022,123,172,1022,123,172,1022,1
172,151,985,172,151,985,172,151,985,1
151,122,1047,151,122,1047,151,122,1047,1
122,220,1030,122,220,1030,122,220,1030,1
220,121,998,220,121,998,220,121,998,1
121,366,1114,121,366,1114,121,366,1114,1
366,188,1024,366,188,1024,366,188,1024,1
188,234,990,188,234,990,188,234,990,1
234,236,1010,234,236,1010,234,236,1010,1
236,194,986,236,194,986,236,194,986,1
194,174,1122,194,174,1122,194,174,1122,1
174,204,977,174,204,977,174,204,977,1
204,126,1039,204,126,1039,204,126,1039,1
126,304,1023,126,304,1023,126,304,1023,1
304,198,1017,304,198,1017,304,198,1017,1
198,141,979,198,141,979,198,141,979,-1
141,441,994,141,441,994,141,441,994,1
441,188,1006,441,188,1006,441,188,1006,1
188,231,977,188,231,977,188,231,977,1
231,123,1032,231,123,1032,231,123,1032,1
123,193,1015,123,193,1015,123,193,1015,1
193,123,1007,193,123,1007,193,123,1007,-1
123,182,1112,123,182,1112,123,182,1112,1
182,206,971,182,206,971,182,206,971,1
206,196,1027,206,196,1027,206,196,1027,1
196,229,979,196,229,979,196,229,979,1
229,309,1006,229,309,1006,229,309,1006,1
309,212,987,309,212,987,309,212,987,1
212,159,967,212,159,967,212,159,967,1
159,135,981,159,135,981,159,135,981,1
135,227,1010,135,227,1010,135,227,1010,1
227,203,984,227,203,984,227,203,984,1
203,121,1030,203,121,1030,203,121,1030,1
121,208,1021,121,208,1021,121,208,1021,1
208,129,1013,208,129,1013,208,129,1013,1
129,174,1128,129,174,1128,129,174,1128,1
174,241,983,174,241,983,174,241,983,1
241,198,1022,241,198,1022,241,198,1022,1
198,204,990,198,204,990,198,204,990,1
204,301,1034,204,301,1034,204,301,1034,1
301,348,1010,301,348,1010,301,348,1010,1
348,156,981,348,156,981,348,156,981,1
156,123,1036,156,123,1036,156,123,1036,1
123,312,1024,123,312,1024,123,312,1024,1
312,328,1027,312,328,1027,312,328,1027,1
328,122,1005,328,122,1005,328,122,1005,1
122,146,1121,122,146,1121,122,146,1121,1
146,220,987,146,220,987,146,220,987,1
220,227,1013,220,227,1013,220,227,1013,1
227,183,987,227,183,987,227,183,987,-1
183,316,1021,183,316,1021,183,316,1021,-1
316,121,1010,316,121,1010,316,121,1010,-1
121,200,1127,121,200,1127,121,200,1127,1
200,186,990,200,186,990,200,186,990,1
186,123,1036,186,123,1036,186,123,1036,-1
123,171,1027,123,171,1027,123,171,1027,1
171,148,984,171,148,984,171,148,984,1
148,208,1013,148,208,1013,148,208,1013,-1
208,223,995,208,223,995,208,223,995,-1
223,213,1117,223,213,1117,223,213,1117,1
213,163,978,213,163,978,213,163,978,1
163,218,1016,163,218,1016,163,218,1016,-1
218,204,974,218,204,974,218,204,974,1
204,329,1002,204,329,1002,204,329,1002,-1
329,225,997,329,225,997,329,225,997,1
225,274,976,225,274,976,225,274,976,-1
274,121,1020,274,121,1020,274,121,1020,1
121,166,1027,121,166,1027,121,166,1027,-1
166,153,972,166,153,972,166,153,972,1
153,193,1019,153,193,1019,153,193,1019,-1
193,207,989,193,207,989,193,207,989,1
207,185,1116,207,185,1116,207,185,1116,-1
185,178,978,185,178,978,185,178,978,1
178,195,1019,178,195,1019,178,195,1019,-1
195,153,982,195,153,982,195,153,982,1
153,195,985,153,195,985,153,195,985,-1
195,142,1025,195,142,1025,195,142,1025,1
142,207,976,142,207,976,142,207,976,-1
207,171,1124,207,171,1124,207,171,1124,1
171,171,988,171,171,988,171,171,988,-1
171,196,1029,171,196,1029,171,196,1029,1
196,229,997,196,229,997,196,229,997,-1
229,263,1020,229,263,1020,229,263,1020,1
263,270,997,263,270,997,263,270,997,-1
270,264,977,270,264,977,270,264,977,1
264,204,1012,264,204,1012,264,204,1012,-1
204,247,980,204,247,980,204,247,980,1
247,125,1036,247,125,1036,247,125,1036,-1
125,310,1027,125,310,1027,125,310,1027,-1
310,121,1016,310,121,1016,310,121,1016,1
121,171,1021,121,171,1021,121,171,1021,-1
171,247,986,171,247,986,171,247,986,1
247,132,967,247,132,967,247,132,967,-1
132,141,981,132,141,981,132,141,981,1
141,275,996,141,275,996,141,275,996,-1
275,161,973,275,161,973,275,161,973,1
161,123,1019,161,123,1019,161,123,1019,-1
123,317,1010,123,317,1010,123,317,1010,-1
317,121,1030,317,121,1030,317,121,1030,1
121,196,1029,121,196,1029,121,196,1029,-1
196,211,995,196,211,995,196,211,995,1
211,324,967,211,324,967,211,324,967,-1
324,405,1013,324,405,1013,324,405,1013,1
405,180,1005,405,180,1005,405,180,1005,-1
180,218,987,180,218,987,180,218,987,1
218,126,1023,218,126,1023,218,126,1023,-1
126,129,1030,126,129,1030,126,129,1030,1
129,208,984,129,208,984,129,208,984,-1
208,398,1114,208,398,1114,208,398,1114,1
398,208,1030,398,208,1030,398,208,1030,1
208,202,987,208,202,987,208,202,987,-1
202,311,1003,202,311,1003,202,311,1003,1
311,194,988,311,194,988,311,194,988,-1
194,216,1034,194,216,1034,194,216,1034,1
216,121,1001,216,121,1001,216,121,1001,-1
121,186,1109,121,186,1109,121,186,1109,1
186,192,968,186,192,968,186,192,968,-1
192,443,1027,192,443,1027,192,443,1027,1
443,217,1012,443,217,1012,443,217,1012,-1
217,200,961,217,200,961,217,200,961,1
200,200,996,200,200,996,200,200,996,-1
200,224,975,200,224,975,200,224,975,1
224,162,1101,224,162,1101,224,162,1101,-1
162,159,963,162,159,963,162,159,963,1
159,194,970,159,194,970,159,194,970,-1
194,249,1023,194,249,1023,194,249,1023,-1
249,207,980,249,207,980,249,207,980,1
207,334,1024,207,334,1024,207,334,1024,-1
334,201,1022,334,201,1022,334,201,1022,-1
201,198,975,201,198,975,201,198,975,1
198,181,1108,198,181,1108,198,181,1108,-1
181,176,1002,181,176,1002,181,176,1002,1
176,193,974,176,193,974,176,193,974,1
193,311,1019,193,311,1019,193,311,1019,-1
311,442,1033,311,442,1033,311,442,1033,1
442,207,1035,442,207,1035,442,207,1035,1
207,230,983,207,230,983,207,230,983,-1
230,143,1106,230,143,1106,230,143,1106,1
143,288,970,143,288,970,143,288,970,-1
288,217,1016,288,217,1016,288,217,1016,-1
217,185,981,217,185,981,217,185,981,1
185,267,1003,185,267,1003,185,267,1003,-1
267,139,965,267,139,965,267,139,965,1
139,194,998,139,194,998,139,194,998,1
194,140,974,194,140,974,194,140,974,1
140,129,999,140,129,999,140,129,999,-1
129,389,1096,129,389,1096,129,389,1096,1
389,121,1025,389,121,1025,389,121,1025,1
121,130,1014,121,130,1014,121,130,1014,1
130,167,982,130,167,982,130,167,982,-1
167,276,1013,167,276,1013,167,276,1013,1
276,144,993,276,144,993,276,144,993,1
144,316,1015,144,316,1015,144,316,1015,-1
316,281,1008,316,281,1008,316,281,1008,-1
281,224,982,281,224,982,281,224,982,1
224,124,1038,224,124,1038,224,124,1038,1
124,153,1031,124,153,1031,124,153,1031,1
153,167,987,153,167,987,153,167,987,-1
167,233,1042,167,233,1042,167,233,1042,-1
233,204,988,233,204,988,233,204,988,1
204,192,1009,204,192,1009,204,192,1009,-1
192,221,991,192,221,991,192,221,991,-1
221,129,1127,221,129,1127,221,129,1127,1
129,266,984,129,266,984,129,266,984,-1
266,126,1023,266,126,1023,266,126,1023,1
126,310,1031,126,310,1031,126,310,1031,-1
310,213,1032,310,213,1032,310,213,1032,1
213,215,1001,213,215,1001,213,215,1001,-1
215,223,1018,215,223,1018,215,223,1018,-1
223,228,1002,223,228,1002,223,228,1002,1
228,145,1144,228,145,1144,228,145,1144,-1
145,234,1003,145,234,1003,145,234,1003,-1
234,344,1037,234,344,1037,234,344,1037,1
344,184,1002,344,184,1002,344,184,1002,1
184,303,1054,184,303,1054,184,303,1054,-1
303,122,1049,303,122,1049,303,122,1049,1
122,238,1046,122,238,1046,122,238,1046,-1
238,122,1016,238,122,1016,238,122,1016,1
122,144,1119,122,144,1119,122,144,1119,-1
144,256,991,144,256,991,144,256,991,-1
256,281,1035,256,281,1035,256,281,1035,-1
281,150,987,281,150,987,281,150,987,1
150,212,1031,150,212,1031,150,212,1031,-1
212,186,986,212,186,986,212,186,986,1
186,198,1016,186,198,1016,186,198,1016,-1
198,154,979,198,154,979,198,154,979,1
154,122,993,154,122,993,154,122,993,-1
122,146,1107,122,146,1107,122,146,1107,1
146,232,978,146,232,978,146,232,978,-1
232,121,1033,232,121,1033,232,121,1033,1
121,320,1027,121,320,1027,121,320,1027,-1
320,246,1044,320,246,1044,320,246,1044,1
246,213,974,246,213,974,246,213,974,-1
213,320,1112,213,320,1112,213,320,1112,1
320,183,997,320,183,997,320,183,997,-1
183,138,979,183,138,979,183,138,979,-1
138,166,1024,138,166,1024,138,166,1024,-1
166,179,983,166,179,983,166,179,983,-1
179,124,1048,179,124,1048,179,124,1048,-1
124,321,1038,124,321,1038,124,321,1038,1
321,219,1054,321,219,1054,321,219,1054,-1
219,122,998,219,122,998,219,122,998,1
122,495,1015,122,495,1015,122,495,1015,1
495,208,1025,495,208,1025,495,208,1025,-1
208,143,986,208,143,986,208,143,986,1
143,183,995,143,183,995,143,183,995,-1
183,194,1033,183,194,1033,183,194,1033,1
194,284,1007,194,284,1007,194,284,1007,-1
284,241,982,284,241,982,284,241,982,1
241,127,1049,241,127,1049,241,127,1049,-1
127,138,1043,127,138,1043,127,138,1043,1
138,146,997,138,146,997,138,146,997,1
146,190,1032,146,190,1032,146,190,1032,1
190,177,986,190,177,986,190,177,986,1
177,399,1011,177,399,1011,177,399,1011,1
399,240,1027,399,240,1027,399,240,1027,1
240,193,979,240,193,979,240,193,979,1
193,347,1039,193,347,1039,193,347,1039,1
347,123,1002,347,123,1002,347,123,1002,1
123,218,1119,123,218,1119,123,218,1119,1
218,144,974,218,144,974,218,144,974,1
144,216,1029,144,216,1029,144,216,1029,1
216,250,1088,216,250,1088,216,250,1088,1
250,174,961,250,174,961,250,174,961,1
174,196,1022,174,196,1022,174,196,1022,1
196,196,980,196,196,980,196,196,980,1
196,362,1014,196,362,1014,196,362,1014,1
362,126,1013,362,126,1013,362,126,1013,1
126,336,1104,126,336,1104,126,336,1104,1
336,225,1025,336,225,1025,336,225,1025,1
225,213,979,225,213,979,225,213,979,1
213,187,1004,213,187,1004,213,187,1004,1
187,124,987,187,124,987,187,124,987,1
124,289,999,124,289,999,124,289,999,1
289,177,987,289,177,987,289,177,987,1
177,266,1031,177,266,1031,177,266,1031,1
266,164,981,266,164,981,266,164,981,1
164,289,1025,164,289,1025,164,289,1025,1
289,164,981,289,164,981,289,164,981,1
164,212,997,164,212,997,164,212,997,1
212,313,1025,212,313,1025,212,313,1025,1
313,188,1008,313,188,1008,313,188,1008,1
188,275,1044,188,275,1044,188,275,1044,1
275,203,1031,275,203,1031,275,203,1031,1
203,144,997,203,144,997,203,144,997,1
144,418,1002,144,418,1002,144,418,1002,1
418,125,1055,418,125,1055,418,125,1055,1
125,282,1030,125,282,1030,125,282,1030,1
282,122,1040,282,122,1040,282,122,1040,1
122,281,1037,122,281,1037,122,281,1037,1
281,198,1032,281,198,1032,281,198,1032,1
198,172,985,198,172,985,198,172,985,1
172,251,1004,172,251,1004,172,251,1004,1
251,128,984,251,128,984,251,128,984,1
128,317,997,128,317,997,128,317,997,1
317,182,985,317,182,985,317,182,985,1
182,310,1036,182,310,1036,182,310,1036,1
310,122,1041,310,122,1041,310,122,1041,1
122,248,1037,122,248,1037,122,248,1037,1
248,128,1017,248,128,1017,248,128,1017,1
128,325,1116,128,325,1116,128,325,1116,1
325,391,1019,325,391,1019,325,391,1019,1
391,206,1016,391,206,1016,391,206,1016,1
206,162,980,206,162,980,206,162,980,1
162,461,1007,162,461,1007,162,461,1007,1
461,428,1025,461,428,1025,461,428,1025,1
428,206,1043,428,206,1043,428,206,1043,1
206,183,979,206,183,979,206,183,979,1
183,200,1006,183,200,1006,183,200,1006,1
200,160,976,200,160,976,200,160,976,1
160,183,991,160,183,991,160,183,991,1
183,295,1049,183,295,1049,183,295,1049,1
295,394,1025,295,394,1025,295,394,1025,1
394,121,1005,394,121,1005,394,121,1005,1
121,334,1125,121,334,1125,121,334,1125,1
334,127,1049,334,127,1049,334,127,1049,1
127,225,1018,127,225,1018,127,225,1018,1
225,189,991,225,189,991,225,189,991,1
189,121,1045,189,121,1045,189,121,1045,1
121,138,985,121,138,985,121,138,985,1
138,203,995,138,203,995,138,203,995,1
203,142,977,203,142,977,203,142,977,1
142,183,977,142,183,977,142,183,977,1
183,302,1034,183,302,1034,183,302,1034,1
302,123,1031,302,123,1031,302,123,1031,1
123,143,1021,123,143,1021,123,143,1021,1
143,134,970,143,134,970,143,134,970,1
134,127,1006,134,127,1006,134,127,1006,1
127,149,1120,127,149,1120,127,149,1120,1
149,153,980,149,153,980,149,153,980,1
153,194,1030,153,194,1030,153,194,1030,1
194,239,978,194,239,978,194,239,978,1
239,241,1014,239,241,1014,239,241,1014,1
241,209,972,241,209,972,241,209,972,1
209,216,1110,209,216,1110,209,216,1110,1
216,163,1004,216,163,1004,216,163,1004,1
163,215,966,163,215,966,163,215,966,1
215,304,998,215,304,998,215,304,998,1
304,146,961,304,146,961,304,146,961,1
146,121,1031,146,121,1031,146,121,1031,1
121,147,1021,121,147,1021,121,147,1021,1
147,159,970,147,159,970,147,159,970,1
159,221,1002,159,221,1002,159,221,1002,1
221,123,965,221,123,965,221,123,965,1
123,270,994,123,270,994,123,270,994,1
270,178,962,270,178,962,270,178,962,1
178,268,1012,178,268,1012,178,268,1012,1
268,167,965,268,167,965,268,167,965,1
167,201,1009,167,201,1009,167,201,1009,1
201,129,977,201,129,977,201,129,977,1
129,125,1001,129,125,1001,129,125,1001,1
125,210,1107,125,210,1107,125,210,1107,1
210,158,964,210,158,964,210,158,964,1
158,188,1038,158,188,1038,158,188,1038,1
188,170,976,188,170,976,188,170,976,1
170,179,980,170,179,980,170,179,980,1
179,216,1026,179,216,1026,179,216,1026,1
216,236,982,216,236,982,216,236,982,1
236,216,976,236,216,976,236,216,976,1
216,123,1036,216,123,1036,216,123,1036,1
123,341,1034,123,341,1034,123,341,1034,1
341,124,1052,341,124,1052,341,124,1052,1
124,215,1036,124,215,1036,124,215,1036,1
215,261,1007,215,261,1007,215,261,1007,1
261,221,965,261,221,965,261,221,965,1
221,410,1000,221,410,1000,221,410,1000,1
410,211,1008,410,211,1008,410,211,1008,1
211,133,975,211,133,975,211,133,975,1
133,121,1014,133,121,1014,133,121,1014,1
121,326,1115,121,326,1115,121,326,1115,1
326,249,1035,326,249,1035,326,249,1035,1
249,185,973,249,185,973,249,185,973,1
185,219,1061,185,219,1061,185,219,1061,1
219,161,966,219,161,966,219,161,966,1
161,193,1002,161,193,1002,161,193,1002,1
193,203,973,193,203,973,193,203,973,1
203,274,1018,203,274,1018,203,274,1018,1
274,139,973,274,139,973,274,139,973,1
139,212,1011,139,212,1011,139,212,1011,1
212,137,985,212,137,985,212,137,985,1
137,127,1016,137,127,1016,137,127,1016,1
127,144,1113,127,144,1113,127,144,1113,1
144,223,967,144,223,967,144,223,967,1
223,197,1044,223,197,1044,223,197,1044,1
197,224,984,197,224,984,197,224,984,1
224,277,1034,224,277,1034,224,277,1034,1
277,195,966,277,195,966,277,195,966,1
195,163,1105,195,163,1105,195,163,1105,1
163,155,959,163,155,959,163,155,959,1
155,193,969,155,193,969,155,193,969,1
193,157,930,193,157,930,193,157,930,1
157,199,953,157,199,953,157,199,953,-1
199,150,1020,199,150,1020,199,150,1020,1
150,212,987,150,212,987,150,212,987,1
212,202,1118,212,202,1118,212,202,1118,-1
202,177,1013,202,177,1013,202,177,1013,1
177,410,1062,177,410,1062,177,410,1062,1
410,343,1055,410,343,1055,410,343,1055,1
343,121,1070,343,121,1070,343,121,1070,1
121,212,1154,121,212,1154,121,212,1154,1
212,320,1033,212,320,1033,212,320,1033,1
320,196,1000,320,196,1000,320,196,1000,1
196,328,1052,196,328,1052,196,328,1052,1
328,422,1023,328,422,1023,328,422,1023,1
422,254,1031,422,254,1031,422,254,1031,1
254,214,980,254,214,980,254,214,980,1
214,341,1117,214,341,1117,214,341,1117,1
341,447,1038,341,447,1038,341,447,1038,1
447,276,1045,447,276,1045,447,276,1045,1
276,206,978,276,206,978,276,206,978,1
206,133,1104,206,133,1104,206,133,1104,1
133,208,963,133,208,963,133,208,963,1
208,387,996,208,387,996,208,387,996,1
387,191,1027,387,191,1027,387,191,1027,1
191,175,960,191,175,960,191,175,960,1
175,337,993,175,337,993,175,337,993,1
337,280,971,337,280,971,337,280,971,1
280,148,1064,280,148,1064,280,148,1064,1
148,262,1057,148,262,1057,148,262,1057,1
262,207,962,262,207,962,262,207,962,1
207,138,1016,207,138,1016,207,138,1016,1
138,156,966,138,156,966,138,156,966,1
156,261,1000,156,261,1000,156,261,1000,1
261,190,970,261,190,970,261,190,970,1
190,192,1117,190,192,1117,190,192,1117,1
192,160,977,192,160,977,192,160,977,1
160,271,1031,160,271,1031,160,271,1031,-1
271,178,981,271,178,981,271,178,981,1
178,358,1054,178,358,1054,178,358,1054,1
358,208,1005,358,208,1005,358,208,1005,1
208,141,971,208,141,971,208,141,971,1
141,152,980,141,152,980,141,152,980,1
152,261,1036,152,261,1036,152,261,1036,1
261,154,965,261,154,965,261,154,965,1
154,331,993,154,331,993,154,331,993,1
331,125,1268,331,125,1268,331,125,1268,1
125,182,1412,125,182,1412,125,182,1412,1
182,145,1278,182,145,1278,182,145,1278,1
145,230,1233,145,230,1233,145,230,1233,1
230,160,1054,230,160,1054,230,160,1054,1
160,182,1004,160,182,1004,160,182,1004,1
182,191,943,182,191,943,182,191,943,1
191,270,817,191,270,817,191,270,817,1
270,200,822,270,200,822,270,200,822,1
200,149,767,200,149,767,200,149,767,1
149,170,810,149,170,810,149,170,810,1
170,181,832,170,181,832,170,181,832,1
181,127,833,181,127,833,181,127,833,1
127,148,872,127,148,872,127,148,872,1
148,128,982,148,128,982,148,128,982,1
128,206,946,128,206,946,128,206,946,1
206,202,962,206,202,962,206,202,962,1
202,179,946,202,179,946,202,179,946,1
179,194,977,179,194,977,179,194,977,1
194,156,982,194,156,982,194,156,982,1
156,359,1049,156,359,1049,156,359,1049,1
359,218,1032,359,218,1032,359,218,1032,1
218,145,988,218,145,988,218,145,988,1
145,343,1021,145,343,1021,145,343,1021,1
343,186,1040,343,186,1040,343,186,1040,1
186,163,1039,186,163,1039,186,163,1039,1
163,350,1060,163,350,1060,163,350,1060,1
350,395,1068,350,395,1068,350,395,1068,1
395,194,1026,395,194,1026,395,194,1026,1
194,198,1005,194,198,1005,194,198,1005,1
198,464,1015,198,464,1015,198,464,1015,1
464,282,1062,464,282,1062,464,282,1062,1
282,126,997,282,126,997,282,126,997,1
126,313,1002,126,313,1002,126,313,1002,1
313,122,1066,313,122,1066,313,122,1066,1
122,187,1066,122,187,1066,122,187,1066,1
187,196,1002,187,196,1002,187,196,1002,1
196,256,1059,196,256,1059,196,256,1059,1
256,195,1019,256,195,1019,256,195,1019,1
195,364,1050,195,364,1050,195,364,1050,1
364,187,982,364,187,982,364,187,982,1
187,360,1034,187,360,1034,187,360,1034,1
360,121,1043,360,121,1043,360,121,1043,1
121,128,1031,121,128,1031,121,128,1031,1
128,245,975,128,245,975,128,245,975,1
245,211,1022,245,211,1022,245,211,1022,1
211,200,1052,211,200,1052,211,200,1052,1
200,327,969,200,327,969,200,327,969,1
327,204,1063,327,204,1063,327,204,1063,1
204,244,982,204,244,982,204,244,982,1
244,286,896,244,286,896,244,286,896,1
286,222,939,286,222,939,286,222,939,1
222,149,900,222,149,900,222,149,900,1
149,257,930,149,257,930,149,257,930,1
257,155,992,257,155,992,257,155,992,1
155,248,1021,155,248,1021,155,248,1021,1
248,183,1087,248,183,1087,248,183,1087,1
183,161,1056,183,161,1056,183,161,1056,1
161,185,1088,161,185,1088,161,185,1088,1
185,207,1071,185,207,1071,185,207,1071,1
207,268,1121,207,268,1121,207,268,1121,1
268,142,1054,268,142,1054,268,142,1054,1
142,124,1071,142,124,1071,142,124,1071,1
124,161,1162,124,161,1162,124,161,1162,1
161,182,1020,161,182,1020,161,182,1020,1
182,246,1084,182,246,1084,182,246,1084,1
246,201,1000,246,201,1000,246,201,1000,1
201,272,1028,201,272,1028,201,272,1028,1
272,150,976,272,150,976,272,150,976,1
150,408,1007,150,408,1007,150,408,1007,1
408,197,1009,408,197,1009,408,197,1009,1
197,221,975,197,221,975,197,221,975,1
221,192,1022,221,192,1022,221,192,1022,1
192,171,966,192,171,966,192,171,966,1
171,207,970,171,207,970,171,207,970,1
207,309,1017,207,309,1017,207,309,1017,1
309,371,1013,309,371,1013,309,371,1013,1
371,199,993,371,199,993,371,199,993,1
199,153,1039,199,153,1039,199,153,1039,1
153,333,998,153,333,998,153,333,998,1
333,122,1017,333,122,1017,333,122,1017,1
122,130,1007,122,130,1007,122,130,1007,1
130,181,964,130,181,964,130,181,964,1
181,122,1023,181,122,1023,181,122,1023,1
122,260,1010,122,260,1010,122,260,1010,1
260,124,1019,260,124,1019,260,124,1019,1
124,216,1106,124,216,1106,124,216,1106,1
216,183,993,216,183,993,216,183,993,1
183,143,967,183,143,967,183,143,967,1
143,184,983,143,184,983,143,184,983,1
184,295,1027,184,295,1027,184,295,1027,1
295,185,1003,295,185,1003,295,185,1003,1
185,233,981,185,233,981,185,233,981,1
233,209,1026,233,209,1026,233,209,1026,1
209,184,983,209,184,983,209,184,983,1
184,129,1025,184,129,1025,184,129,1025,1
129,212,1108,129,212,1108,129,212,1108,1
212,148,976,212,148,976,212,148,976,1
148,407,1033,148,407,1033,148,407,1033,1
407,273,1031,407,273,1031,407,273,1031,1
273,220,992,273,220,992,273,220,992,1
220,246,1128,220,246,1128,220,246,1128,1
246,170,1037,246,170,1037,246,170,1037,1
170,174,981,170,174,981,170,174,981,1
174,122,1024,174,122,1024,174,122,1024,1
122,142,1024,122,142,1024,122,142,1024,1
142,168,984,142,168,984,142,168,984,1
168,123,1046,168,123,1046,168,123,1046,1
123,265,1036,123,265,1036,123,265,1036,1
265,306,1040,265,306,1040,265,306,1040,1
306,148,986,306,148,986,306,148,986,1
148,194,1034,148,194,1034,148,194,1034,-1
194,468,1078,194,468,1078,194,468,1078,-1
468,237,1057,468,237,1057,468,237,1057,1
237,200,996,237,200,996,237,200,996,-1
200,263,1041,200,263,1041,200,263,1041,1
263,233,991,263,233,991,263,233,991,-1
233,142,1120,233,142,1120,233,142,1120,1
142,194,990,142,194,990,142,194,990,-1
194,408,1047,194,408,1047,194,408,1047,1
408,186,1026,408,186,1026,408,186,1026,-1
186,172,986,186,172,986,186,172,986,1
172,471,1031,172,471,1031,172,471,1031,1
471,223,1048,471,223,1048,471,223,1048,-1
223,223,975,223,223,975,223,223,975,1
223,196,1024,223,196,1024,223,196,1024,-1
196,154,974,196,154,974,196,154,974,1
