137,137,1007,137,137,1007,137,137,1007,-1
137,157,1128,137,157,1128,137,157,1128,-1
157,150,1008,157,150,1008,157,150,1008,-1
150,180,1194,150,180,1194,150,180,1194,-1
180,132,1094,180,132,1094,180,132,1094,-1
132,188,1178,132,188,1178,132,188,1178,-1
188,134,1091,188,134,1091,188,134,1091,-1
134,171,1154,134,171,1154,134,171,1154,-1
171,124,1131,171,124,1131,171,124,1131,-1
124,163,1121,124,163,1121,124,163,1121,-1
163,123,982,163,123,982,163,123,982,-1
123,184,979,123,184,979,123,184,979,-1
184,129,1087,184,129,1087,184,129,1087,-1
129,149,1111,129,149,1111,129,149,1111,-1
149,142,961,149,142,961,149,142,961,-1
142,160,1165,142,160,1165,142,160,1165,-1
160,142,968,160,142,968,160,142,968,-1
142,157,1167,142,157,1167,142,157,1167,-1
157,149,977,157,149,977,157,149,977,-1
149,159,1159,149,159,1159,149,159,1159,-1
159,150,991,159,150,991,159,150,991,-1
150,176,1185,150,176,1185,150,176,1185,-1
176,135,1123,176,135,1123,176,135,1123,-1
135,176,1175,135,176,1175,135,176,1175,-1
176,129,1132,176,129,1132,176,129,1132,-1
129,168,1167,129,168,1167,129,168,1167,-1
168,125,1134,168,125,1134,168,125,1134,-1
125,156,1197,125,156,1197,125,156,1197,-1
156,122,1146,156,122,1146,156,122,1146,-1
122,164,1206,122,164,1206,122,164,1206,-1
164,134,1110,164,134,1110,164,134,1110,-1
134,168,1145,134,168,1145,134,168,1145,-1
168,133,1115,168,133,1115,168,133,1115,-1
133,183,1171,133,183,1171,133,183,1171,-1
183,137,1090,183,137,1090,183,137,1090,-1
137,190,1182,137,190,1182,137,190,1182,-1
190,132,1117,190,132,1117,190,132,1117,-1
132,169,1165,132,169,1165,132,169,1165,-1
169,131,1139,169,131,1139,169,131,1139,-1
131,163,1180,131,163,1180,131,163,1180,-1
163,124,1112,163,124,1112,163,124,1112,-1
124,164,1108,124,164,1108,124,164,1108,-1
164,125,1092,164,125,1092,164,125,1092,-1
125,179,1135,125,179,1135,125,179,1135,-1
179,127,1106,179,127,1106,179,127,1106,-1
127,173,1179,127,173,1179,127,173,1179,-1
173,133,1110,173,133,1110,173,133,1110,-1
133,179,1199,133,179,1199,133,179,1199,-1
179,138,1115,179,138,1115,179,138,1115,-1
138,172,1174,138,172,1174,138,172,1174,-1
172,133,1142,172,133,1142,172,133,1142,-1
133,171,1191,133,171,1191,133,171,1191,-1
171,130,1127,171,130,1127,171,130,1127,-1
130,173,1170,130,173,1170,130,173,1170,-1
173,127,1103,173,127,1103,173,127,1103,-1
127,164,1138,127,164,1138,127,164,1138,-1
164,285,1107,164,285,1107,164,285,1107,-1
285,128,1070,285,128,1070,285,128,1070,-1
128,171,1158,128,171,1158,128,171,1158,-1
171,127,1069,171,127,1069,171,127,1069,-1
127,174,1141,127,174,1141,127,174,1141,-1
174,134,1070,174,134,1070,174,134,1070,-1
134,194,1155,134,194,1155,134,194,1155,-1
194,135,1046,194,135,1046,194,135,1046,-1
135,173,1120,135,173,1120,135,173,1120,-1
173,132,1042,173,132,1042,173,132,1042,-1
132,165,1158,132,165,1158,132,165,1158,-1
165,124,1081,165,124,1081,165,124,1081,-1
124,162,1138,124,162,1138,124,162,1138,-1
162,126,1059,162,126,1059,162,126,1059,-1
126,166,1078,126,166,1078,126,166,1078,-1
166,122,1013,166,122,1013,166,122,1013,-1
122,154,1057,122,154,1057,122,154,1057,-1
154,145,920,154,145,920,154,145,920,-1
145,165,1109,145,165,1109,145,165,1109,-1
165,165,960,165,165,960,165,165,960,-1
165,163,1140,165,163,1140,165,163,1140,-1
163,149,965,163,149,965,163,149,965,-1
149,170,1117,149,170,1117,149,170,1117,-1
170,130,1081,170,130,1081,170,130,1081,-1
130,172,1137,130,172,1137,130,172,1137,-1
172,128,1072,172,128,1072,172,128,1072,-1
128,166,1144,128,166,1144,128,166,1144,-1
166,123,1076,166,123,1076,166,123,1076,-1
123,161,1159,123,161,1159,123,161,1159,-1
161,131,1092,161,131,1092,161,131,1092,-1
131,170,1120,131,170,1120,131,170,1120,-1
170,214,1055,170,214,1055,170,214,1055,-1
214,303,1104,214,303,1104,214,303,1104,-1
303,154,1001,303,154,1001,303,154,1001,-1
154,175,1172,154,175,1172,154,175,1172,-1
175,131,1107,175,131,1107,175,131,1107,-1
131,178,1177,131,178,1177,131,178,1177,-1
178,128,1074,178,128,1074,178,128,1074,-1
128,169,1145,128,169,1145,128,169,1145,-1
169,287,1105,169,287,1105,169,287,1105,-1
287,283,1042,287,283,1042,287,283,1042,-1
283,126,1041,283,126,1041,283,126,1041,-1
126,172,1129,126,172,1129,126,172,1129,-1
172,133,1064,172,133,1064,172,133,1064,-1
133,188,1149,133,188,1149,133,188,1149,-1
188,136,1094,188,136,1094,188,136,1094,-1
136,166,1151,136,166,1151,136,166,1151,-1
166,145,975,166,145,975,166,145,975,-1
145,167,1144,145,167,1144,145,167,1144,-1
167,129,1101,167,129,1101,167,129,1101,-1
129,171,1178,129,171,1178,129,171,1178,-1
171,128,1091,171,128,1091,171,128,1091,-1
128,160,1173,128,160,1173,128,160,1173,-1
160,122,1116,160,122,1116,160,122,1116,-1
122,166,1170,122,166,1170,122,166,1170,-1
166,128,1108,166,128,1108,166,128,1108,-1
128,181,1185,128,181,1185,128,181,1185,-1
181,130,1120,181,130,1120,181,130,1120,-1
130,175,1174,130,175,1174,130,175,1174,-1
175,132,1099,175,132,1099,175,132,1099,-1
132,176,1145,132,176,1145,132,176,1145,-1
176,135,1089,176,135,1089,176,135,1089,-1
135,177,1122,135,177,1122,135,177,1122,-1
177,129,1063,177,129,1063,177,129,1063,-1
129,172,1141,129,172,1141,129,172,1141,-1
172,123,1071,172,123,1071,172,123,1071,-1
123,168,1146,123,168,1146,123,168,1146,-1
168,124,1072,168,124,1072,168,124,1072,-1
124,159,1138,124,159,1138,124,159,1138,-1
159,129,1079,159,129,1079,159,129,1079,-1
129,164,1128,129,164,1128,129,164,1128,-1
164,135,1066,164,135,1066,164,135,1066,-1
135,157,1117,135,157,1117,135,157,1117,-1
157,150,944,157,150,944,157,150,944,-1
150,168,1135,150,168,1135,150,168,1135,-1
168,150,979,168,150,979,168,150,979,-1
150,179,1162,150,179,1162,150,179,1162,-1
179,128,1088,179,128,1088,179,128,1088,-1
128,172,1175,128,172,1175,128,172,1175,-1
172,128,1080,172,128,1080,172,128,1080,-1
128,161,1151,128,161,1151,128,161,1151,-1
161,281,1112,161,281,1112,161,281,1112,-1
281,128,1085,281,128,1085,281,128,1085,-1
128,163,1161,128,163,1161,128,163,1161,-1
163,154,965,163,154,965,163,154,965,-1
154,158,1130,154,158,1130,154,158,1130,-1
158,156,977,158,156,977,158,156,977,-1
156,180,1164,156,180,1164,156,180,1164,-1
180,131,1080,180,131,1080,180,131,1080,-1
131,175,1165,131,175,1165,131,175,1165,-1
175,132,1102,175,132,1102,175,132,1102,-1
132,173,1142,132,173,1142,132,173,1142,-1
173,125,1091,173,125,1091,173,125,1091,-1
125,168,1123,125,168,1123,125,168,1123,-1
168,125,1071,168,125,1071,168,125,1071,-1
125,166,1144,125,166,1144,125,166,1144,-1
166,135,1071,166,135,1071,166,135,1071,-1
135,164,1124,135,164,1124,135,164,1124,-1
164,124,1097,164,124,1097,164,124,1097,-1
124,175,1117,124,175,1117,124,175,1117,-1
175,130,1090,175,130,1090,175,130,1090,-1
130,180,1170,130,180,1170,130,180,1170,-1
180,134,1026,180,134,1026,180,134,1026,-1
134,162,1079,134,162,1079,134,162,1079,-1
162,150,905,162,150,905,162,150,905,-1
150,157,1109,150,157,1109,150,157,1109,-1
157,147,925,157,147,925,157,147,925,-1
147,152,1141,147,152,1141,147,152,1141,-1
152,125,977,152,125,977,152,125,977,-1
125,169,1084,125,169,1084,125,169,1084,-1
169,279,1161,169,279,1161,169,279,1161,-1
279,145,991,279,145,991,279,145,991,-1
145,152,1185,145,152,1185,145,152,1185,-1
152,154,979,152,154,979,152,154,979,-1
154,159,1164,154,159,1164,154,159,1164,-1
159,154,979,159,154,979,159,154,979,-1
154,163,1166,154,163,1166,154,163,1166,-1
163,144,942,163,144,942,163,144,942,-1
144,162,1051,144,162,1051,144,162,1051,-1
162,142,931,162,142,931,162,142,931,-1
142,150,1085,142,150,1085,142,150,1085,-1
150,138,965,150,138,965,150,138,965,-1
138,154,1153,138,154,1153,138,154,1153,-1
154,141,1005,154,141,1005,154,141,1005,-1
141,156,1162,141,156,1162,141,156,1162,-1
156,126,1008,156,126,1008,156,126,1008,-1
126,169,1100,126,169,1100,126,169,1100,-1
169,129,1013,169,129,1013,169,129,1013,-1
129,203,839,129,203,839,129,203,839,-1
203,205,772,203,205,772,203,205,772,-1
205,143,1063,205,143,1063,205,143,1063,-1
143,210,924,143,210,924,143,210,924,-1
210,216,769,210,216,769,210,216,769,-1
216,124,1172,216,124,1172,216,124,1172,-1
124,172,1238,124,172,1238,124,172,1238,-1
172,122,1144,172,122,1144,172,122,1144,-1
122,164,1194,122,164,1194,122,164,1194,-1
164,123,1126,164,123,1126,164,123,1126,-1
123,174,1168,123,174,1168,123,174,1168,-1
174,121,1093,174,121,1093,174,121,1093,-1
121,154,1175,121,154,1175,121,154,1175,-1
154,136,964,154,136,964,154,136,964,-1
136,204,834,136,204,834,136,204,834,1
204,214,727,204,214,727,204,214,727,-1
214,146,1011,214,146,1011,214,146,1011,-1
146,216,876,146,216,876,146,216,876,-1
216,192,715,216,192,715,216,192,715,-1
192,246,995,192,246,995,192,246,995,-1
246,290,1432,246,290,1432,246,290,1432,-1
290,243,1014,290,243,1014,290,243,1014,-1
243,304,1475,243,304,1475,243,304,1475,-1
304,161,1039,304,161,1039,304,161,1039,-1
161,160,1133,161,160,1133,161,160,1133,-1
160,142,974,160,142,974,160,142,974,-1
142,164,1137,142,164,1137,142,164,1137,-1
164,141,961,164,141,961,164,141,961,-1
141,159,1149,141,159,1149,141,159,1149,-1
159,141,982,159,141,982,159,141,982,-1
141,158,1172,141,158,1172,141,158,1172,-1
158,140,982,158,140,982,158,140,982,-1
140,149,1161,140,149,1161,140,149,1161,-1
149,135,1005,149,135,1005,149,135,1005,-1
135,157,1177,135,157,1177,135,157,1177,-1
157,138,1001,157,138,1001,157,138,1001,-1
138,153,1192,138,153,1192,138,153,1192,-1
153,145,971,153,145,971,153,145,971,1
145,157,1112,145,157,1112,145,157,1112,-1
157,154,958,157,154,958,157,154,958,-1
154,157,1155,154,157,1155,154,157,1155,-1
157,151,996,157,151,996,157,151,996,-1
151,159,1181,151,159,1181,151,159,1181,-1
159,146,986,159,146,986,159,146,986,-1
146,154,1165,146,154,1165,146,154,1165,-1
154,136,996,154,136,996,154,136,996,1
136,151,1152,136,151,1152,136,151,1152,1
151,136,972,151,136,972,151,136,972,-1
136,147,1142,136,147,1142,136,147,1142,-1
147,140,977,147,140,977,147,140,977,-1
140,152,1144,140,152,1144,140,152,1144,-1
152,149,983,152,149,983,152,149,983,-1
149,175,1186,149,175,1186,149,175,1186,-1
175,150,987,175,150,987,175,150,987,-1
150,166,1172,150,166,1172,150,166,1172,-1
166,145,991,166,145,991,166,145,991,-1
145,154,1189,145,154,1189,145,154,1189,-1
154,148,1020,154,148,1020,154,148,1020,-1
148,153,1193,148,153,1193,148,153,1193,-1
153,144,1021,153,144,1021,153,144,1021,-1
144,146,1176,144,146,1176,144,146,1176,-1
146,136,1006,146,136,1006,146,136,1006,-1
136,154,1139,136,154,1139,136,154,1139,-1
154,145,952,154,145,952,154,145,952,-1
145,159,1124,145,159,1124,145,159,1124,-1
159,149,941,159,149,941,159,149,941,-1
149,158,1123,149,158,1123,149,158,1123,-1
158,153,981,158,153,981,158,153,981,-1
153,163,1148,153,163,1148,153,163,1148,-1
163,144,983,163,144,983,163,144,983,-1
144,162,1170,144,162,1170,144,162,1170,1
162,148,977,162,148,977,162,148,977,-1
148,226,1152,148,226,1152,148,226,1152,-1
226,182,729,226,182,729,226,182,729,-1
182,307,1008,182,307,1008,182,307,1008,-1
307,275,1136,307,275,1136,307,275,1136,-1
275,140,959,275,140,959,275,140,959,-1
140,166,1124,140,166,1124,140,166,1124,-1
166,151,922,166,151,922,166,151,922,-1
151,165,1114,151,165,1114,151,165,1114,-1
165,153,936,165,153,936,165,153,936,-1
153,158,1122,153,158,1122,153,158,1122,-1
158,149,969,158,149,969,158,149,969,-1
149,160,1157,149,160,1157,149,160,1157,-1
160,140,984,160,140,984,160,140,984,-1
140,153,1162,140,153,1162,140,153,1162,-1
153,134,963,153,134,963,153,134,963,-1
134,145,1152,134,145,1152,134,145,1152,-1
145,142,986,145,142,986,145,142,986,-1
142,160,1152,142,160,1152,142,160,1152,-1
160,155,993,160,155,993,160,155,993,-1
155,167,1184,155,167,1184,155,167,1184,-1
167,156,980,167,156,980,167,156,980,-1
156,176,1155,156,176,1155,156,176,1155,-1
176,148,982,176,148,982,176,148,982,-1
148,177,1155,148,177,1155,148,177,1155,-1
177,128,1095,177,128,1095,177,128,1095,-1
128,176,1155,128,176,1155,128,176,1155,-1
176,125,1097,176,125,1097,176,125,1097,-1
125,164,1160,125,164,1160,125,164,1160,-1
164,128,1110,164,128,1110,164,128,1110,-1
128,162,1129,128,162,1129,128,162,1129,-1
162,134,1098,162,134,1098,162,134,1098,-1
134,178,1148,134,178,1148,134,178,1148,-1
178,128,1096,178,128,1096,178,128,1096,-1
128,185,1171,128,185,1171,128,185,1171,-1
185,134,1100,185,134,1100,185,134,1100,-1
134,179,1165,134,179,1165,134,179,1165,-1
179,138,1098,179,138,1098,179,138,1098,-1
138,176,1163,138,176,1163,138,176,1163,-1
176,135,1134,176,135,1134,176,135,1134,-1
135,175,1168,135,175,1168,135,175,1168,-1
175,125,1104,175,125,1104,175,125,1104,-1
125,170,1165,125,170,1165,125,170,1165,-1
170,278,1132,170,278,1132,170,278,1132,-1
278,122,1140,278,122,1140,278,122,1140,-1
122,167,1192,122,167,1192,122,167,1192,-1
167,128,1125,167,128,1125,167,128,1125,-1
128,174,1188,128,174,1188,128,174,1188,-1
174,132,1088,174,132,1088,174,132,1088,-1
132,181,1185,132,181,1185,132,181,1185,-1
181,137,1112,181,137,1112,181,137,1112,-1
137,184,1191,137,184,1191,137,184,1191,-1
184,128,1090,184,128,1090,184,128,1090,-1
128,179,1163,128,179,1163,128,179,1163,-1
179,126,1051,179,126,1051,179,126,1051,-1
126,163,1134,126,163,1134,126,163,1134,-1
163,125,1064,163,125,1064,163,125,1064,-1
125,165,1112,125,165,1112,125,165,1112,-1
165,129,1055,165,129,1055,165,129,1055,-1
129,157,1096,129,157,1096,129,157,1096,-1
157,143,957,157,143,957,157,143,957,-1
143,159,1129,143,159,1129,143,159,1129,-1
159,153,965,159,153,965,159,153,965,-1
153,178,1154,153,178,1154,153,178,1154,-1
178,135,1064,178,135,1064,178,135,1064,-1
135,173,1147,135,173,1147,135,173,1147,-1
173,132,1066,173,132,1066,173,132,1066,-1
132,169,1125,132,169,1125,132,169,1125,-1
169,131,1109,169,131,1109,169,131,1109,1
131,173,1159,131,173,1159,131,173,1159,1
173,127,1082,173,127,1082,173,127,1082,1
127,167,1128,127,167,1128,127,167,1128,-1
167,121,1053,167,121,1053,167,121,1053,1
121,167,1083,121,167,1083,121,167,1083,-1
167,132,1029,167,132,1029,167,132,1029,-1
132,169,1112,132,169,1112,132,169,1112,-1
169,127,1045,169,127,1045,169,127,1045,-1
127,184,1106,127,184,1106,127,184,1106,-1
184,134,1064,184,134,1064,184,134,1064,-1
134,185,1145,134,185,1145,134,185,1145,-1
185,131,1079,185,131,1079,185,131,1079,-1
131,176,1167,131,176,1167,131,176,1167,-1
176,131,1101,176,131,1101,176,131,1101,-1
131,162,1149,131,162,1149,131,162,1149,-1
162,126,1084,162,126,1084,162,126,1084,-1
126,159,1143,126,159,1143,126,159,1143,-1
159,124,1101,159,124,1101,159,124,1101,-1
124,165,1162,124,165,1162,124,165,1162,-1
165,123,1088,165,123,1088,165,123,1088,-1
123,174,1140,123,174,1140,123,174,1140,-1
174,131,1079,174,131,1079,174,131,1079,-1
131,191,1126,131,191,1126,131,191,1126,-1
191,135,1039,191,135,1039,191,135,1039,-1
135,181,1150,135,181,1150,135,181,1150,-1
181,130,1074,181,130,1074,181,130,1074,-1
130,172,1147,130,172,1147,130,172,1147,-1
172,128,1062,172,128,1062,172,128,1062,-1
128,174,1127,128,174,1127,128,174,1127,-1
174,126,1063,174,126,1063,174,126,1063,-1
126,171,1164,126,171,1164,126,171,1164,-1
171,122,1066,171,122,1066,171,122,1066,-1
122,167,1132,122,167,1132,122,167,1132,-1
167,127,1052,167,127,1052,167,127,1052,-1
127,168,1143,127,168,1143,127,168,1143,-1
168,127,1070,168,127,1070,168,127,1070,-1
127,174,1159,127,174,1159,127,174,1159,-1
174,132,1061,174,132,1061,174,132,1061,-1
132,182,1134,132,182,1134,132,182,1134,-1
182,291,1082,182,291,1082,182,291,1082,-1
291,220,977,291,220,977,291,220,977,-1
220,297,1381,220,297,1381,220,297,1381,-1
297,141,1046,297,141,1046,297,141,1046,-1
141,131,941,141,131,941,141,131,941,-1
131,304,1076,131,304,1076,131,304,1076,-1
304,197,1176,304,197,1176,304,197,1176,-1
197,251,997,197,251,997,197,251,997,-1
251,186,1133,251,186,1133,251,186,1133,-1
186,135,1002,186,135,1002,186,135,1002,-1
135,178,1089,135,178,1089,135,178,1089,-1
178,127,1019,178,127,1019,178,127,1019,-1
127,159,1055,127,159,1055,127,159,1055,-1
159,141,884,159,141,884,159,141,884,-1
141,157,1099,141,157,1099,141,157,1099,-1
157,141,939,157,141,939,157,141,939,-1
141,146,1146,141,146,1146,141,146,1146,-1
146,138,986,146,138,986,146,138,986,-1
138,152,1183,138,152,1183,138,152,1183,-1
152,147,1004,152,147,1004,152,147,1004,-1
147,179,1194,147,179,1194,147,179,1194,-1
179,128,1129,179,128,1129,179,128,1129,-1
128,180,1213,128,180,1213,128,180,1213,-1
180,137,1136,180,137,1136,180,137,1136,-1
137,169,1170,137,169,1170,137,169,1170,-1
169,132,1142,169,132,1142,169,132,1142,-1
132,180,1173,132,180,1173,132,180,1173,-1
180,132,1106,180,132,1106,180,132,1106,-1
132,169,1174,132,169,1174,132,169,1174,-1
169,125,1115,169,125,1115,169,125,1115,-1
125,164,1155,125,164,1155,125,164,1155,-1
164,123,1097,164,123,1097,164,123,1097,-1
123,167,1157,123,167,1157,123,167,1157,-1
167,126,1092,167,126,1092,167,126,1092,-1
126,166,1174,126,166,1174,126,166,1174,-1
166,129,1140,166,129,1140,166,129,1140,-1
129,181,1079,129,181,1079,129,181,1079,-1
181,138,1077,181,138,1077,181,138,1077,-1
138,186,1167,138,186,1167,138,186,1167,-1
186,131,1066,186,131,1066,186,131,1066,-1
131,175,1143,131,175,1143,131,175,1143,-1
175,302,1091,175,302,1091,175,302,1091,-1
302,124,1068,302,124,1068,302,124,1068,-1
124,150,1150,124,150,1150,124,150,1150,-1
150,127,982,150,127,982,150,127,982,-1
127,152,889,127,152,889,127,152,889,-1
152,289,1030,152,289,1030,152,289,1030,-1
289,206,1048,289,206,1048,289,206,1048,-1
206,252,1391,206,252,1391,206,252,1391,-1
252,221,1035,252,221,1035,252,221,1035,-1
221,176,1178,221,176,1178,221,176,1178,-1
176,130,1076,176,130,1076,176,130,1076,-1
130,179,1147,130,179,1147,130,179,1147,-1
179,121,1069,179,121,1069,179,121,1069,-1
121,169,1154,121,169,1154,121,169,1154,-1
169,126,1072,169,126,1072,169,126,1072,-1
126,151,1123,126,151,1123,126,151,1123,-1
151,124,972,151,124,972,151,124,972,-1
124,141,1012,124,141,1012,124,141,1012,-1
141,255,1018,141,255,1018,141,255,1018,-1
255,199,1021,255,199,1021,255,199,1021,-1
199,325,1289,199,325,1289,199,325,1289,-1
325,130,1153,325,130,1153,325,130,1153,-1
130,185,1192,130,185,1192,130,185,1192,-1
185,127,1085,185,127,1085,185,127,1085,-1
127,176,1183,127,176,1183,127,176,1183,-1
176,130,1101,176,130,1101,176,130,1101,-1
130,163,1167,130,163,1167,130,163,1167,-1
163,281,1100,163,281,1100,163,281,1100,-1
281,121,1068,281,121,1068,281,121,1068,-1
121,172,1134,121,172,1134,121,172,1134,-1
172,122,1058,172,122,1058,172,122,1058,-1
122,174,1118,122,174,1118,122,174,1118,-1
174,132,1064,174,132,1064,174,132,1064,-1
132,181,1138,132,181,1138,132,181,1138,-1
181,137,1068,181,137,1068,181,137,1068,-1
137,177,1155,137,177,1155,137,177,1155,-1
177,134,1086,177,134,1086,177,134,1086,-1
134,172,1143,134,172,1143,134,172,1143,-1
172,123,1094,172,123,1094,172,123,1094,-1
123,165,1167,123,165,1167,123,165,1167,-1
165,123,1121,165,123,1121,165,123,1121,-1
123,169,1173,123,169,1173,123,169,1173,-1
169,130,1067,169,130,1067,169,130,1067,-1
130,167,1113,130,167,1113,130,167,1113,-1
167,127,1050,167,127,1050,167,127,1050,-1
127,173,1113,127,173,1113,127,173,1113,-1
173,128,1069,173,128,1069,173,128,1069,-1
128,183,1128,128,183,1128,128,183,1128,-1
183,133,1029,183,133,1029,183,133,1029,-1
133,174,1109,133,174,1109,133,174,1109,-1
174,132,1059,174,132,1059,174,132,1059,-1
132,168,1119,132,168,1119,132,168,1119,-1
168,128,1070,168,128,1070,168,128,1070,-1
128,171,1146,128,171,1146,128,171,1146,-1
171,297,1125,171,297,1125,171,297,1125,-1
297,266,1066,297,266,1066,297,266,1066,-1
266,138,964,266,138,964,266,138,964,-1
138,157,849,138,157,849,138,157,849,-1
157,127,984,157,127,984,157,127,984,-1
127,163,1013,127,163,1013,127,163,1013,-1
163,123,1035,163,123,1035,163,123,1035,-1
123,221,827,123,221,827,123,221,827,-1
221,197,798,221,197,798,221,197,798,-1
197,145,1056,197,145,1056,197,145,1056,-1
145,160,914,145,160,914,145,160,914,-1
160,290,1055,160,290,1055,160,290,1055,-1
290,200,1023,290,200,1023,290,200,1023,-1
200,305,1335,200,305,1335,200,305,1335,-1
305,129,1127,305,129,1127,305,129,1127,-1
129,171,1152,129,171,1152,129,171,1152,-1
171,135,1086,171,135,1086,171,135,1086,-1
135,192,1139,135,192,1139,135,192,1139,-1
192,126,1038,192,126,1038,192,126,1038,-1
126,182,1096,126,182,1096,126,182,1096,-1
182,129,1045,182,129,1045,182,129,1045,-1
129,171,1116,129,171,1116,129,171,1116,-1
171,124,1063,171,124,1063,171,124,1063,-1
124,175,1134,124,175,1134,124,175,1134,-1
175,126,1063,175,126,1063,175,126,1063,-1
126,169,1140,126,169,1140,126,169,1140,-1
169,123,1072,169,123,1072,169,123,1072,-1
123,165,1103,123,165,1103,123,165,1103,-1
165,298,1127,165,298,1127,165,298,1127,-1
298,132,1074,298,132,1074,298,132,1074,-1
132,175,1153,132,175,1153,132,175,1153,-1
175,136,1074,175,136,1074,175,136,1074,-1
136,176,1128,136,176,1128,136,176,1128,-1
176,130,1062,176,130,1062,176,130,1062,-1
130,181,1105,130,181,1105,130,181,1105,-1
181,126,1044,181,126,1044,181,126,1044,-1
126,175,1137,126,175,1137,126,175,1137,-1
175,124,1039,175,124,1039,175,124,1039,-1
124,163,1109,124,163,1109,124,163,1109,-1
163,126,1056,163,126,1056,163,126,1056,-1
126,166,1116,126,166,1116,126,166,1116,-1
166,122,1066,166,122,1066,166,122,1066,-1
122,171,1134,122,171,1134,122,171,1134,-1
171,129,1034,171,129,1034,171,129,1034,-1
129,187,1145,129,187,1145,129,187,1145,-1
187,142,1047,187,142,1047,187,142,1047,-1
142,181,1123,142,181,1123,142,181,1123,-1
181,130,1038,181,130,1038,181,130,1038,-1
130,172,1159,130,172,1159,130,172,1159,-1
172,128,1089,172,128,1089,172,128,1089,-1
128,171,1128,128,171,1128,128,171,1128,-1
171,126,1093,171,126,1093,171,126,1093,-1
126,170,1145,126,170,1145,126,170,1145,-1
170,121,1063,170,121,1063,170,121,1063,-1
121,168,1132,121,168,1132,121,168,1132,-1
168,126,1037,168,126,1037,168,126,1037,-1
126,173,1145,126,173,1145,126,173,1145,-1
173,134,1050,173,134,1050,173,134,1050,-1
134,181,1143,134,181,1143,134,181,1143,-1
181,136,1076,181,136,1076,181,136,1076,-1
136,185,1137,136,185,1137,136,185,1137,-1
185,127,1034,185,127,1034,185,127,1034,-1
127,174,1140,127,174,1140,127,174,1140,-1
174,133,1048,174,133,1048,174,133,1048,-1
133,173,1086,133,173,1086,133,173,1086,-1
173,127,1048,173,127,1048,173,127,1048,-1
127,169,1072,127,169,1072,127,169,1072,-1
169,125,1081,169,125,1081,169,125,1081,-1
125,173,1150,125,173,1150,125,173,1150,-1
173,122,1072,173,122,1072,173,122,1072,-1
122,171,1151,122,171,1151,122,171,1151,-1
171,122,1075,171,122,1075,171,122,1075,-1
122,170,1107,122,170,1107,122,170,1107,-1
170,215,1012,170,215,1012,170,215,1012,-1
215,316,1383,215,316,1383,215,316,1383,-1
316,133,1003,316,133,1003,316,133,1003,-1
133,135,1034,133,135,1034,133,135,1034,-1
135,298,1422,135,298,1422,135,298,1422,-1
298,121,1074,298,121,1074,298,121,1074,-1
121,184,882,121,184,882,121,184,882,-1
184,287,1162,184,287,1162,184,287,1162,-1
287,131,1163,287,131,1163,287,131,1163,-1
131,181,1176,131,181,1176,131,181,1176,-1
181,138,1099,181,138,1099,181,138,1099,-1
138,186,1155,138,186,1155,138,186,1155,-1
186,139,1088,186,139,1088,186,139,1088,-1
139,173,1143,139,173,1143,139,173,1143,-1
173,132,1087,173,132,1087,173,132,1087,1
132,174,1136,132,174,1136,132,174,1136,1
174,129,1079,174,129,1079,174,129,1079,1
129,171,1161,129,171,1161,129,171,1161,-1
171,289,1087,171,289,1087,171,289,1087,-1
289,210,1091,289,210,1091,289,210,1091,-1
210,214,994,210,214,994,210,214,994,-1
214,168,1241,214,168,1241,214,168,1241,-1
168,133,1141,168,133,1141,168,133,1141,-1
133,177,1189,133,177,1189,133,177,1189,-1
177,135,1151,177,135,1151,177,135,1151,-1
135,178,1150,135,178,1150,135,178,1150,-1
178,134,1051,178,134,1051,178,134,1051,-1
134,179,1109,134,179,1109,134,179,1109,-1
179,133,995,179,133,995,179,133,995,-1
133,151,1063,133,151,1063,133,151,1063,-1
151,144,877,151,144,877,151,144,877,-1
144,149,1073,144,149,1073,144,149,1073,-1
149,133,903,149,133,903,149,133,903,-1
133,152,1103,133,152,1103,133,152,1103,-1
152,141,929,152,141,929,152,141,929,-1
141,161,1102,141,161,1102,141,161,1102,-1
161,141,972,161,141,972,161,141,972,-1
141,166,1173,141,166,1173,141,166,1173,-1
166,157,972,166,157,972,166,157,972,-1
157,166,1180,157,166,1180,157,166,1180,-1
166,152,966,166,152,966,166,152,966,-1
152,157,1137,152,157,1137,152,157,1137,-1
157,148,952,157,148,952,157,148,952,-1
148,154,1110,148,154,1110,148,154,1110,-1
154,139,950,154,139,950,154,139,950,1
139,147,1122,139,147,1122,139,147,1122,1
147,288,947,147,288,947,147,288,947,1
288,204,1029,288,204,1029,288,204,1029,-1
204,305,1487,204,305,1487,204,305,1487,-1
305,149,1038,305,149,1038,305,149,1038,-1
149,219,1173,149,219,1173,149,219,1173,-1
219,199,797,219,199,797,219,199,797,-1
199,150,1043,199,150,1043,199,150,1043,-1
150,138,931,150,138,931,150,138,931,-1
138,286,1045,138,286,1045,138,286,1045,-1
286,283,1045,286,283,1045,286,283,1045,-1
283,288,1055,283,288,1055,283,288,1055,-1
288,269,1081,288,269,1081,288,269,1081,-1
269,191,1052,269,191,1052,269,191,1052,-1
191,318,1248,191,318,1248,191,318,1248,-1
318,150,1069,318,150,1069,318,150,1069,-1
150,167,1214,150,167,1214,150,167,1214,-1
167,144,1041,167,144,1041,167,144,1041,-1
144,165,1188,144,165,1188,144,165,1188,1
165,136,1021,165,136,1021,165,136,1021,-1
136,155,1196,136,155,1196,136,155,1196,-1
155,132,994,155,132,994,155,132,994,1
132,150,1165,132,150,1165,132,150,1165,1
150,142,972,150,142,972,150,142,972,-1
142,148,1144,142,148,1144,142,148,1144,-1
148,148,962,148,148,962,148,148,962,-1
148,157,1128,148,157,1128,148,157,1128,-1
157,154,960,157,154,960,157,154,960,-1
154,177,1112,154,177,1112,154,177,1112,-1
177,148,938,177,148,938,177,148,938,-1
148,165,1094,148,165,1094,148,165,1094,-1
165,146,936,165,146,936,165,146,936,-1
146,153,1110,146,153,1110,146,153,1110,-1
153,142,946,153,142,946,153,142,946,-1
142,158,1125,142,158,1125,142,158,1125,-1
158,142,975,158,142,975,158,142,975,-1
142,155,1142,142,155,1142,142,155,1142,-1
155,134,987,155,134,987,155,134,987,-1
134,160,1154,134,160,1154,134,160,1154,-1
160,140,984,160,140,984,160,140,984,-1
140,155,1165,140,155,1165,140,155,1165,-1
155,150,981,155,150,981,155,150,981,-1
150,164,1160,150,164,1160,150,164,1160,-1
164,155,977,164,155,977,164,155,977,-1
155,158,1145,155,158,1145,155,158,1145,-1
158,153,1001,158,153,1001,158,153,1001,1
153,161,1153,153,161,1153,153,161,1153,-1
161,146,995,161,146,995,161,146,995,-1
146,159,1165,146,159,1165,146,159,1165,-1
159,139,989,159,139,989,159,139,989,-1
139,150,1153,139,150,1153,139,150,1153,-1
150,134,1008,150,134,1008,150,134,1008,-1
134,151,1199,134,151,1199,134,151,1199,-1
151,141,1021,151,141,1021,151,141,1021,-1
141,156,1170,141,156,1170,141,156,1170,-1
156,151,950,156,151,950,156,151,950,-1
151,176,1147,151,176,1147,151,176,1147,-1
176,155,951,176,155,951,176,155,951,-1
155,169,1123,155,169,1123,155,169,1123,-1
169,148,962,169,148,962,169,148,962,-1
148,152,1107,148,152,1107,148,152,1107,-1
152,143,976,152,143,976,152,143,976,-1
143,154,1143,143,154,1143,143,154,1143,-1
154,139,982,154,139,982,154,139,982,-1
139,152,1159,139,152,1159,139,152,1159,-1
152,135,969,152,135,969,152,135,969,-1
135,155,1129,135,155,1129,135,155,1129,-1
155,140,962,155,140,962,155,140,962,-1
140,163,1110,140,163,1110,140,163,1110,-1
163,150,950,163,150,950,163,150,950,-1
150,167,1118,150,167,1118,150,167,1118,-1
167,155,948,167,155,948,167,155,948,-1
155,160,1108,155,160,1108,155,160,1108,-1
160,146,987,160,146,987,160,146,987,-1
146,160,1123,146,160,1123,146,160,1123,-1
160,147,1001,160,147,1001,160,147,1001,-1
147,161,1167,147,161,1167,147,161,1167,-1
161,222,997,161,222,997,161,222,997,-1
222,286,1494,222,286,1494,222,286,1494,-1
286,140,1040,286,140,1040,286,140,1040,-1
140,220,1185,140,220,1185,140,220,1185,-1
220,197,787,220,197,787,220,197,787,-1
197,144,1036,197,144,1036,197,144,1036,-1
144,217,1198,144,217,1198,144,217,1198,-1
217,123,760,217,123,760,217,123,760,-1
123,218,1004,123,218,1004,123,218,1004,-1
218,177,880,218,177,880,218,177,880,-1
177,136,1015,177,136,1015,177,136,1015,-1
136,198,882,136,198,882,136,198,882,-1
198,203,867,198,203,867,198,203,867,-1
203,284,1197,203,284,1197,203,284,1197,-1
284,123,1103,284,123,1103,284,123,1103,-1
123,184,1181,123,184,1181,123,184,1181,-1
184,127,1047,184,127,1047,184,127,1047,-1
127,186,1115,127,186,1115,127,186,1115,-1
186,143,1097,186,143,1097,186,143,1097,-1
143,171,1139,143,171,1139,143,171,1139,-1
171,125,1105,171,125,1105,171,125,1105,-1
125,173,1185,125,173,1185,125,173,1185,-1
173,127,1089,173,127,1089,173,127,1089,-1
127,173,1155,127,173,1155,127,173,1155,-1
173,288,1116,173,288,1116,173,288,1116,-1
288,288,1115,288,288,1115,288,288,1115,-1
288,125,1124,288,125,1124,288,125,1124,-1
125,168,1150,125,168,1150,125,168,1150,-1
168,126,1086,168,126,1086,168,126,1086,-1
126,175,1162,126,175,1162,126,175,1162,-1
175,128,1085,175,128,1085,175,128,1085,-1
128,177,1158,128,177,1158,128,177,1158,-1
177,133,1089,177,133,1089,177,133,1089,1
133,181,1158,133,181,1158,133,181,1158,-1
181,135,1103,181,135,1103,181,135,1103,1
135,165,1142,135,165,1142,135,165,1142,-1
165,125,1125,165,125,1125,165,125,1125,-1
125,164,1148,125,164,1148,125,164,1148,-1
164,279,1285,164,279,1285,164,279,1285,-1
279,185,975,279,185,975,279,185,975,-1
185,301,1389,185,301,1389,185,301,1389,-1
301,150,977,301,150,977,301,150,977,-1
150,121,1130,150,121,1130,150,121,1130,-1
121,316,1430,121,316,1430,121,316,1430,-1
316,142,1016,316,142,1016,316,142,1016,-1
142,161,923,142,161,923,142,161,923,-1
161,123,1039,161,123,1039,161,123,1039,-1
123,175,1034,123,175,1034,123,175,1034,-1
175,286,1075,175,286,1075,175,286,1075,-1
286,137,1055,286,137,1055,286,137,1055,-1
137,158,969,137,158,969,137,158,969,-1
158,145,1050,158,145,1050,158,145,1050,-1
145,169,1236,145,169,1236,145,169,1236,-1
169,132,1167,169,132,1167,169,132,1167,-1
132,162,1177,132,162,1177,132,162,1177,-1
162,144,993,162,144,993,162,144,993,-1
144,185,1193,144,185,1193,144,185,1193,-1
185,132,1125,185,132,1125,185,132,1125,-1
132,179,1170,132,179,1170,132,179,1170,-1
179,123,1069,179,123,1069,179,123,1069,-1
123,172,1174,123,172,1174,123,172,1174,-1
172,127,1079,172,127,1079,172,127,1079,-1
127,169,1148,127,169,1148,127,169,1148,-1
169,125,1083,169,125,1083,169,125,1083,-1
125,164,1152,125,164,1152,125,164,1152,-1
164,123,1094,164,123,1094,164,123,1094,-1
123,175,1134,123,175,1134,123,175,1134,-1
175,125,1080,175,125,1080,175,125,1080,-1
125,176,1148,125,176,1148,125,176,1148,-1
176,136,1075,176,136,1075,176,136,1075,-1
136,181,1130,136,181,1130,136,181,1130,-1
181,137,1066,181,137,1066,181,137,1066,-1
137,177,1110,137,177,1110,137,177,1110,-1
177,129,1047,177,129,1047,177,129,1047,-1
129,176,1114,129,176,1114,129,176,1114,-1
176,123,1060,176,123,1060,176,123,1060,-1
123,163,1118,123,163,1118,123,163,1118,-1
163,121,1062,163,121,1062,163,121,1062,-1
121,164,1142,121,164,1142,121,164,1142,-1
164,128,1031,164,128,1031,164,128,1031,-1
128,164,1113,128,164,1113,128,164,1113,-1
164,130,1043,164,130,1043,164,130,1043,-1
130,177,1103,130,177,1103,130,177,1103,-1
177,130,1045,177,130,1045,177,130,1045,-1
130,202,1153,130,202,1153,130,202,1153,-1
202,135,1035,202,135,1035,202,135,1035,-1
135,176,1145,135,176,1145,135,176,1145,-1
176,129,1039,176,129,1039,176,129,1039,-1
129,169,1121,129,169,1121,129,169,1121,-1
169,125,1048,169,125,1048,169,125,1048,-1
125,171,1124,125,171,1124,125,171,1124,-1
171,128,1034,171,128,1034,171,128,1034,-1
128,168,1110,128,168,1110,128,168,1110,-1
168,125,1031,168,125,1031,168,125,1031,-1
125,170,1116,125,170,1116,125,170,1116,-1
170,126,1020,170,126,1020,170,126,1020,-1
126,177,1156,126,177,1156,126,177,1156,-1
177,135,1045,177,135,1045,177,135,1045,-1
135,176,1129,135,176,1129,135,176,1129,-1
176,136,1029,176,136,1029,176,136,1029,-1
136,176,1092,136,176,1092,136,176,1092,-1
176,128,1029,176,128,1029,176,128,1029,-1
128,179,1121,128,179,1121,128,179,1121,-1
179,128,1025,179,128,1025,179,128,1025,-1
128,170,1135,128,170,1135,128,170,1135,-1
170,124,1095,170,124,1095,170,124,1095,-1
124,162,1179,124,162,1179,124,162,1179,-1
162,125,1090,162,125,1090,162,125,1090,-1
125,168,1180,125,168,1180,125,168,1180,-1
168,122,1109,168,122,1109,168,122,1109,-1
122,175,1197,122,175,1197,122,175,1197,-1
175,131,1116,175,131,1116,175,131,1116,-1
131,197,1200,131,197,1200,131,197,1200,-1
197,144,1059,197,144,1059,197,144,1059,-1
144,181,1185,144,181,1185,144,181,1185,-1
181,136,1097,181,136,1097,181,136,1097,-1
136,169,1145,136,169,1145,136,169,1145,-1
169,121,1074,169,121,1074,169,121,1074,-1
121,172,1165,121,172,1165,121,172,1165,-1
172,121,1055,172,121,1055,172,121,1055,-1
121,169,1143,121,169,1143,121,169,1143,-1
169,268,1058,169,268,1058,169,268,1058,-1
268,221,972,268,221,972,268,221,972,-1
221,244,1309,221,244,1309,221,244,1309,-1
244,226,992,244,226,992,244,226,992,-1
226,171,1061,226,171,1061,226,171,1061,-1
171,318,1358,171,318,1358,171,318,1358,-1
318,129,1119,318,129,1119,318,129,1119,-1
129,175,1206,129,175,1206,129,175,1206,-1
175,130,1103,175,130,1103,175,130,1103,-1
130,166,1154,130,166,1154,130,166,1154,-1
166,121,1081,166,121,1081,166,121,1081,-1
121,167,1132,121,167,1132,121,167,1132,-1
167,128,1038,167,128,1038,167,128,1038,-1
128,150,1097,128,150,1097,128,150,1097,-1
150,145,896,150,145,896,150,145,896,-1
145,159,1094,145,159,1094,145,159,1094,-1
159,146,935,159,146,935,159,146,935,-1
146,174,1062,146,174,1062,146,174,1062,-1
174,150,945,174,150,945,174,150,945,-1
150,162,1100,150,162,1100,150,162,1100,-1
162,144,904,162,144,904,162,144,904,-1
144,161,1095,144,161,1095,144,161,1095,-1
161,145,941,161,145,941,161,145,941,-1
145,146,1105,145,146,1105,145,146,1105,-1
146,138,986,146,138,986,146,138,986,-1
138,146,1159,138,146,1159,138,146,1159,-1
146,135,1016,146,135,1016,146,135,1016,-1
135,154,1198,135,154,1198,135,154,1198,-1
154,146,1021,154,146,1021,154,146,1021,-1
146,173,1200,146,173,1200,146,173,1200,-1
173,157,1006,173,157,1006,173,157,1006,-1
157,172,1176,157,172,1176,157,172,1176,-1
172,158,1010,172,158,1010,172,158,1010,-1
158,153,1169,158,153,1169,158,153,1169,-1
153,146,1026,153,146,1026,153,146,1026,-1
146,157,1192,146,157,1192,146,157,1192,-1
157,143,1022,157,143,1022,157,143,1022,-1
143,153,1205,143,153,1205,143,153,1205,-1
153,134,1032,153,134,1032,153,134,1032,-1
134,151,1184,134,151,1184,134,151,1184,-1
151,143,1028,151,143,1028,151,143,1028,-1
143,157,1209,143,157,1209,143,157,1209,-1
157,156,1013,157,156,1013,157,156,1013,-1
156,156,1204,156,156,1204,156,156,1204,-1
156,155,1015,156,155,1015,156,155,1015,-1
155,163,1209,155,163,1209,155,163,1209,-1
163,150,1025,163,150,1025,163,150,1025,-1
150,158,1172,150,158,1172,150,158,1172,-1
158,154,1033,158,154,1033,158,154,1033,-1
154,177,1188,154,177,1188,154,177,1188,-1
177,129,1142,177,129,1142,177,129,1142,-1
129,163,1157,129,163,1157,129,163,1157,-1
163,125,1103,163,125,1103,163,125,1103,-1
125,150,1110,125,150,1110,125,150,1110,-1
150,132,933,150,132,933,150,132,933,-1
132,155,1118,132,155,1118,132,155,1118,-1
155,134,964,155,134,964,155,134,964,-1
134,170,1160,134,170,1160,134,170,1160,-1
170,141,986,170,141,986,170,141,986,-1
141,135,1128,141,135,1128,141,135,1128,-1
135,126,1439,135,126,1439,135,126,1439,-1
126,195,788,126,195,788,126,195,788,-1
195,149,1038,195,149,1038,195,149,1038,-1
149,126,1176,149,126,1176,149,126,1176,-1
126,161,1410,126,161,1410,126,161,1410,-1
161,198,1014,161,198,1014,161,198,1014,-1
198,230,976,198,230,976,198,230,976,-1
230,155,1172,230,155,1172,230,155,1172,-1
155,144,1021,155,144,1021,155,144,1021,-1
144,163,1204,144,163,1204,144,163,1204,-1
163,148,1015,163,148,1015,163,148,1015,-1
148,164,1200,148,164,1200,148,164,1200,-1
164,162,1020,164,162,1020,164,162,1020,-1
162,180,1183,162,180,1183,162,180,1183,-1
180,137,1157,180,137,1157,180,137,1157,-1
137,175,1186,137,175,1186,137,175,1186,-1
175,131,1095,175,131,1095,175,131,1095,-1
131,173,1190,131,173,1190,131,173,1190,-1
173,122,1106,173,122,1106,173,122,1106,-1
122,171,1156,122,171,1156,122,171,1156,-1
171,123,1097,171,123,1097,171,123,1097,-1
123,167,1147,123,167,1147,123,167,1147,-1
167,132,1090,167,132,1090,167,132,1090,-1
132,164,1159,132,164,1159,132,164,1159,-1
164,130,1084,164,130,1084,164,130,1084,-1
130,177,1156,130,177,1156,130,177,1156,-1
177,135,1110,177,135,1110,177,135,1110,-1
135,186,1170,135,186,1170,135,186,1170,-1
186,179,1115,186,179,1115,186,179,1115,-1
179,134,1040,179,134,1040,179,134,1040,-1
134,208,1057,134,208,1057,134,208,1057,-1
208,128,1125,208,128,1125,208,128,1125,-1
128,174,1204,128,174,1204,128,174,1204,-1
174,284,1133,174,284,1133,174,284,1133,-1
284,289,1121,284,289,1121,284,289,1121,-1
289,128,1093,289,128,1093,289,128,1093,-1
128,173,1137,128,173,1137,128,173,1137,-1
173,139,1028,173,139,1028,173,139,1028,-1
139,163,1125,139,163,1125,139,163,1125,-1
163,168,907,163,168,907,163,168,907,-1
168,195,1055,168,195,1055,168,195,1055,-1
195,146,887,195,146,887,195,146,887,-1
146,161,1067,146,161,1067,146,161,1067,-1
161,144,901,161,144,901,161,144,901,-1
144,146,1106,144,146,1106,144,146,1106,-1
146,142,942,146,142,942,146,142,942,-1
142,151,1124,142,151,1124,142,151,1124,-1
151,144,965,151,144,965,151,144,965,-1
144,161,1135,144,161,1135,144,161,1135,-1
161,144,967,161,144,967,161,144,967,-1
144,163,1109,144,163,1109,144,163,1109,-1
163,151,883,163,151,883,163,151,883,-1
151,169,1067,151,169,1067,151,169,1067,-1
169,155,916,169,155,916,169,155,916,-1
155,167,1101,155,167,1101,155,167,1101,-1
167,144,958,167,144,958,167,144,958,-1
144,157,1159,144,157,1159,144,157,1159,-1
157,149,985,157,149,985,157,149,985,-1
149,157,1125,149,157,1125,149,157,1125,-1
157,142,953,157,142,953,157,142,953,-1
142,149,1116,142,149,1116,142,149,1116,-1
149,134,957,149,134,957,149,134,957,-1
134,156,1139,134,156,1139,134,156,1139,-1
156,143,1020,156,143,1020,156,143,1020,-1
143,152,1208,143,152,1208,143,152,1208,-1
152,148,1060,152,148,1060,152,148,1060,-1
148,165,1212,148,165,1212,148,165,1212,-1
165,160,1024,165,160,1024,165,160,1024,-1
160,177,1181,160,177,1181,160,177,1181,-1
177,146,1004,177,146,1004,177,146,1004,-1
146,160,1186,146,160,1186,146,160,1186,-1
160,146,1030,160,146,1030,160,146,1030,-1
146,149,1227,146,149,1227,146,149,1227,-1
149,139,1066,149,139,1066,149,139,1066,-1
139,148,1213,139,148,1213,139,148,1213,-1
148,141,1020,148,141,1020,148,141,1020,-1
141,145,1186,141,145,1186,141,145,1186,-1
145,138,997,145,138,997,145,138,997,-1
138,160,1164,138,160,1164,138,160,1164,-1
160,221,1005,160,221,1005,160,221,1005,-1
221,323,1477,221,323,1477,221,323,1477,-1
323,128,1044,323,128,1044,323,128,1044,-1
128,133,995,128,133,995,128,133,995,-1
133,211,1482,133,211,1482,133,211,1482,-1
211,233,1036,211,233,1036,211,233,1036,-1
233,134,1222,233,134,1222,233,134,1222,-1
134,215,1445,134,215,1445,134,215,1445,-1
215,220,1028,215,220,1028,215,220,1028,-1
220,278,1181,220,278,1181,220,278,1181,-1
278,303,1390,278,303,1390,278,303,1390,-1
303,161,1043,303,161,1043,303,161,1043,-1
161,163,911,161,163,911,161,163,911,-1
163,311,1063,163,311,1063,163,311,1063,-1
311,131,1033,311,131,1033,311,131,1033,-1
131,195,865,131,195,865,131,195,865,-1
195,126,1167,195,126,1167,195,126,1167,-1
126,164,1192,126,164,1192,126,164,1192,-1
164,285,1130,164,285,1130,164,285,1130,-1
285,121,1107,285,121,1107,285,121,1107,-1
121,168,1175,121,168,1175,121,168,1175,-1
168,127,1131,168,127,1131,168,127,1131,-1
127,181,1178,127,181,1178,127,181,1178,-1
181,142,1105,181,142,1105,181,142,1105,-1
142,190,1160,142,190,1160,142,190,1160,-1
190,141,1081,190,141,1081,190,141,1081,-1
141,172,1176,141,172,1176,141,172,1176,-1
172,127,1121,172,127,1121,172,127,1121,-1
127,173,1193,127,173,1193,127,173,1193,-1
173,126,1098,173,126,1098,173,126,1098,-1
126,171,1152,126,171,1152,126,171,1152,-1
171,285,1102,171,285,1102,171,285,1102,-1
285,121,1065,285,121,1065,285,121,1065,-1
121,168,1130,121,168,1130,121,168,1130,-1
168,137,1093,168,137,1093,168,137,1093,-1
137,172,1151,137,172,1151,137,172,1151,-1
172,135,1125,172,135,1125,172,135,1125,-1
135,182,1169,135,182,1169,135,182,1169,-1
182,130,1083,182,130,1083,182,130,1083,-1
130,174,1146,130,174,1146,130,174,1146,-1
174,132,1050,174,132,1050,174,132,1050,-1
132,167,1113,132,167,1113,132,167,1113,-1
167,154,1274,167,154,1274,167,154,1274,-1
154,176,977,154,176,977,154,176,977,-1
176,295,1089,176,295,1089,176,295,1089,-1
295,124,1141,295,124,1141,295,124,1141,-1
124,165,1175,124,165,1175,124,165,1175,-1
165,124,1144,165,124,1144,165,124,1144,-1
124,174,1179,124,174,1179,124,174,1179,-1
174,129,1086,174,129,1086,174,129,1086,-1
129,182,1166,129,182,1166,129,182,1166,-1
182,135,1075,182,135,1075,182,135,1075,-1
135,213,1144,135,213,1144,135,213,1144,-1
213,197,674,213,197,674,213,197,674,-1
197,219,1045,197,219,1045,197,219,1045,-1
219,212,970,219,212,970,219,212,970,-1
212,136,753,212,136,753,212,136,753,-1
136,273,925,136,273,925,136,273,925,-1
273,281,983,273,281,983,273,281,983,-1
281,121,1063,281,121,1063,281,121,1063,-1
121,193,868,121,193,868,121,193,868,-1
193,121,1060,193,121,1060,193,121,1060,-1
121,216,993,121,216,993,121,216,993,-1
216,132,1130,216,132,1130,216,132,1130,-1
132,174,1174,132,174,1174,132,174,1174,-1
174,127,1053,174,127,1053,174,127,1053,-1
127,162,1127,127,162,1127,127,162,1127,-1
162,137,931,162,137,931,162,137,931,-1
137,201,1100,137,201,1100,137,201,1100,-1
201,205,690,201,205,690,201,205,690,-1
205,134,1138,205,134,1138,205,134,1138,-1
134,153,1112,134,153,1112,134,153,1112,-1
153,137,920,153,137,920,153,137,920,-1
137,164,1107,137,164,1107,137,164,1107,1
164,147,953,164,147,953,164,147,953,1
147,167,1125,147,167,1125,147,167,1125,1
167,153,938,167,153,938,167,153,938,1
153,163,1120,153,163,1120,153,163,1120,1
163,151,952,163,151,952,163,151,952,1
151,159,1111,151,159,1111,151,159,1111,1
159,142,943,159,142,943,159,142,943,1
142,156,1116,142,156,1116,142,156,1116,1
156,134,944,156,134,944,156,134,944,-1
134,212,1145,134,212,1145,134,212,1145,1
212,188,702,212,188,702,212,188,702,1
188,127,996,188,127,996,188,127,996,1
127,173,990,127,173,990,127,173,990,1
173,136,948,173,136,948,173,136,948,1
136,184,847,136,184,847,136,184,847,-1
184,149,1002,184,149,1002,184,149,1002,1
149,175,1172,149,175,1172,149,175,1172,1
175,148,974,175,148,974,175,148,974,-1
148,219,1120,148,219,1120,148,219,1120,-1
219,191,758,219,191,758,219,191,758,-1
191,134,1044,191,134,1044,191,134,1044,-1
134,152,958,134,152,958,134,152,958,-1
152,138,1072,152,138,1072,152,138,1072,-1
138,162,1246,138,162,1246,138,162,1246,1
162,150,1050,162,150,1050,162,150,1050,1
150,174,1212,150,174,1212,150,174,1212,1
174,138,1144,174,138,1144,174,138,1144,1
138,262,1186,138,262,1186,138,262,1186,-1
262,197,1426,262,197,1426,262,197,1426,1
197,264,1023,197,264,1023,197,264,1023,1
264,134,909,264,134,909,264,134,909,1
134,291,1046,134,291,1046,134,291,1046,1
291,280,1086,291,280,1086,291,280,1086,-1
280,293,1119,280,293,1119,280,293,1119,1
293,124,1067,293,124,1067,293,124,1067,1
124,211,878,124,211,878,124,211,878,-1
211,219,726,211,219,726,211,219,726,1
219,125,1124,219,125,1124,219,125,1124,1
125,179,1096,125,179,1096,125,179,1096,-1
179,151,961,179,151,961,179,151,961,-1
151,165,1093,151,165,1093,151,165,1093,-1
165,142,919,165,142,919,165,142,919,-1
142,163,1103,142,163,1103,142,163,1103,-1
163,135,935,163,135,935,163,135,935,-1
135,207,1134,135,207,1134,135,207,1134,-1
207,203,699,207,203,699,207,203,699,-1
203,131,1189,203,131,1189,203,131,1189,-1
131,163,1227,131,163,1227,131,163,1227,-1
163,309,1185,163,309,1185,163,309,1185,-1
309,133,1102,309,133,1102,309,133,1102,-1
133,131,1149,133,131,1149,133,131,1149,1
131,322,1364,131,322,1364,131,322,1364,-1
322,144,923,322,144,923,322,144,923,-1
144,157,846,144,157,846,144,157,846,-1
157,135,984,157,135,984,157,135,984,1
135,160,1164,135,160,1164,135,160,1164,1
160,122,1007,160,122,1007,160,122,1007,1
122,175,1041,122,175,1041,122,175,1041,1
175,280,1007,175,280,1007,175,280,1007,-1
280,312,974,280,312,974,280,312,974,1
312,298,1056,312,298,1056,312,298,1056,1
298,301,1075,298,301,1075,298,301,1075,-1
301,310,1091,301,310,1091,301,310,1091,-1
310,127,1099,310,127,1099,310,127,1099,-1
127,192,879,127,192,879,127,192,879,-1
192,123,1154,192,123,1154,192,123,1154,-1
123,164,1216,123,164,1216,123,164,1216,-1
164,293,1132,164,293,1132,164,293,1132,-1
293,123,1127,293,123,1127,293,123,1127,-1
123,168,1157,123,168,1157,123,168,1157,-1
168,127,1069,168,127,1069,168,127,1069,-1
127,171,1140,127,171,1140,127,171,1140,1
171,171,910,171,171,910,171,171,910,-1
171,170,1080,171,170,1080,171,170,1080,1
170,148,924,170,148,924,170,148,924,1
148,157,1098,148,157,1098,148,157,1098,-1
157,138,956,157,138,956,157,138,956,-1
138,156,1141,138,156,1141,138,156,1141,-1
156,137,956,156,137,956,156,137,956,-1
137,154,1078,137,154,1078,137,154,1078,-1
154,130,896,154,130,896,154,130,896,-1
130,158,799,130,158,799,130,158,799,-1
158,140,941,158,140,941,158,140,941,-1
140,163,1052,140,163,1052,140,163,1052,-1
163,154,952,163,154,952,163,154,952,-1
154,188,1121,154,188,1121,154,188,1121,-1
188,138,1102,188,138,1102,188,138,1102,-1
138,169,1135,138,169,1135,138,169,1135,1
169,142,988,169,142,988,169,142,988,-1
142,159,1115,142,159,1115,142,159,1115,-1
159,147,924,159,147,924,159,147,924,-1
147,162,1105,147,162,1105,147,162,1105,1
162,144,954,162,144,954,162,144,954,1
144,150,1126,144,150,1126,144,150,1126,1
150,136,964,150,136,964,150,136,964,-1
136,160,1128,136,160,1128,136,160,1128,-1
160,125,975,160,125,975,160,125,975,-1
125,170,1052,125,170,1052,125,170,1052,-1
170,219,958,170,219,958,170,219,958,-1
219,329,1415,219,329,1415,219,329,1415,-1
329,136,1058,329,136,1058,329,136,1058,-1
136,142,880,136,142,880,136,142,880,-1
142,315,1041,142,315,1041,142,315,1041,-1
315,146,1057,315,146,1057,315,146,1057,-1
146,144,1160,146,144,1160,146,144,1160,-1
144,135,1036,144,135,1036,144,135,1036,-1
135,167,1196,135,167,1196,135,167,1196,-1
167,124,1168,167,124,1168,167,124,1168,-1
124,168,1163,124,168,1163,124,168,1163,-1
168,131,1065,168,131,1065,168,131,1065,-1
131,170,1076,131,170,1076,131,170,1076,-1
170,161,906,170,161,906,170,161,906,-1
161,179,1108,161,179,1108,161,179,1108,-1
179,163,967,179,163,967,179,163,967,-1
163,173,1157,163,173,1157,163,173,1157,-1
173,132,1128,173,132,1128,173,132,1128,-1
132,158,1186,132,158,1186,132,158,1186,-1
158,143,1006,158,143,1006,158,143,1006,-1
143,155,1145,143,155,1145,143,155,1145,-1
155,133,945,155,133,945,155,133,945,-1
133,153,1102,133,153,1102,133,153,1102,-1
153,141,949,153,141,949,153,141,949,-1
141,163,1140,141,163,1140,141,163,1140,-1
163,154,993,163,154,993,163,154,993,-1
154,159,1131,154,159,1131,154,159,1131,-1
159,159,957,159,159,957,159,159,957,-1
159,174,1091,159,174,1091,159,174,1091,1
174,150,935,174,150,935,174,150,935,1
150,162,1111,150,162,1111,150,162,1111,-1
162,150,937,162,150,937,162,150,937,-1
150,162,1090,150,162,1090,150,162,1090,-1
162,140,923,162,140,923,162,140,923,1
140,151,1102,140,151,1102,140,151,1102,1
151,140,953,151,140,953,151,140,953,1
140,150,1131,140,150,1131,140,150,1131,1
150,145,965,150,145,965,150,145,965,-1
145,213,1127,145,213,1127,145,213,1127,1
213,205,691,213,205,691,213,205,691,-1
205,146,961,205,146,961,205,146,961,1
146,177,1099,146,177,1099,146,177,1099,1
177,159,989,177,159,989,177,159,989,-1
159,165,1153,159,165,1153,159,165,1153,-1
165,139,1011,165,139,1011,165,139,1011,-1
139,172,866,139,172,866,139,172,866,-1
172,139,990,172,139,990,172,139,990,-1
139,176,906,139,176,906,139,176,906,-1
176,121,1131,176,121,1131,176,121,1131,-1
121,162,1214,121,162,1214,121,162,1214,-1
162,125,1155,162,125,1155,162,125,1155,-1
125,160,1120,125,160,1120,125,160,1120,1
160,154,921,160,154,921,160,154,921,-1
154,160,1116,154,160,1116,154,160,1116,1
160,139,952,160,139,952,160,139,952,-1
139,207,1032,139,207,1032,139,207,1032,-1
207,134,1134,207,134,1134,207,134,1134,-1
134,163,1163,134,163,1163,134,163,1163,-1
163,144,987,163,144,987,163,144,987,-1
144,163,1149,144,163,1149,144,163,1149,-1
163,142,972,163,142,972,163,142,972,-1
142,169,1152,142,169,1152,142,169,1152,1
169,125,1096,169,125,1096,169,125,1096,-1
125,164,1150,125,164,1150,125,164,1150,-1
164,126,1089,164,126,1089,164,126,1089,-1
126,169,1146,126,169,1146,126,169,1146,1
169,129,1118,169,129,1118,169,129,1118,1
129,170,1141,129,170,1141,129,170,1141,1
170,130,1097,170,130,1097,170,130,1097,1
130,162,1102,130,162,1102,130,162,1102,1
162,160,920,162,160,920,162,160,920,-1
160,166,1107,160,166,1107,160,166,1107,1
166,148,968,166,148,968,166,148,968,-1
148,158,1168,148,158,1168,148,158,1168,-1
158,147,996,158,147,996,158,147,996,1
147,154,1162,147,154,1162,147,154,1162,1
154,136,960,154,136,960,154,136,960,-1
136,149,1136,136,149,1136,136,149,1136,1
149,132,954,149,132,954,149,132,954,1
132,158,1135,132,158,1135,132,158,1135,-1
158,138,958,158,138,958,158,138,958,-1
138,157,1164,138,157,1164,138,157,1164,-1
157,152,987,157,152,987,157,152,987,-1
152,160,1173,152,160,1173,152,160,1173,-1
160,160,1014,160,160,1014,160,160,1014,-1
160,172,1163,160,172,1163,160,172,1163,-1
172,146,990,172,146,990,172,146,990,-1
146,160,1175,146,160,1175,146,160,1175,1
160,145,1007,160,145,1007,160,145,1007,-1
145,164,1168,145,164,1168,145,164,1168,-1
164,125,1138,164,125,1138,164,125,1138,1
125,168,1180,125,168,1180,125,168,1180,1
168,126,1138,168,126,1138,168,126,1138,1
126,170,1182,126,170,1182,126,170,1182,-1
170,129,1136,170,129,1136,170,129,1136,1
129,155,1176,129,155,1176,129,155,1176,1
155,140,1005,155,140,1005,155,140,1005,1
140,159,1144,140,159,1144,140,159,1144,-1
159,153,944,159,153,944,159,153,944,-1
153,168,1113,153,168,1113,153,168,1113,1
168,150,962,168,150,962,168,150,962,1
150,157,1170,150,157,1170,150,157,1170,1
157,143,1005,157,143,1005,157,143,1005,1
143,174,1219,143,174,1219,143,174,1219,1
174,131,1157,174,131,1157,174,131,1157,1
131,169,1201,131,169,1201,131,169,1201,1
169,121,1152,169,121,1152,169,121,1152,1
121,166,1218,121,166,1218,121,166,1218,-1
166,121,1102,166,121,1102,166,121,1102,1
121,154,1132,121,154,1132,121,154,1132,-1
154,141,905,154,141,905,154,141,905,1
141,164,1112,141,164,1112,141,164,1112,1
164,158,969,164,158,969,164,158,969,1
158,187,1149,158,187,1149,158,187,1149,-1
187,134,1105,187,134,1105,187,134,1105,-1
134,165,1156,134,165,1156,134,165,1156,1
165,144,936,165,144,936,165,144,936,-1
144,157,1134,144,157,1134,144,157,1134,-1
157,142,963,157,142,963,157,142,963,1
142,145,1144,142,145,1144,142,145,1144,1
145,287,956,145,287,956,145,287,956,1
287,213,967,287,213,967,287,213,967,1
213,305,1440,213,305,1440,213,305,1440,-1
305,156,1046,305,156,1046,305,156,1046,-1
156,130,1216,156,130,1216,156,130,1216,-1
130,124,1427,130,124,1427,130,124,1427,-1
124,185,818,124,185,818,124,185,818,-1
185,121,1072,185,121,1072,185,121,1072,1
121,176,882,121,176,882,121,176,882,1
176,282,1069,176,282,1069,176,282,1069,1
282,302,1022,282,302,1022,282,302,1022,1
302,132,1006,302,132,1006,302,132,1006,1
132,175,1197,132,175,1197,132,175,1197,-1
175,123,1149,175,123,1149,175,123,1149,1
123,174,1203,123,174,1203,123,174,1203,-1
174,128,1093,174,128,1093,174,128,1093,-1
128,160,1155,128,160,1155,128,160,1155,1
160,152,955,160,152,955,160,152,955,-1
152,165,1125,152,165,1125,152,165,1125,-1
165,151,969,165,151,969,165,151,969,-1
151,159,1127,151,159,1127,151,159,1127,-1
159,149,982,159,149,982,159,149,982,-1
149,172,1154,149,172,1154,149,172,1154,-1
172,121,1094,172,121,1094,172,121,1094,-1
121,150,1135,121,150,1135,121,150,1135,-1
150,127,939,150,127,939,150,127,939,-1
127,175,1072,127,175,1072,127,175,1072,-1
175,297,1156,175,297,1156,175,297,1156,-1
297,134,1138,297,134,1138,297,134,1138,1
134,173,1196,134,173,1196,134,173,1196,1
173,126,993,173,126,993,173,126,993,1
126,211,965,126,211,965,126,211,965,1
211,122,1051,211,122,1051,211,122,1051,1
122,175,792,122,175,792,122,175,792,1
175,235,994,175,235,994,175,235,994,1
235,314,1434,235,314,1434,235,314,1434,1
314,286,1179,314,286,1179,314,286,1179,1
286,127,1132,286,127,1132,286,127,1132,-1
127,173,1174,127,173,1174,127,173,1174,-1
173,127,1099,173,127,1099,173,127,1099,-1
127,171,1016,127,171,1016,127,171,1016,-1
171,154,930,171,154,930,171,154,930,-1
154,176,1120,154,176,1120,154,176,1120,1
176,147,981,176,147,981,176,147,981,1
147,174,1154,147,174,1154,147,174,1154,-1
174,132,1104,174,132,1104,174,132,1104,-1
132,179,1156,132,179,1156,132,179,1156,1
179,129,1087,179,129,1087,179,129,1087,1
129,152,1163,129,152,1163,129,152,1163,-1
152,135,953,152,135,953,152,135,953,-1
135,152,1116,135,152,1116,135,152,1116,1
152,137,938,152,137,938,152,137,938,1
137,157,1127,137,157,1127,137,157,1127,1
157,141,966,157,141,966,157,141,966,1
141,158,1148,141,158,1148,141,158,1148,1
158,149,995,158,149,995,158,149,995,1
149,162,1182,149,162,1182,149,162,1182,1
162,161,999,162,161,999,162,161,999,1
161,175,1152,161,175,1152,161,175,1152,1
175,132,1102,175,132,1102,175,132,1102,-1
132,163,1111,132,163,1111,132,163,1111,-1
163,137,938,163,137,938,163,137,938,-1
137,170,1174,137,170,1174,137,170,1174,1
170,123,1164,170,123,1164,170,123,1164,1
123,162,1208,123,162,1208,123,162,1208,1
162,121,1115,162,121,1115,162,121,1115,1
121,153,1159,121,153,1159,121,153,1159,1
153,147,951,153,147,951,153,147,951,1
147,170,1152,147,170,1152,147,170,1152,1
170,148,964,170,148,964,170,148,964,1
148,170,1159,148,170,1159,148,170,1159,1
170,153,967,170,153,967,170,153,967,-1
153,169,1138,153,169,1138,153,169,1138,1
169,131,1092,169,131,1092,169,131,1092,-1
131,173,1153,131,173,1153,131,173,1153,1
173,134,1108,173,134,1108,173,134,1108,-1
134,163,1139,134,163,1139,134,163,1139,-1
163,123,1113,163,123,1113,163,123,1113,-1
123,165,1166,123,165,1166,123,165,1166,1
165,124,1122,165,124,1122,165,124,1122,1
124,175,1148,124,175,1148,124,175,1148,1
175,130,1090,175,130,1090,175,130,1090,1
130,166,1136,130,166,1136,130,166,1136,1
166,136,1077,166,136,1077,166,136,1077,1
136,173,1114,136,173,1114,136,173,1114,-1
173,138,1063,173,138,1063,173,138,1063,1
138,162,1090,138,162,1090,138,162,1090,1
162,150,946,162,150,946,162,150,946,1
150,162,1131,150,162,1131,150,162,1131,1
162,144,954,162,144,954,162,144,954,1
144,170,1128,144,170,1128,144,170,1128,1
170,132,1118,170,132,1118,170,132,1118,1
132,165,1181,132,165,1181,132,165,1181,1
165,123,1122,165,123,1122,165,123,1122,-1
123,161,1176,123,161,1176,123,161,1176,-1
161,126,1065,161,126,1065,161,126,1065,1
126,156,1132,126,156,1132,126,156,1132,1
156,139,966,156,139,966,156,139,966,1
139,168,1156,139,168,1156,139,168,1156,1
168,155,982,168,155,982,168,155,982,-1
155,164,1119,155,164,1119,155,164,1119,1
164,154,954,164,154,954,164,154,954,1
154,155,1135,154,155,1135,154,155,1135,1
155,143,987,155,143,987,155,143,987,-1
143,159,1098,143,159,1098,143,159,1098,-1
159,137,996,159,137,996,159,137,996,1
137,162,1154,137,162,1154,137,162,1154,-1
162,126,1102,162,126,1102,162,126,1102,-1
126,156,1115,126,156,1115,126,156,1115,1
156,150,948,156,150,948,156,150,948,1
150,151,1102,150,151,1102,150,151,1102,-1
151,171,957,151,171,957,151,171,957,-1
171,222,1021,171,222,1021,171,222,1021,-1
222,259,973,222,259,973,222,259,973,-1
259,163,1163,259,163,1163,259,163,1163,1
163,297,1307,163,297,1307,163,297,1307,-1
297,129,1020,297,129,1020,297,129,1020,-1
129,121,1018,129,121,1018,129,121,1018,-1
121,296,1401,121,296,1401,121,296,1401,-1
296,287,1026,296,287,1026,296,287,1026,-1
287,127,1062,287,127,1062,287,127,1062,1
127,181,890,127,181,890,127,181,890,1
181,298,1311,181,298,1311,181,298,1311,-1
298,145,1050,298,145,1050,298,145,1050,1
145,206,893,145,206,893,145,206,893,-1
206,127,1095,206,127,1095,206,127,1095,1
127,162,1172,127,162,1172,127,162,1172,1
162,149,924,162,149,924,162,149,924,-1
149,150,1069,149,150,1069,149,150,1069,-1
150,134,923,150,134,923,150,134,923,1
134,163,1140,134,163,1140,134,163,1140,-1
163,123,1107,163,123,1107,163,123,1107,-1
123,172,1143,123,172,1143,123,172,1143,1
172,127,1127,172,127,1127,172,127,1127,1
127,175,1165,127,175,1165,127,175,1165,-1
175,132,1091,175,132,1091,175,132,1091,-1
132,186,1178,132,186,1178,132,186,1178,-1
186,144,1091,186,144,1091,186,144,1091,-1
144,180,1133,144,180,1133,144,180,1133,-1
180,132,1085,180,132,1085,180,132,1085,-1
132,155,1134,132,155,1134,132,155,1134,1
155,139,916,155,139,916,155,139,916,1
139,155,1051,139,155,1051,139,155,1051,1
155,145,894,155,145,894,155,145,894,-1
145,156,1111,145,156,1111,145,156,1111,-1
156,139,993,156,139,993,156,139,993,-1
139,171,1190,139,171,1190,139,171,1190,-1
171,128,1125,171,128,1125,171,128,1125,-1
128,173,1192,128,173,1192,128,173,1192,-1
173,132,1107,173,132,1107,173,132,1107,1
132,165,1160,132,165,1160,132,165,1160,1
165,154,992,165,154,992,165,154,992,1
154,192,1160,154,192,1160,154,192,1160,-1
192,124,1087,192,124,1087,192,124,1087,-1
124,165,1130,124,165,1130,124,165,1130,-1
165,148,938,165,148,938,165,148,938,-1
148,156,1117,148,156,1117,148,156,1117,-1
156,145,981,156,145,981,156,145,981,-1
145,158,1161,145,158,1161,145,158,1161,-1
158,123,1148,158,123,1148,158,123,1148,-1
123,151,1175,123,151,1175,123,151,1175,-1
151,139,988,151,139,988,151,139,988,1
139,158,1159,139,158,1159,139,158,1159,1
158,151,971,158,151,971,158,151,971,1
151,168,1137,151,168,1137,151,168,1137,-1
168,170,986,168,170,986,168,170,986,1
170,189,1160,170,189,1160,170,189,1160,1
189,152,982,189,152,982,189,152,982,1
152,158,1115,152,158,1115,152,158,1115,1
158,142,960,158,142,960,158,142,960,1
142,167,1158,142,167,1158,142,167,1158,1
167,122,1141,167,122,1141,167,122,1141,-1
122,168,1205,122,168,1205,122,168,1205,-1
168,270,1124,168,270,1124,168,270,1124,-1
270,126,994,270,126,994,270,126,994,-1
126,192,1038,126,192,1038,126,192,1038,-1
192,143,1112,192,143,1112,192,143,1112,-1
143,180,1142,143,180,1142,143,180,1142,1
180,139,1070,180,139,1070,180,139,1070,1
139,186,1128,139,186,1128,139,186,1128,-1
186,127,1059,186,127,1059,186,127,1059,1
127,173,1141,127,173,1141,127,173,1141,1
173,132,1064,173,132,1064,173,132,1064,-1
132,177,1122,132,177,1122,132,177,1122,-1
177,130,1084,177,130,1084,177,130,1084,-1
130,148,1147,130,148,1147,130,148,1147,-1
148,138,930,148,138,930,148,138,930,-1
138,151,1091,138,151,1091,138,151,1091,-1
151,136,912,151,136,912,151,136,912,-1
136,159,1093,136,159,1093,136,159,1093,-1
159,142,943,159,142,943,159,142,943,-1
142,180,1127,142,180,1127,142,180,1127,-1
180,131,1035,180,131,1035,180,131,1035,-1
131,161,1112,131,161,1112,131,161,1112,-1
161,153,912,161,153,912,161,153,912,-1
153,163,1088,153,163,1088,153,163,1088,-1
163,153,952,163,153,952,163,153,952,-1
153,169,1139,153,169,1139,153,169,1139,-1
169,126,1112,169,126,1112,169,126,1112,-1
126,163,1184,126,163,1184,126,163,1184,1
163,124,1142,163,124,1142,163,124,1142,1
124,159,1188,124,159,1188,124,159,1188,1
159,131,1138,159,131,1138,159,131,1138,-1
131,173,1165,131,173,1165,131,173,1165,-1
173,138,1077,173,138,1077,173,138,1077,-1
138,180,1145,138,180,1145,138,180,1145,-1
180,143,1065,180,143,1065,180,143,1065,-1
143,188,1137,143,188,1137,143,188,1137,1
188,130,1069,188,130,1069,188,130,1069,1
130,156,1109,130,156,1109,130,156,1109,-1
156,144,901,156,144,901,156,144,901,-1
144,158,1080,144,158,1080,144,158,1080,-1
158,143,923,158,143,923,158,143,923,-1
143,164,1123,143,164,1123,143,164,1123,-1
164,130,1134,164,130,1134,164,130,1134,1
130,156,1156,130,156,1156,130,156,1156,-1
156,133,1146,156,133,1146,156,133,1146,-1
133,155,1166,133,155,1166,133,155,1166,-1
155,144,974,155,144,974,155,144,974,-1
144,176,1135,144,176,1135,144,176,1135,-1
176,130,1093,176,130,1093,176,130,1093,-1
130,173,1137,130,173,1137,130,173,1137,-1
173,139,1067,173,139,1067,173,139,1067,-1
139,160,1088,139,160,1088,139,160,1088,-1
160,152,913,160,152,913,160,152,913,-1
152,157,1094,152,157,1094,152,157,1094,-1
157,143,965,157,143,965,157,143,965,-1
143,164,1125,143,164,1125,143,164,1125,-1
164,284,1131,164,284,1131,164,284,1131,1
284,122,1116,284,122,1116,284,122,1116,-1
122,167,1172,122,167,1172,122,167,1172,-1
167,133,1081,167,133,1081,167,133,1081,-1
133,163,1115,133,163,1115,133,163,1115,-1
163,137,1108,163,137,1108,163,137,1108,-1
137,185,1155,137,185,1155,137,185,1155,-1
185,140,1064,185,140,1064,185,140,1064,-1
140,181,1172,140,181,1172,140,181,1172,-1
181,129,1081,181,129,1081,181,129,1081,-1
129,173,1140,129,173,1140,129,173,1140,-1
173,128,1093,173,128,1093,173,128,1093,-1
128,167,1153,128,167,1153,128,167,1153,-1
167,121,1066,167,121,1066,167,121,1066,-1
121,165,1119,121,165,1119,121,165,1119,-1
165,123,993,165,123,993,165,123,993,-1
123,162,1030,123,162,1030,123,162,1030,-1
162,143,891,162,143,891,162,143,891,-1
143,161,1090,143,161,1090,143,161,1090,-1
161,147,958,161,147,958,161,147,958,-1
147,177,1166,147,177,1166,147,177,1166,-1
177,140,1102,177,140,1102,177,140,1102,-1
140,173,1157,140,173,1157,140,173,1157,-1
173,135,1129,173,135,1129,173,135,1129,-1
135,165,1178,135,165,1178,135,165,1178,-1
165,126,1124,165,126,1124,165,126,1124,-1
126,170,1178,126,170,1178,126,170,1178,-1
170,125,1129,170,125,1129,170,125,1129,-1
125,171,1180,125,171,1180,125,171,1180,-1
171,124,1110,171,124,1110,171,124,1110,-1
124,170,1168,124,170,1168,124,170,1168,-1
170,128,1124,170,128,1124,170,128,1124,-1
128,170,1181,128,170,1181,128,170,1181,-1
170,126,1099,170,126,1099,170,126,1099,-1
126,180,1184,126,180,1184,126,180,1184,-1
180,142,1094,180,142,1094,180,142,1094,-1
142,188,1137,142,188,1137,142,188,1137,-1
188,132,1115,188,132,1115,188,132,1115,-1
132,171,1150,132,171,1150,132,171,1150,-1
171,133,1086,171,133,1086,171,133,1086,-1
133,166,1144,133,166,1144,133,166,1144,-1
166,123,1087,166,123,1087,166,123,1087,-1
123,161,1151,123,161,1151,123,161,1151,-1
161,121,1105,161,121,1105,161,121,1105,-1
121,169,1146,121,169,1146,121,169,1146,-1
169,123,1104,169,123,1104,169,123,1104,-1
123,174,1117,123,174,1117,123,174,1117,-1
174,133,1032,174,133,1032,174,133,1032,-1
133,181,1111,133,181,1111,133,181,1111,-1
181,144,1029,181,144,1029,181,144,1029,-1
144,180,1126,144,180,1126,144,180,1126,-1
180,137,1072,180,137,1072,180,137,1072,-1
137,155,1075,137,155,1075,137,155,1075,-1
155,144,912,155,144,912,155,144,912,-1
144,153,1092,144,153,1092,144,153,1092,-1
153,142,918,153,142,918,153,142,918,-1
142,154,1141,142,154,1141,142,154,1141,-1
154,142,977,154,142,977,154,142,977,-1
142,155,1168,142,155,1168,142,155,1168,-1
155,144,990,155,144,990,155,144,990,-1
144,172,1177,144,172,1177,144,172,1177,-1
172,126,1110,172,126,1110,172,126,1110,-1
126,180,1162,126,180,1162,126,180,1162,-1
180,133,1086,180,133,1086,180,133,1086,-1
133,189,1149,133,189,1149,133,189,1149,-1
189,134,1093,189,134,1093,189,134,1093,-1
134,169,1143,134,169,1143,134,169,1143,1
169,132,1104,169,132,1104,169,132,1104,-1
132,174,1180,132,174,1180,132,174,1180,-1
174,127,1076,174,127,1076,174,127,1076,-1
127,168,1179,127,168,1179,127,168,1179,-1
168,284,1074,168,284,1074,168,284,1074,-1
284,127,1038,284,127,1038,284,127,1038,-1
127,163,1122,127,163,1122,127,163,1122,-1
163,128,1053,163,128,1053,163,128,1053,-1
128,179,1131,128,179,1131,128,179,1131,-1
179,138,1041,179,138,1041,179,138,1041,-1
138,190,1120,138,190,1120,138,190,1120,-1
190,134,1031,190,134,1031,190,134,1031,-1
134,176,1132,134,176,1132,134,176,1132,-1
176,129,1040,176,129,1040,176,129,1040,-1
129,153,1077,129,153,1077,129,153,1077,-1
153,143,887,153,143,887,153,143,887,-1
143,148,1072,143,148,1072,143,148,1072,-1
148,140,913,148,140,913,148,140,913,-1
140,148,1133,140,148,1133,140,148,1133,-1
148,143,981,148,143,981,148,143,981,-1
143,168,1157,143,168,1157,143,168,1157,-1
168,128,1115,168,128,1115,168,128,1115,-1
128,182,1185,128,182,1185,128,182,1185,-1
182,135,1111,182,135,1111,182,135,1111,-1
135,181,1174,135,181,1174,135,181,1174,-1
181,137,1087,181,137,1087,181,137,1087,-1
137,170,1129,137,170,1129,137,170,1129,-1
170,125,1098,170,125,1098,170,125,1098,-1
125,174,1100,125,174,1100,125,174,1100,-1
174,130,1048,174,130,1048,174,130,1048,-1
130,159,1047,130,159,1047,130,159,1047,-1
159,138,840,159,138,840,159,138,840,-1
138,149,1055,138,149,1055,138,149,1055,-1
149,145,931,149,145,931,149,145,931,-1
145,149,1117,145,149,1117,145,149,1117,-1
149,144,954,149,144,954,149,144,954,-1
144,153,1120,144,153,1120,144,153,1120,-1
153,147,969,153,147,969,153,147,969,-1
147,180,1155,147,180,1155,147,180,1155,-1
180,131,1109,180,131,1109,180,131,1109,-1
131,179,1133,131,179,1133,131,179,1133,-1
179,134,1054,179,134,1054,179,134,1054,1
134,178,1140,134,178,1140,134,178,1140,-1
178,133,1049,178,133,1049,178,133,1049,-1
133,162,1077,133,162,1077,133,162,1077,1
162,126,1061,162,126,1061,162,126,1061,1
126,162,1074,126,162,1074,126,162,1074,1
162,121,1083,162,121,1083,162,121,1083,-1
121,195,1120,121,195,1120,121,195,1120,-1
195,199,772,195,199,772,195,199,772,-1
199,154,944,199,154,944,199,154,944,-1
154,168,863,154,168,863,154,168,863,-1
168,148,1003,168,148,1003,168,148,1003,-1
148,174,1135,148,174,1135,148,174,1135,-1
174,134,1022,174,134,1022,174,134,1022,1
134,155,905,134,155,905,134,155,905,-1
155,202,1065,155,202,1065,155,202,1065,-1
202,167,1436,202,167,1436,202,167,1436,-1
167,280,1172,167,280,1172,167,280,1172,-1
280,138,960,280,138,960,280,138,960,-1
138,146,809,138,146,809,138,146,809,-1
146,142,963,146,142,963,146,142,963,-1
142,158,873,142,158,873,142,158,873,-1
158,207,1027,158,207,1027,158,207,1027,-1
207,313,1431,207,313,1431,207,313,1431,-1
313,129,1033,313,129,1033,313,129,1033,-1
129,128,1041,129,128,1041,129,128,1041,-1
128,315,1395,128,315,1395,128,315,1395,-1
315,250,990,315,250,990,315,250,990,-1
250,290,1405,250,290,1405,250,290,1405,-1
290,133,1005,290,133,1005,290,133,1005,-1
133,173,1176,133,173,1176,133,173,1176,-1
173,121,1144,173,121,1144,173,121,1144,-1
121,206,1176,121,206,1176,121,206,1176,-1
206,202,859,206,202,859,206,202,859,-1
202,138,1101,202,138,1101,202,138,1101,-1
138,187,1191,138,187,1191,138,187,1191,-1
187,130,1098,187,130,1098,187,130,1098,-1
130,178,1144,130,178,1144,130,178,1144,-1
178,128,1104,178,128,1104,178,128,1104,-1
128,169,1095,128,169,1095,128,169,1095,-1
169,126,1091,169,126,1091,169,126,1091,-1
126,163,1129,126,163,1129,126,163,1129,-1
163,289,1082,163,289,1082,163,289,1082,-1
289,131,1049,289,131,1049,289,131,1049,-1
131,179,1082,131,179,1082,131,179,1082,-1
179,131,1054,179,131,1054,179,131,1054,-1
131,166,1099,131,166,1099,131,166,1099,-1
166,153,883,166,153,883,166,153,883,-1
153,161,1026,153,161,1026,153,161,1026,-1
161,151,904,161,151,904,161,151,904,-1
151,160,1115,151,160,1115,151,160,1115,-1
160,147,962,160,147,962,160,147,962,-1
147,156,1170,147,156,1170,147,156,1170,-1
156,142,985,156,142,985,156,142,985,-1
142,152,1160,142,152,1160,142,152,1160,-1
152,142,996,152,142,996,152,142,996,-1
142,122,1152,142,122,1152,142,122,1152,-1
122,301,1431,122,301,1431,122,301,1431,1
301,138,1018,301,138,1018,301,138,1018,-1
138,183,895,138,183,895,138,183,895,-1
183,128,1184,183,128,1184,183,128,1184,-1
128,171,1216,128,171,1216,128,171,1216,-1
171,159,989,171,159,989,171,159,989,-1
159,163,1139,159,163,1139,159,163,1139,-1
163,148,957,163,148,957,163,148,957,-1
148,213,1122,148,213,1122,148,213,1122,-1
213,195,701,213,195,701,213,195,701,-1
195,132,1025,195,132,1025,195,132,1025,1
132,167,1195,132,167,1195,132,167,1195,-1
167,126,1149,167,126,1149,167,126,1149,-1
126,150,1168,126,150,1168,126,150,1168,-1
150,301,1355,150,301,1355,150,301,1355,-1
301,156,1052,301,156,1052,301,156,1052,-1
156,192,1212,156,192,1212,156,192,1212,-1
192,161,1122,192,161,1122,192,161,1122,-1
161,165,1133,161,165,1133,161,165,1133,-1
165,147,894,165,147,894,165,147,894,-1
147,160,1079,147,160,1079,147,160,1079,-1
160,141,907,160,141,907,160,141,907,-1
141,219,1122,141,219,1122,141,219,1122,-1
219,203,761,219,203,761,219,203,761,-1
203,135,1210,203,135,1210,203,135,1210,-1
135,176,1218,135,176,1218,135,176,1218,-1
176,130,1166,176,130,1166,176,130,1166,-1
130,179,1176,130,179,1176,130,179,1176,-1
179,127,1108,179,127,1108,179,127,1108,-1
127,168,1129,127,168,1129,127,168,1129,-1
168,155,958,168,155,958,168,155,958,-1
155,181,1147,155,181,1147,155,181,1147,-1
181,132,1075,181,132,1075,181,132,1075,-1
132,207,1117,132,207,1117,132,207,1117,-1
207,214,680,207,214,680,207,214,680,1
214,127,1155,214,127,1155,214,127,1155,1
127,170,1179,127,170,1179,127,170,1179,-1
170,290,1111,170,290,1111,170,290,1111,-1
290,122,1108,290,122,1108,290,122,1108,1
122,168,1132,122,168,1132,122,168,1132,-1
168,131,1088,168,131,1088,168,131,1088,-1
131,185,1123,131,185,1123,131,185,1123,-1
185,145,1063,185,145,1063,185,145,1063,-1
145,225,1109,145,225,1109,145,225,1109,-1
225,202,602,225,202,602,225,202,602,-1
202,141,881,202,141,881,202,141,881,-1
141,152,787,141,152,787,141,152,787,-1
152,294,977,152,294,977,152,294,977,-1
294,123,1014,294,123,1014,294,123,1014,-1
123,164,843,123,164,843,123,164,843,-1
164,171,1038,164,171,1038,164,171,1038,-1
171,295,1054,171,295,1054,171,295,1054,-1
295,154,1037,295,154,1037,295,154,1037,-1
154,187,1182,154,187,1182,154,187,1182,-1
187,137,1162,187,137,1162,187,137,1162,-1
137,184,1153,137,184,1153,137,184,1153,-1
184,126,1156,184,126,1156,184,126,1156,-1
126,156,1117,126,156,1117,126,156,1117,-1
156,143,885,156,143,885,156,143,885,-1
143,215,1051,143,215,1051,143,215,1051,-1
215,195,680,215,195,680,215,195,680,-1
195,136,990,195,136,990,195,136,990,-1
136,122,1195,136,122,1195,136,122,1195,-1
122,293,1453,122,293,1453,122,293,1453,-1
293,149,1053,293,149,1053,293,149,1053,-1
149,214,1196,149,214,1196,149,214,1196,-1
214,146,747,214,146,747,214,146,747,-1
146,218,1015,146,218,1015,146,218,1015,-1
218,218,1119,218,218,1119,218,218,1119,-1
218,207,720,218,207,720,218,207,720,-1
207,138,1038,207,138,1038,207,138,1038,-1
138,157,1181,138,157,1181,138,157,1181,-1
157,121,1072,157,121,1072,157,121,1072,-1
121,175,902,121,175,902,121,175,902,-1
175,123,1192,175,123,1192,175,123,1192,-1
123,172,1234,123,172,1234,123,172,1234,-1
172,129,1144,172,129,1144,172,129,1144,-1
129,184,1226,129,184,1226,129,184,1226,-1
184,134,1136,184,134,1136,184,134,1136,-1
134,188,1216,134,188,1216,134,188,1216,-1
188,135,1149,188,135,1149,188,135,1149,-1
135,182,1170,135,182,1170,135,182,1170,-1
182,129,1137,182,129,1137,182,129,1137,-1
129,169,1193,129,169,1193,129,169,1193,-1
169,126,1142,169,126,1142,169,126,1142,-1
126,170,1165,126,170,1165,126,170,1165,-1
170,122,1138,170,122,1138,170,122,1138,-1
122,210,1190,122,210,1190,122,210,1190,-1
210,199,700,210,199,700,210,199,700,-1
199,148,1055,199,148,1055,199,148,1055,-1
148,155,964,148,155,964,148,155,964,-1
155,121,1097,155,121,1097,155,121,1097,-1
121,215,873,121,215,873,121,215,873,-1
215,125,1155,215,125,1155,215,125,1155,-1
125,165,1209,125,165,1209,125,165,1209,-1
165,129,1033,165,129,1033,165,129,1033,-1
129,199,1093,129,199,1093,129,199,1093,-1
199,129,1101,199,129,1101,199,129,1101,-1
129,172,1190,129,172,1190,129,172,1190,-1
172,123,1128,172,123,1128,172,123,1128,-1
123,162,1183,123,162,1183,123,162,1183,-1
162,289,1136,162,289,1136,162,289,1136,-1
289,124,1124,289,124,1124,289,124,1124,-1
124,174,1107,124,174,1107,124,174,1107,-1
174,126,1014,174,126,1014,174,126,1014,-1
126,175,1099,126,175,1099,126,175,1099,-1
175,143,1059,175,143,1059,175,143,1059,-1
143,226,1126,143,226,1126,143,226,1126,-1
226,209,658,226,209,658,226,209,658,-1
209,141,1022,209,141,1022,209,141,1022,-1
141,155,1185,141,155,1185,141,155,1185,-1
155,140,1022,155,140,1022,155,140,1022,-1
140,166,1195,140,166,1195,140,166,1195,-1
166,121,1153,166,121,1153,166,121,1153,-1
121,167,1179,121,167,1179,121,167,1179,-1
167,128,1120,167,128,1120,167,128,1120,-1
128,163,1140,128,163,1140,128,163,1140,-1
163,147,969,163,147,969,163,147,969,-1
147,168,1149,147,168,1149,147,168,1149,-1
168,147,948,168,147,948,168,147,948,-1
147,211,1108,147,211,1108,147,211,1108,-1
211,203,696,211,203,696,211,203,696,-1
203,137,991,203,137,991,203,137,991,1
137,172,1097,137,172,1097,137,172,1097,1
172,135,1019,172,135,1019,172,135,1019,-1
135,157,1216,135,157,1216,135,157,1216,-1
157,136,976,157,136,976,157,136,976,-1
136,153,1147,136,153,1147,136,153,1147,1
153,147,958,153,147,958,153,147,958,1
147,152,1154,147,152,1154,147,152,1154,1
152,148,984,152,148,984,152,148,984,1
148,156,1141,148,156,1141,148,156,1141,1
156,128,999,156,128,999,156,128,999,1
128,186,854,128,186,854,128,186,854,1
186,148,1030,186,148,1030,186,148,1030,1
148,175,1133,148,175,1133,148,175,1133,1
175,149,1044,175,149,1044,175,149,1044,1
149,157,1218,149,157,1218,149,157,1218,1
157,143,1045,157,143,1045,157,143,1045,1
143,207,1266,143,207,1266,143,207,1266,1
207,206,740,207,206,740,207,206,740,1
206,123,1211,206,123,1211,206,123,1211,1
123,178,1362,123,178,1362,123,178,1362,-1
178,121,1160,178,121,1160,178,121,1160,-1
121,167,1237,121,167,1237,121,167,1237,1
167,138,1097,167,138,1097,167,138,1097,1
138,186,1130,138,186,1130,138,186,1130,1
186,143,1033,186,143,1033,186,143,1033,1
143,207,1135,143,207,1135,143,207,1135,1
207,209,604,207,209,604,207,209,604,1
209,127,1192,209,127,1192,209,127,1192,-1
127,137,828,127,137,828,127,137,828,1
137,205,1013,137,205,1013,137,205,1013,-1
205,199,981,205,199,981,205,199,981,-1
199,145,867,199,145,867,199,145,867,-1
145,126,1106,145,126,1106,145,126,1106,-1
126,174,885,126,174,885,126,174,885,-1
174,125,1098,174,125,1098,174,125,1098,-1
125,127,837,125,127,837,125,127,837,-1
127,266,1050,127,266,1050,127,266,1050,-1
266,123,1050,266,123,1050,266,123,1050,-1
123,167,875,123,167,875,123,167,875,-1
167,126,1116,167,126,1116,167,126,1116,-1
126,132,918,126,132,918,126,132,918,-1
132,121,1119,132,121,1119,132,121,1119,-1
121,142,912,121,142,912,121,142,912,-1
142,194,1129,142,194,1129,142,194,1129,-1
194,265,1532,194,265,1532,194,265,1532,-1
265,189,1118,265,189,1118,265,189,1118,-1
189,201,1044,189,201,1044,189,201,1044,-1
201,144,814,201,144,814,201,144,814,-1
144,124,1027,144,124,1027,144,124,1027,-1
124,139,824,124,139,824,124,139,824,-1
139,273,1070,139,273,1070,139,273,1070,-1
273,218,1122,273,218,1122,273,218,1122,-1
218,204,1039,218,204,1039,218,204,1039,-1
204,130,902,204,130,902,204,130,902,-1
130,246,1090,130,246,1090,130,246,1090,-1
246,307,1093,246,307,1093,246,307,1093,-1
307,292,1140,307,292,1140,307,292,1140,-1
292,127,1110,292,127,1110,292,127,1110,-1
127,156,1235,127,156,1235,127,156,1235,-1
156,156,976,156,156,976,156,156,976,-1
156,161,1139,156,161,1139,156,161,1139,-1
161,124,1003,161,124,1003,161,124,1003,-1
124,140,803,124,140,803,124,140,803,-1
140,276,1012,140,276,1012,140,276,1012,-1
276,243,1096,276,243,1096,276,243,1096,-1
243,292,1305,243,292,1305,243,292,1305,-1
292,295,1169,292,295,1169,292,295,1169,-1
295,127,1083,295,127,1083,295,127,1083,-1
127,150,868,127,150,868,127,150,868,-1
150,243,1038,150,243,1038,150,243,1038,-1
243,196,1011,243,196,1011,243,196,1011,1
196,197,920,196,197,920,196,197,920,-1
197,122,769,197,122,769,197,122,769,-1
122,298,988,122,298,988,122,298,988,-1
298,138,965,298,138,965,298,138,965,-1
138,140,796,138,140,796,138,140,796,-1
140,273,983,140,273,983,140,273,983,-1
273,303,999,273,303,999,273,303,999,-1
303,121,1285,303,121,1285,303,121,1285,-1
121,147,862,121,147,862,121,147,862,-1
147,298,1087,147,298,1087,147,298,1087,-1
298,212,1129,298,212,1129,298,212,1129,-1
212,224,1513,212,224,1513,212,224,1513,-1
224,237,1062,224,237,1062,224,237,1062,-1
237,161,976,237,161,976,237,161,976,-1
161,146,1049,161,146,1049,161,146,1049,-1
146,149,1144,146,149,1144,146,149,1144,-1
149,136,992,149,136,992,149,136,992,-1
136,167,1228,136,167,1228,136,167,1228,-1
167,122,1163,167,122,1163,167,122,1163,-1
122,173,1244,122,173,1244,122,173,1244,-1
173,128,1137,173,128,1137,173,128,1137,-1
128,163,1172,128,163,1172,128,163,1172,-1
163,143,948,163,143,948,163,143,948,-1
143,170,1154,143,170,1154,143,170,1154,-1
170,151,969,170,151,969,170,151,969,-1
151,176,1177,151,176,1177,151,176,1177,-1
176,126,1108,176,126,1108,176,126,1108,-1
126,181,1183,126,181,1183,126,181,1183,-1
181,126,1126,181,126,1126,181,126,1126,-1
126,164,1211,126,164,1211,126,164,1211,-1
164,256,940,164,256,940,164,256,940,-1
256,189,969,256,189,969,256,189,969,-1
189,311,1435,189,311,1435,189,311,1435,-1
311,131,1374,311,131,1374,311,131,1374,-1
131,141,890,131,141,890,131,141,890,-1
141,251,1074,141,251,1074,141,251,1074,-1
251,125,1089,251,125,1089,251,125,1089,-1
125,148,866,125,148,866,125,148,866,-1
148,122,1112,148,122,1112,148,122,1112,-1
122,129,888,122,129,888,122,129,888,-1
129,196,1080,129,196,1080,129,196,1080,-1
196,232,1046,196,232,1046,196,232,1046,-1
232,143,873,232,143,873,232,143,873,-1
143,248,1068,143,248,1068,143,248,1068,-1
248,195,1080,248,195,1080,248,195,1080,-1
195,321,1431,195,321,1431,195,321,1431,-1
321,132,1094,321,132,1094,321,132,1094,-1
132,222,830,132,222,830,132,222,830,-1
222,226,639,222,226,639,222,226,639,-1
226,128,1263,226,128,1263,226,128,1263,-1
128,205,888,128,205,888,128,205,888,-1
205,204,693,205,204,693,205,204,693,-1
204,144,989,204,144,989,204,144,989,-1
144,142,843,144,142,843,144,142,843,-1
142,215,996,142,215,996,142,215,996,-1
215,229,935,215,229,935,215,229,935,-1
229,132,740,229,132,740,229,132,740,-1
132,122,935,132,122,935,132,122,935,-1
122,200,792,122,200,792,122,200,792,-1
200,124,1059,200,124,1059,200,124,1059,-1
124,149,859,124,149,859,124,149,859,-1
149,269,1080,149,269,1080,149,269,1080,-1
269,206,1086,269,206,1086,269,206,1086,-1
206,216,1563,206,216,1563,206,216,1563,-1
216,213,1106,216,213,1106,216,213,1106,-1
213,167,1168,213,167,1168,213,167,1168,-1
167,205,1572,167,205,1572,167,205,1572,-1
205,173,1368,205,173,1368,205,173,1368,-1
173,125,1245,173,125,1245,173,125,1245,-1
125,329,1163,125,329,1163,125,329,1163,-1
329,125,963,329,125,963,329,125,963,-1
125,189,485,125,189,485,125,189,485,-1
189,155,740,189,155,740,189,155,740,-1
155,151,907,155,151,907,155,151,907,-1
151,144,780,151,144,780,151,144,780,-1
144,158,989,144,158,989,144,158,989,-1
158,266,928,158,266,928,158,266,928,-1
266,189,944,266,189,944,266,189,944,-1
189,307,1533,189,307,1533,189,307,1533,-1
307,127,1056,307,127,1056,307,127,1056,-1
127,138,864,127,138,864,127,138,864,-1
138,125,1089,138,125,1089,138,125,1089,-1
125,180,869,125,180,869,125,180,869,-1
180,125,1097,180,125,1097,180,125,1097,-1
125,144,883,125,144,883,125,144,883,-1
144,315,1102,144,315,1102,144,315,1102,-1
315,297,1074,315,297,1074,315,297,1074,-1
297,290,1104,297,290,1104,297,290,1104,-1
290,128,1023,290,128,1023,290,128,1023,-1
128,166,1142,128,166,1142,128,166,1142,-1
166,301,1066,166,301,1066,166,301,1066,-1
301,141,1028,301,141,1028,301,141,1028,-1
141,167,1201,141,167,1201,141,167,1201,-1
167,151,990,167,151,990,167,151,990,-1
151,181,1211,151,181,1211,151,181,1211,-1
181,147,987,181,147,987,181,147,987,-1
147,158,1134,147,158,1134,147,158,1134,-1
158,143,973,158,143,973,158,143,973,-1
143,159,1098,143,159,1098,143,159,1098,-1
159,222,964,159,222,964,159,222,964,-1
222,285,1452,222,285,1452,222,285,1452,-1
285,121,1038,285,121,1038,285,121,1038,-1
121,141,1069,121,141,1069,121,141,1069,-1
141,224,1462,141,224,1462,141,224,1462,-1
224,246,1048,224,246,1048,224,246,1048,-1
246,155,1205,246,155,1205,246,155,1205,-1
155,311,1417,155,311,1417,155,311,1417,-1
311,121,1050,311,121,1050,311,121,1050,-1
121,134,1031,121,134,1031,121,134,1031,-1
134,312,1435,134,312,1435,134,312,1435,-1
312,296,1155,312,296,1155,312,296,1155,-1
296,303,1083,296,303,1083,296,303,1083,-1
303,122,1028,303,122,1028,303,122,1028,-1
122,173,1175,122,173,1175,122,173,1175,-1
173,125,1081,173,125,1081,173,125,1081,-1
125,193,1097,125,193,1097,125,193,1097,-1
193,137,1020,193,137,1020,193,137,1020,-1
137,181,1117,137,181,1117,137,181,1117,-1
181,131,1064,181,131,1064,181,131,1064,-1
131,176,1151,131,176,1151,131,176,1151,-1
176,125,1042,176,125,1042,176,125,1042,-1
125,179,1156,125,179,1156,125,179,1156,-1
179,289,1050,179,289,1050,179,289,1050,-1
289,287,994,289,287,994,289,287,994,-1
287,126,877,287,126,877,287,126,877,-1
126,161,963,126,161,963,126,161,963,-1
161,157,737,161,157,737,161,157,737,-1
157,206,1021,157,206,1021,157,206,1021,-1
206,121,1334,206,121,1334,206,121,1334,-1
121,156,808,121,156,808,121,156,808,-1
156,275,1083,156,275,1083,156,275,1083,-1
275,316,1174,275,316,1174,275,316,1174,-1
316,273,1383,316,273,1383,316,273,1383,-1
273,295,1125,273,295,1125,273,295,1125,-1
295,294,1096,295,294,1096,295,294,1096,-1
294,126,1066,294,126,1066,294,126,1066,-1
126,145,867,126,145,867,126,145,867,-1
145,125,1093,145,125,1093,145,125,1093,-1
125,166,903,125,166,903,125,166,903,-1
166,121,1120,166,121,1120,166,121,1120,-1
121,180,908,121,180,908,121,180,908,-1
180,121,1135,180,121,1135,180,121,1135,-1
121,197,874,121,197,874,121,197,874,-1
197,275,1345,197,275,1345,197,275,1345,-1
275,190,1023,275,190,1023,275,190,1023,-1
190,270,1471,190,270,1471,190,270,1471,-1
270,129,1073,270,129,1073,270,129,1073,-1
129,163,916,129,163,916,129,163,916,-1
163,212,1074,163,212,1074,163,212,1074,-1
212,319,1381,212,319,1381,212,319,1381,-1
319,129,1101,319,129,1101,319,129,1101,-1
129,185,837,129,185,837,129,185,837,-1
185,121,1088,185,121,1088,185,121,1088,-1
121,202,837,121,202,837,121,202,837,-1
202,287,1087,202,287,1087,202,287,1087,-1
287,282,1074,287,282,1074,287,282,1074,-1
282,127,1064,282,127,1064,282,127,1064,-1
127,185,1134,127,185,1134,127,185,1134,-1
185,131,1010,185,131,1010,185,131,1010,-1
131,225,1100,131,225,1100,131,225,1100,-1
225,232,604,225,232,604,225,232,604,-1
232,129,1120,232,129,1120,232,129,1120,-1
129,189,808,129,189,808,129,189,808,-1
189,281,993,189,281,993,189,281,993,-1
281,314,1067,281,314,1067,281,314,1067,-1
314,124,1145,314,124,1145,314,124,1145,-1
124,169,1160,124,169,1160,124,169,1160,-1
169,125,1044,169,125,1044,169,125,1044,-1
125,181,1132,125,181,1132,125,181,1132,-1
181,222,1051,181,222,1051,181,222,1051,-1
222,335,1391,222,335,1391,222,335,1391,-1
335,123,1278,335,123,1278,335,123,1278,-1
123,171,904,123,171,904,123,171,904,-1
171,233,1041,171,233,1041,171,233,1041,-1
233,284,1288,233,284,1288,233,284,1288,-1
284,295,1099,284,295,1099,284,295,1099,-1
295,278,1075,295,278,1075,295,278,1075,-1
278,265,1076,278,265,1076,278,265,1076,-1
265,237,1086,265,237,1086,265,237,1086,-1
237,303,1088,237,303,1088,237,303,1088,-1
303,125,1098,303,125,1098,303,125,1098,-1
125,159,882,125,159,882,125,159,882,-1
159,260,1132,159,260,1132,159,260,1132,-1
260,302,1125,260,302,1125,260,302,1125,-1
302,247,1093,302,247,1093,302,247,1093,-1
247,222,1070,247,222,1070,247,222,1070,-1
222,310,1391,222,310,1391,222,310,1391,-1
310,125,1098,310,125,1098,310,125,1098,-1
125,133,895,125,133,895,125,133,895,-1
133,125,1135,133,125,1135,133,125,1135,-1
125,187,901,125,187,901,125,187,901,-1
187,130,1085,187,130,1085,187,130,1085,-1
130,178,891,130,178,891,130,178,891,-1
178,124,1066,178,124,1066,178,124,1066,-1
124,175,844,124,175,844,124,175,844,-1
175,266,1054,175,266,1054,175,266,1054,-1
266,187,1059,266,187,1059,266,187,1059,-1
187,312,1350,187,312,1350,187,312,1350,-1
312,131,1135,312,131,1135,312,131,1135,-1
131,168,1137,131,168,1137,131,168,1137,-1
168,126,1059,168,126,1059,168,126,1059,-1
126,171,1109,126,171,1109,126,171,1109,-1
171,129,1021,171,129,1021,171,129,1021,-1
129,188,1116,129,188,1116,129,188,1116,-1
188,134,1006,188,134,1006,188,134,1006,-1
134,160,1112,134,160,1112,134,160,1112,-1
160,122,977,160,122,977,160,122,977,-1
122,191,776,122,191,776,122,191,776,-1
191,177,660,191,177,660,191,177,660,-1
177,122,1025,177,122,1025,177,122,1025,-1
122,166,888,122,166,888,122,166,888,-1
166,265,1043,166,265,1043,166,265,1043,-1
265,254,1052,265,254,1052,265,254,1052,-1
254,304,1051,254,304,1051,254,304,1051,-1
304,128,1086,304,128,1086,304,128,1086,-1
128,204,872,128,204,872,128,204,872,-1
204,289,1091,204,289,1091,204,289,1091,-1
289,279,1057,289,279,1057,289,279,1057,-1
279,252,1056,279,252,1056,279,252,1056,-1
252,191,1043,252,191,1043,252,191,1043,-1
191,204,1325,191,204,1325,191,204,1325,-1
204,221,1040,204,221,1040,204,221,1040,-1
221,152,1022,221,152,1022,221,152,1022,-1
152,245,1049,152,245,1049,152,245,1049,-1
245,261,1087,245,261,1087,245,261,1087,-1
261,270,1075,261,270,1075,261,270,1075,-1
270,273,1029,270,273,1029,270,273,1029,-1
273,232,1022,273,232,1022,273,232,1022,-1
232,244,998,232,244,998,232,244,998,-1
244,238,952,244,238,952,244,238,952,-1
238,224,997,238,224,997,238,224,997,-1
224,175,952,224,175,952,224,175,952,-1
175,178,881,175,178,881,175,178,881,-1
178,122,1057,178,122,1057,178,122,1057,-1
122,215,793,122,215,793,122,215,793,-1
215,163,753,215,163,753,215,163,753,-1
163,125,1038,163,125,1038,163,125,1038,-1
125,139,843,125,139,843,125,139,843,-1
139,237,1045,139,237,1045,139,237,1045,-1
237,203,1021,237,203,1021,237,203,1021,-1
203,273,999,203,273,999,203,273,999,-1
273,279,1373,273,279,1373,273,279,1373,-1
279,203,1070,279,203,1070,279,203,1070,-1
203,349,1389,203,349,1389,203,349,1389,-1
349,287,1132,349,287,1132,349,287,1132,-1
287,249,1059,287,249,1059,287,249,1059,-1
249,266,1059,249,266,1059,249,266,1059,-1
266,254,1051,266,254,1051,266,254,1051,-1
254,213,1050,254,213,1050,254,213,1050,-1
213,231,1012,213,231,1012,213,231,1012,-1
231,169,1135,231,169,1135,231,169,1135,-1
169,304,1019,169,304,1019,169,304,1019,-1
304,124,1112,304,124,1112,304,124,1112,-1
124,154,761,124,154,761,124,154,761,-1
154,280,1027,154,280,1027,154,280,1027,-1
280,124,1057,280,124,1057,280,124,1057,-1
124,144,860,124,144,860,124,144,860,-1
144,287,1063,144,287,1063,144,287,1063,-1
287,254,1055,287,254,1055,287,254,1055,-1
254,303,1076,254,303,1076,254,303,1076,-1
303,264,1201,303,264,1201,303,264,1201,-1
264,122,1052,264,122,1052,264,122,1052,-1
122,227,817,122,227,817,122,227,817,-1
227,125,1227,227,125,1227,227,125,1227,-1
125,189,825,125,189,825,125,189,825,-1
189,272,1032,189,272,1032,189,272,1032,-1
272,204,1019,272,204,1019,272,204,1019,-1
204,213,1366,204,213,1366,204,213,1366,-1
213,215,1019,213,215,1019,213,215,1019,-1
215,151,869,215,151,869,215,151,869,-1
151,144,969,151,144,969,151,144,969,-1
144,178,891,144,178,891,144,178,891,-1
178,131,1116,178,131,1116,178,131,1116,-1
131,185,1168,131,185,1168,131,185,1168,-1
185,133,1051,185,133,1051,185,133,1051,-1
133,177,1116,133,177,1116,133,177,1116,-1
177,125,953,177,125,953,177,125,953,-1
125,250,769,125,250,769,125,250,769,-1
250,332,1035,250,332,1035,250,332,1035,-1
332,253,1159,332,253,1159,332,253,1159,-1
253,239,1038,253,239,1038,253,239,1038,-1
239,262,1029,239,262,1029,239,262,1029,-1
262,271,1041,262,271,1041,262,271,1041,-1
271,123,1094,271,123,1094,271,123,1094,-1
123,155,838,123,155,838,123,155,838,-1
155,281,1058,155,281,1058,155,281,1058,-1
281,121,1063,281,121,1063,281,121,1063,-1
121,179,894,121,179,894,121,179,894,-1
179,121,1106,179,121,1106,179,121,1106,-1
121,125,884,121,125,884,121,125,884,-1
125,234,1091,125,234,1091,125,234,1091,-1
234,305,1090,234,305,1090,234,305,1090,-1
305,124,1134,305,124,1134,305,124,1134,-1
124,182,1196,124,182,1196,124,182,1196,-1
182,131,1106,182,131,1106,182,131,1106,-1
131,171,1192,131,171,1192,131,171,1192,-1
171,135,973,171,135,973,171,135,973,-1
135,166,979,135,166,979,135,166,979,-1
166,257,1105,166,257,1105,166,257,1105,-1
257,305,1053,257,305,1053,257,305,1053,-1
305,286,1004,305,286,1004,305,286,1004,-1
286,269,968,286,269,968,286,269,968,-1
269,254,1016,269,254,1016,269,254,1016,-1
254,204,1027,254,204,1027,254,204,1027,-1
204,297,1405,204,297,1405,204,297,1405,-1
297,137,1001,297,137,1001,297,137,1001,-1
137,124,843,137,124,843,137,124,843,-1
124,261,1059,124,261,1059,124,261,1059,-1
261,261,1076,261,261,1076,261,261,1076,-1
261,259,1021,261,259,1021,261,259,1021,-1
259,250,983,259,250,983,259,250,983,-1
250,236,1028,250,236,1028,250,236,1028,-1
236,262,1044,236,262,1044,236,262,1044,-1
262,247,1054,262,247,1054,262,247,1054,-1
247,282,1024,247,282,1024,247,282,1024,-1
282,121,1037,282,121,1037,282,121,1037,-1
121,125,833,121,125,833,121,125,833,-1
125,203,993,125,203,993,125,203,993,-1
203,200,921,203,200,921,203,200,921,-1
200,207,1053,200,207,1053,200,207,1053,-1
207,203,954,207,203,954,207,203,954,-1
203,126,865,203,126,865,203,126,865,-1
126,234,1015,126,234,1015,126,234,1015,-1
234,241,1074,234,241,1074,234,241,1074,-1
241,259,1053,241,259,1053,241,259,1053,-1
259,122,1070,259,122,1070,259,122,1070,-1
122,137,876,122,137,876,122,137,876,-1
137,122,1092,137,122,1092,137,122,1092,-1
122,170,867,122,170,867,122,170,867,-1
170,262,1053,170,262,1053,170,262,1053,-1
262,225,1045,262,225,1045,262,225,1045,-1
225,229,1096,225,229,1096,225,229,1096,-1
229,296,1070,229,296,1070,229,296,1070,-1
296,246,1078,296,246,1078,296,246,1078,-1
246,194,1061,246,194,1061,246,194,1061,-1
194,285,1504,194,285,1504,194,285,1504,-1
285,223,1114,285,223,1114,285,223,1114,-1
223,263,1522,223,263,1522,223,263,1522,-1
263,210,1031,263,210,1031,263,210,1031,-1
210,178,893,210,178,893,210,178,893,-1
178,272,1027,178,272,1027,178,272,1027,-1
272,258,1031,272,258,1031,272,258,1031,-1
258,222,1037,258,222,1037,258,222,1037,-1
222,249,1029,222,249,1029,222,249,1029,-1
249,272,1013,249,272,1013,249,272,1013,-1
272,128,1107,272,128,1107,272,128,1107,-1
128,219,844,128,219,844,128,219,844,-1
219,206,1043,219,206,1043,219,206,1043,-1
206,279,1485,206,279,1485,206,279,1485,-1
279,239,1003,279,239,1003,279,239,1003,-1
239,290,1033,239,290,1033,239,290,1033,-1
290,244,1043,290,244,1043,290,244,1043,-1
244,236,1027,244,236,1027,244,236,1027,-1
236,233,1059,236,233,1059,236,233,1059,-1
233,307,1046,233,307,1046,233,307,1046,-1
307,133,1030,307,133,1030,307,133,1030,-1
133,161,860,133,161,860,133,161,860,-1
161,213,1032,161,213,1032,161,213,1032,-1
213,317,1536,213,317,1536,213,317,1536,-1
317,125,1271,317,125,1271,317,125,1271,-1
125,140,929,125,140,929,125,140,929,-1
140,231,1091,140,231,1091,140,231,1091,-1
231,237,1102,231,237,1102,231,237,1102,-1
237,242,1058,237,242,1058,237,242,1058,-1
242,221,1078,242,221,1078,242,221,1078,-1
221,302,1392,221,302,1392,221,302,1392,-1
302,289,1073,302,289,1073,302,289,1073,-1
289,269,1036,289,269,1036,289,269,1036,-1
269,297,1041,269,297,1041,269,297,1041,-1
297,139,1026,297,139,1026,297,139,1026,-1
139,142,1180,139,142,1180,139,142,1180,-1
142,137,1004,142,137,1004,142,137,1004,-1
137,123,902,137,123,902,137,123,902,-1
123,201,1027,123,201,1027,123,201,1027,-1
201,177,1546,201,177,1546,201,177,1546,-1
177,309,1472,177,309,1472,177,309,1472,-1
309,127,1081,309,127,1081,309,127,1081,-1
127,229,881,127,229,881,127,229,881,-1
229,205,849,229,205,849,229,205,849,-1
205,144,1003,205,144,1003,205,144,1003,-1
144,159,1142,144,159,1142,144,159,1142,-1
159,130,1003,159,130,1003,159,130,1003,-1
130,160,1199,130,160,1199,130,160,1199,-1
160,258,995,160,258,995,160,258,995,-1
258,244,1032,258,244,1032,258,244,1032,-1
244,160,1207,244,160,1207,244,160,1207,-1
160,188,1558,160,188,1558,160,188,1558,-1
188,259,1028,188,259,1028,188,259,1028,-1
259,122,871,259,122,871,259,122,871,-1
122,250,1508,122,250,1508,122,250,1508,-1
250,239,1083,250,239,1083,250,239,1083,-1
239,185,1082,239,185,1082,239,185,1082,-1
185,255,1229,185,255,1229,185,255,1229,-1
255,291,1004,255,291,1004,255,291,1004,-1
291,121,1042,291,121,1042,291,121,1042,-1
121,138,828,121,138,828,121,138,828,-1
138,210,1100,138,210,1100,138,210,1100,-1
210,315,1003,210,315,1003,210,315,1003,-1
315,310,1506,315,310,1506,315,310,1506,-1
310,130,1067,310,130,1067,310,130,1067,-1
130,123,935,130,123,935,130,123,935,-1
123,176,1076,123,176,1076,123,176,1076,-1
176,292,1163,176,292,1163,176,292,1163,-1
292,263,1120,292,263,1120,292,263,1120,-1
263,273,1109,263,273,1109,263,273,1109,-1
273,314,1065,273,314,1065,273,314,1065,-1
314,196,1066,314,196,1066,314,196,1066,-1
196,206,1323,196,206,1323,196,206,1323,-1
206,240,1038,206,240,1038,206,240,1038,-1
240,189,899,240,189,899,240,189,899,-1
189,241,1127,189,241,1127,189,241,1127,-1
241,285,1402,241,285,1402,241,285,1402,-1
285,277,1037,285,277,1037,285,277,1037,-1
277,261,1034,277,261,1034,277,261,1034,-1
261,276,1033,261,276,1033,261,276,1033,-1
276,121,1063,276,121,1063,276,121,1063,-1
121,227,841,121,227,841,121,227,841,-1
227,130,1111,227,130,1111,227,130,1111,-1
130,180,1155,130,180,1155,130,180,1155,-1
180,125,1073,180,125,1073,180,125,1073,-1
125,173,1130,125,173,1130,125,173,1130,-1
173,260,1065,173,260,1065,173,260,1065,-1
260,235,985,260,235,985,260,235,985,-1
235,245,1025,235,245,1025,235,245,1025,-1
245,251,1038,245,251,1038,245,251,1038,-1
251,258,1074,251,258,1074,251,258,1074,-1
258,306,1195,258,306,1195,258,306,1195,-1
306,319,1050,306,319,1050,306,319,1050,-1
319,125,1106,319,125,1106,319,125,1106,-1
125,173,1173,125,173,1173,125,173,1173,-1
173,279,1039,173,279,1039,173,279,1039,-1
279,315,998,279,315,998,279,315,998,-1
315,272,1040,315,272,1040,315,272,1040,-1
272,126,975,272,126,975,272,126,975,-1
126,128,792,126,128,792,126,128,792,-1
128,276,1033,128,276,1033,128,276,1033,-1
276,251,1069,276,251,1069,276,251,1069,-1
251,315,1055,251,315,1055,251,315,1055,-1
315,254,1082,315,254,1082,315,254,1082,-1
254,259,1046,254,259,1046,254,259,1046,-1
259,242,1041,259,242,1041,259,242,1041,-1
242,195,1028,242,195,1028,242,195,1028,-1
195,184,1012,195,184,1012,195,184,1012,-1
184,165,838,184,165,838,184,165,838,-1
165,309,1065,165,309,1065,165,309,1065,-1
309,209,1094,309,209,1094,309,209,1094,-1
209,222,1317,209,222,1317,209,222,1317,-1
222,200,1041,222,200,1041,222,200,1041,-1
200,192,1084,200,192,1084,200,192,1084,-1
192,191,1062,192,191,1062,192,191,1062,-1
191,206,963,191,206,963,191,206,963,-1
206,194,768,206,194,768,206,194,768,-1
194,224,621,194,224,621,194,224,621,-1
224,123,1157,224,123,1157,224,123,1157,-1
123,151,832,123,151,832,123,151,832,-1
151,294,1028,151,294,1028,151,294,1028,-1
294,326,1044,294,326,1044,294,326,1044,-1
326,262,1180,326,262,1180,326,262,1180,-1
262,241,1024,262,241,1024,262,241,1024,-1
241,312,1009,241,312,1009,241,312,1009,-1
312,121,1045,312,121,1045,312,121,1045,-1
121,179,1144,121,179,1144,121,179,1144,-1
179,297,1015,179,297,1015,179,297,1015,-1
297,124,1024,297,124,1024,297,124,1024,-1
124,179,1146,124,179,1146,124,179,1146,-1
179,140,968,179,140,968,179,140,968,-1
140,204,999,140,204,999,140,204,999,-1
204,303,1018,204,303,1018,204,303,1018,-1
303,292,1010,303,292,1010,303,292,1010,-1
292,287,1012,292,287,1012,292,287,1012,-1
287,287,1028,287,287,1028,287,287,1028,-1
287,122,1018,287,122,1018,287,122,1018,-1
122,188,1176,122,188,1176,122,188,1176,-1
188,135,1038,188,135,1038,188,135,1038,-1
135,186,1142,135,186,1142,135,186,1142,-1
186,224,1224,186,224,1224,186,224,1224,-1
224,322,1301,224,322,1301,224,322,1301,-1
322,235,1161,322,235,1161,322,235,1161,-1
235,294,1310,235,294,1310,235,294,1310,-1
294,239,1055,294,239,1055,294,239,1055,-1
239,256,1073,239,256,1073,239,256,1073,-1
256,218,1075,256,218,1075,256,218,1075,-1
218,189,1024,218,189,1024,218,189,1024,-1
189,230,846,189,230,846,189,230,846,-1
230,133,1074,230,133,1074,230,133,1074,-1
133,181,1206,133,181,1206,133,181,1206,-1
181,125,1060,181,125,1060,181,125,1060,-1
125,164,1176,125,164,1176,125,164,1176,-1
