215,215,1009,215,215,1009,215,215,1009,-1
215,206,915,215,206,915,215,206,915,1
206,166,795,206,166,795,206,166,795,1
166,187,993,166,187,993,166,187,993,1
187,132,903,187,132,903,187,132,903,1
132,210,1004,132,210,1004,132,210,1004,1
210,213,981,210,213,981,210,213,981,1
213,192,897,213,192,897,213,192,897,1
192,211,785,192,211,785,192,211,785,1
211,174,803,211,174,803,211,174,803,1
174,192,931,174,192,931,174,192,931,1
192,185,922,192,185,922,192,185,922,1
185,140,781,185,140,781,185,140,781,1
140,287,959,140,287,959,140,287,959,1
287,219,991,287,219,991,287,219,991,1
219,227,938,219,227,938,219,227,938,1
227,275,935,227,275,935,227,275,935,1
275,133,896,275,133,896,275,133,896,1
133,237,997,133,237,997,133,237,997,1
237,175,888,237,175,888,237,175,888,1
175,303,906,175,303,906,175,303,906,1
303,242,953,303,242,953,303,242,953,1
242,191,898,242,191,898,242,191,898,1
191,192,778,191,192,778,191,192,778,1
192,189,973,192,189,973,192,189,973,1
189,178,909,189,178,909,189,178,909,1
178,194,1021,178,194,1021,178,194,1021,1
194,193,909,194,193,909,194,193,909,1
193,208,807,193,208,807,193,208,807,1
208,188,800,208,188,800,208,188,800,1
188,332,976,188,332,976,188,332,976,1
332,289,942,332,289,942,332,289,942,1
289,143,903,289,143,903,289,143,903,1
143,268,960,143,268,960,143,268,960,1
268,240,954,268,240,954,268,240,954,1
240,174,913,240,174,913,240,174,913,1
174,121,1001,174,121,1001,174,121,1001,1
121,193,781,121,193,781,121,193,781,1
193,210,923,193,210,923,193,210,923,1
210,123,780,210,123,780,210,123,780,1
123,195,973,123,195,973,123,195,973,1
195,201,942,195,201,942,195,201,942,1
201,146,782,201,146,782,201,146,782,1
146,246,947,146,246,947,146,246,947,1
246,307,944,246,307,944,246,307,944,1
307,227,952,307,227,952,307,227,952,1
227,224,908,227,224,908,227,224,908,1
224,241,767,224,241,767,224,241,767,-1
241,297,956,241,297,956,241,297,956,1
297,259,918,297,259,918,297,259,918,1
259,232,926,259,232,926,259,232,926,1
232,254,908,232,254,908,232,254,908,1
254,267,945,254,267,945,254,267,945,1
267,264,982,267,264,982,267,264,982,1
264,240,969,264,240,969,264,240,969,1
240,214,895,240,214,895,240,214,895,1
214,189,777,214,189,777,214,189,777,1
189,255,798,189,255,798,189,255,798,1
255,307,937,255,307,937,255,307,937,1
307,302,929,307,302,929,307,302,929,1
302,292,927,302,292,927,302,292,927,1
292,258,932,292,258,932,292,258,932,1
258,276,1133,258,276,1133,258,276,1133,1
276,275,975,276,275,975,276,275,975,1
275,226,1032,275,226,1032,275,226,1032,1
226,206,998,226,206,998,226,206,998,1
206,225,936,206,225,936,206,225,936,1
225,158,796,225,158,796,225,158,796,1
158,197,975,158,197,975,158,197,975,1
197,151,933,197,151,933,197,151,933,1
151,266,968,151,266,968,151,266,968,1
266,248,942,266,248,942,266,248,942,1
248,269,929,248,269,929,248,269,929,1
269,182,960,269,182,960,269,182,960,1
182,184,918,182,184,918,182,184,918,1
184,164,791,184,164,791,184,164,791,1
164,304,961,164,304,961,164,304,961,1
304,273,972,304,273,972,304,273,972,1
273,281,959,273,281,959,273,281,959,1
281,242,943,281,242,943,281,242,943,1
242,184,932,242,184,932,242,184,932,1
184,221,878,184,221,878,184,221,878,1
221,170,759,221,170,759,221,170,759,1
170,225,928,170,225,928,170,225,928,1
225,222,917,225,222,917,225,222,917,1
222,158,880,222,158,880,222,158,880,-1
158,286,925,158,286,925,158,286,925,1
286,275,944,286,275,944,286,275,944,1
275,203,884,275,203,884,275,203,884,1
203,201,757,203,201,757,203,201,757,1
201,144,790,201,144,790,201,144,790,1
144,372,954,144,372,954,144,372,954,1
372,292,941,372,292,941,372,292,941,1
292,234,930,292,234,930,292,234,930,1
234,254,986,234,254,986,234,254,986,1
254,164,887,254,164,887,254,164,887,1
164,244,948,164,244,948,164,244,948,1
244,207,948,244,207,948,244,207,948,-1
207,251,938,207,251,938,207,251,938,1
251,249,928,251,249,928,251,249,928,1
249,294,952,249,294,952,249,294,952,-1
294,212,964,294,212,964,294,212,964,1
212,198,969,212,198,969,212,198,969,1
198,211,900,198,211,900,198,211,900,1
211,170,780,211,170,780,211,170,780,1
170,246,957,170,246,957,170,246,957,1
246,259,938,246,259,938,246,259,938,1
259,211,884,259,211,884,259,211,884,1
211,184,777,211,184,777,211,184,777,1
184,216,668,184,216,668,184,216,668,1
216,267,933,216,267,933,216,267,933,1
267,200,991,267,200,991,267,200,991,1
200,204,897,200,204,897,200,204,897,1
204,201,792,204,201,792,204,201,792,1
201,211,805,201,211,805,201,211,805,1
211,270,1032,211,270,1032,211,270,1032,1
270,212,972,270,212,972,270,212,972,1
212,127,903,212,127,903,212,127,903,-1
127,211,985,127,211,985,127,211,985,-1
211,292,965,211,292,965,211,292,965,1
292,229,948,292,229,948,292,229,948,1
229,181,941,229,181,941,229,181,941,-1
181,122,908,181,122,908,181,122,908,1
122,226,980,122,226,980,122,226,980,1
226,285,1292,226,285,1292,226,285,1292,-1
285,318,968,285,318,968,285,318,968,1
318,220,932,318,220,932,318,220,932,1
220,184,1325,220,184,1325,220,184,1325,-1
184,179,896,184,179,896,184,179,896,1
179,198,801,179,198,801,179,198,801,1
198,268,962,198,268,962,198,268,962,-1
268,242,961,268,242,961,268,242,961,-1
242,247,943,242,247,943,242,247,943,1
247,211,941,247,211,941,247,211,941,1
211,194,1000,211,194,1000,211,194,1000,1
194,130,899,194,130,899,194,130,899,1
130,297,944,130,297,944,130,297,944,1
297,202,943,297,202,943,297,202,943,1
202,199,917,202,199,917,202,199,917,1
199,211,782,199,211,782,199,211,782,1
211,167,802,211,167,802,211,167,802,1
167,272,1000,167,272,1000,167,272,1000,1
272,254,1020,272,254,1020,272,254,1020,1
254,305,950,254,305,950,254,305,950,1
305,254,961,305,254,961,305,254,961,1
254,209,903,254,209,903,254,209,903,1
209,150,777,209,150,777,209,150,777,1
150,209,895,150,209,895,150,209,895,1
209,140,767,209,140,767,209,140,767,1
140,229,1130,140,229,1130,140,229,1130,1
229,206,878,229,206,878,229,206,878,1
206,167,784,206,167,784,206,167,784,1
167,277,965,167,277,965,167,277,965,1
277,287,1252,277,287,1252,277,287,1252,1
287,237,911,287,237,911,287,237,911,1
237,210,930,237,210,930,237,210,930,1
210,219,1292,210,219,1292,210,219,1292,1
219,136,882,219,136,882,219,136,882,1
136,237,1001,136,237,1001,136,237,1001,1
237,213,938,237,213,938,237,213,938,1
213,242,1294,213,242,1294,213,242,1294,1
242,192,954,242,192,954,242,192,954,1
192,149,911,192,149,911,192,149,911,1
149,217,915,149,217,915,149,217,915,1
217,206,1257,217,206,1257,217,206,1257,1
206,128,892,206,128,892,206,128,892,1
128,252,937,128,252,937,128,252,937,1
252,171,980,252,171,980,252,171,980,1
171,132,902,171,132,902,171,132,902,1
132,306,963,132,306,963,132,306,963,1
306,230,988,306,230,988,306,230,988,1
230,292,971,230,292,971,230,292,971,1
292,223,962,292,223,962,292,223,962,1
223,283,924,223,283,924,223,283,924,1
283,256,961,283,256,961,283,256,961,1
256,291,975,256,291,975,256,291,975,1
291,290,974,291,290,974,291,290,974,1
290,224,955,290,224,955,290,224,955,1
224,273,970,224,273,970,224,273,970,1
273,306,995,273,306,995,273,306,995,1
306,197,976,306,197,976,306,197,976,1
197,223,907,197,223,907,197,223,907,1
223,245,799,223,245,799,223,245,799,1
245,244,963,245,244,963,245,244,963,1
244,261,976,244,261,976,244,261,976,1
261,202,967,261,202,967,261,202,967,1
202,122,912,202,122,912,202,122,912,1
122,222,911,122,222,911,122,222,911,1
222,180,790,222,180,790,222,180,790,1
180,225,945,180,225,945,180,225,945,1
225,239,967,225,239,967,225,239,967,1
239,205,904,239,205,904,239,205,904,1
205,202,974,205,202,974,205,202,974,1
202,238,965,202,238,965,202,238,965,1
238,202,916,238,202,916,238,202,916,1
202,158,789,202,158,789,202,158,789,1
158,211,969,158,211,969,158,211,969,1
211,235,904,211,235,904,211,235,904,1
235,213,800,235,213,800,235,213,800,1
213,184,834,213,184,834,213,184,834,1
184,319,944,184,319,944,184,319,944,1
319,222,997,319,222,997,319,222,997,1
222,224,912,222,224,912,222,224,912,1
224,157,800,224,157,800,224,157,800,1
157,220,956,157,220,956,157,220,956,1
220,223,992,220,223,992,220,223,992,1
223,231,989,223,231,989,223,231,989,1
231,217,954,231,217,954,231,217,954,1
217,212,921,217,212,921,217,212,921,-1
212,154,809,212,154,809,212,154,809,1
154,182,919,154,182,919,154,182,919,1
182,126,807,182,126,807,182,126,807,1
126,199,930,126,199,930,126,199,930,1
199,218,798,199,218,798,199,218,798,1
218,219,1003,218,219,1003,218,219,1003,1
219,302,1023,219,302,1023,219,302,1023,1
302,272,943,302,272,943,302,272,943,1
272,276,942,272,276,942,272,276,942,1
276,275,939,276,275,939,276,275,939,1
275,232,995,275,232,995,275,232,995,1
232,199,916,232,199,916,232,199,916,1
199,150,798,199,150,798,199,150,798,1
150,216,995,150,216,995,150,216,995,1
216,227,956,216,227,956,216,227,956,1
227,323,981,227,323,981,227,323,981,1
323,258,959,323,258,959,323,258,959,-1
258,124,896,258,124,896,258,124,896,1
124,229,965,124,229,965,124,229,965,1
229,182,969,229,182,969,229,182,969,1
182,184,908,182,184,908,182,184,908,1
184,257,949,184,257,949,184,257,949,1
257,210,965,257,210,965,257,210,965,1
210,129,903,210,129,903,210,129,903,1
129,226,955,129,226,955,129,226,955,1
226,199,898,226,199,898,226,199,898,1
199,169,789,199,169,789,199,169,789,1
169,197,961,169,197,961,169,197,961,1
197,201,904,197,201,904,197,201,904,1
201,184,788,201,184,788,201,184,788,1
184,188,906,184,188,906,184,188,906,1
188,209,782,188,209,782,188,209,782,1
209,190,977,209,190,977,209,190,977,1
190,137,909,190,137,909,190,137,909,1
137,240,958,137,240,958,137,240,958,1
240,255,958,240,255,958,240,255,958,1
255,204,949,255,204,949,255,204,949,1
204,330,943,204,330,943,204,330,943,1
330,278,965,330,278,965,330,278,965,1
278,249,966,278,249,966,278,249,966,1
249,267,964,249,267,964,249,267,964,1
267,293,950,267,293,950,267,293,950,1
293,211,992,293,211,992,293,211,992,1
211,369,967,211,369,967,211,369,967,1
369,280,970,369,280,970,369,280,970,1
280,233,967,280,233,967,280,233,967,1
233,199,918,233,199,918,233,199,918,1
199,142,797,199,142,797,199,142,797,1
142,247,999,142,247,999,142,247,999,1
247,181,993,247,181,993,247,181,993,1
181,227,910,181,227,910,181,227,910,1
227,127,767,227,127,767,227,127,767,1
127,244,945,127,244,945,127,244,945,1
244,223,910,244,223,910,244,223,910,1
223,188,1267,223,188,1267,223,188,1267,1
188,181,891,188,181,891,188,181,891,1
181,181,802,181,181,802,181,181,802,1
181,176,962,181,176,962,181,176,962,1
176,227,916,176,227,916,176,227,916,1
227,136,805,227,136,805,227,136,805,1
136,138,931,136,138,931,136,138,931,1
138,235,987,138,235,987,138,235,987,1
235,210,988,235,210,988,235,210,988,1
210,230,908,210,230,908,210,230,908,1
230,158,809,230,158,809,230,158,809,1
158,288,993,158,288,993,158,288,993,1
288,268,998,288,268,998,288,268,998,1
268,252,978,268,252,978,268,252,978,1
252,195,928,252,195,928,252,195,928,1
195,215,814,195,215,814,195,215,814,1
215,229,984,215,229,984,215,229,984,1
229,197,1007,229,197,1007,229,197,1007,1
197,213,919,197,213,919,197,213,919,-1
213,220,807,213,220,807,213,220,807,1
220,190,816,220,190,816,220,190,816,1
190,218,934,190,218,934,190,218,934,1
218,244,916,218,244,916,218,244,916,1
244,206,1093,244,206,1093,244,206,1093,1
206,182,912,206,182,912,206,182,912,1
182,325,940,182,325,940,182,325,940,1
325,225,958,325,225,958,325,225,958,1
225,254,976,225,254,976,225,254,976,1
254,200,991,254,200,991,254,200,991,1
200,226,922,200,226,922,200,226,922,1
226,181,805,226,181,805,226,181,805,1
181,190,965,181,190,965,181,190,965,1
190,199,916,190,199,916,190,199,916,1
199,276,934,199,276,934,199,276,934,-1
276,306,933,276,306,933,276,306,933,1
306,254,950,306,254,950,306,254,950,1
254,217,909,254,217,909,254,217,909,1
217,222,793,217,222,793,217,222,793,1
222,179,800,222,179,800,222,179,800,1
179,270,890,179,270,890,179,270,890,1
270,229,969,270,229,969,270,229,969,1
229,197,894,229,197,894,229,197,894,1
197,179,770,197,179,770,197,179,770,1
179,182,954,179,182,954,179,182,954,1
182,197,937,182,197,937,182,197,937,1
197,122,921,197,122,921,197,122,921,1
122,237,995,122,237,995,122,237,995,1
237,274,1046,237,274,1046,237,274,1046,1
274,250,970,274,250,970,274,250,970,1
250,243,983,250,243,983,250,243,983,1
243,182,965,243,182,965,243,182,965,1
182,200,925,182,200,925,182,200,925,1
200,184,787,200,184,787,200,184,787,1
184,287,998,184,287,998,184,287,998,1
287,260,924,287,260,924,287,260,924,1
260,262,902,260,262,902,260,262,902,1
262,238,921,262,238,921,262,238,921,1
238,200,896,238,200,896,238,200,896,1
200,222,765,200,222,765,200,222,765,1
222,312,919,222,312,919,222,312,919,1
312,257,940,312,257,940,312,257,940,1
257,218,942,257,218,942,257,218,942,1
218,188,889,218,188,889,218,188,889,1
188,234,765,188,234,765,188,234,765,1
234,279,961,234,279,961,234,279,961,1
279,183,956,279,183,956,279,183,956,1
183,190,878,183,190,878,183,190,878,1
190,212,994,190,212,994,190,212,994,1
212,313,1016,212,313,1016,212,313,1016,1
313,248,1046,313,248,1046,313,248,1046,1
248,239,1021,248,239,1021,248,239,1021,1
239,279,973,239,279,973,239,279,973,1
279,248,930,279,248,930,279,248,930,1
248,286,948,248,286,948,248,286,948,1
286,339,940,286,339,940,286,339,940,1
339,270,914,339,270,914,339,270,914,1
270,264,943,270,264,943,270,264,943,1
264,222,938,264,222,938,264,222,938,1
222,191,883,222,191,883,222,191,883,1
191,183,785,191,183,785,191,183,785,1
183,296,959,183,296,959,183,296,959,1
296,225,1109,296,225,1109,296,225,1109,1
225,284,1017,225,284,1017,225,284,1017,1
284,198,983,284,198,983,284,198,983,1
198,192,924,198,192,924,198,192,924,1
192,206,808,192,206,808,192,206,808,1
206,153,832,206,153,832,206,153,832,1
153,275,994,153,275,994,153,275,994,1
275,251,936,275,251,936,275,251,936,1
251,294,989,251,294,989,251,294,989,1
294,210,935,294,210,935,294,210,935,1
210,205,1297,210,205,1297,210,205,1297,1
205,174,895,205,174,895,205,174,895,-1
174,247,950,174,247,950,174,247,950,1
247,244,950,247,244,950,247,244,950,1
244,210,925,244,210,925,244,210,925,1
210,234,914,210,234,914,210,234,914,1
234,157,794,234,157,794,234,157,794,1
157,266,978,157,266,978,157,266,978,1
266,197,957,266,197,957,266,197,957,1
197,219,955,197,219,955,197,219,955,1
219,129,826,219,129,826,219,129,826,1
129,222,930,129,222,930,129,222,930,1
222,132,796,222,132,796,222,132,796,1
132,133,898,132,133,898,132,133,898,1
133,264,964,133,264,964,133,264,964,1
264,265,979,264,265,979,264,265,979,1
265,228,939,265,228,939,265,228,939,1
228,202,977,228,202,977,228,202,977,1
202,193,894,202,193,894,202,193,894,1
193,252,777,193,252,777,193,252,777,1
252,217,976,252,217,976,252,217,976,1
217,201,1317,217,201,1317,217,201,1317,1
201,229,892,201,229,892,201,229,892,1
229,157,808,229,157,808,229,157,808,1
157,192,958,157,192,958,157,192,958,1
192,123,902,192,123,902,192,123,902,1
123,206,934,123,206,934,123,206,934,1
206,211,898,206,211,898,206,211,898,1
211,158,771,211,158,771,211,158,771,1
158,220,988,158,220,988,158,220,988,1
220,280,967,220,280,967,220,280,967,1
280,211,1014,280,211,1014,280,211,1014,1
211,188,991,211,188,991,211,188,991,-1
188,137,951,188,137,951,188,137,951,-1
137,303,1016,137,303,1016,137,303,1016,1
303,197,971,303,197,971,303,197,971,1
197,182,934,197,182,934,197,182,934,1
182,121,819,182,121,819,182,121,819,-1
121,222,1005,121,222,1005,121,222,1005,1
222,210,907,222,210,907,222,210,907,1
210,133,814,210,133,814,210,133,814,1
133,138,936,133,138,936,133,138,936,1
138,271,982,138,271,982,138,271,982,1
271,252,981,271,252,981,271,252,981,1
252,207,983,252,207,983,252,207,983,-1
207,203,900,207,203,900,207,203,900,1
203,175,801,203,175,801,203,175,801,1
175,204,971,175,204,971,175,204,971,1
204,199,956,204,199,956,204,199,956,1
199,133,897,199,133,897,199,133,897,1
133,270,945,133,270,945,133,270,945,1
270,257,971,270,257,971,270,257,971,1
257,305,988,257,305,988,257,305,988,-1
305,246,947,305,246,947,305,246,947,1
246,181,932,246,181,932,246,181,932,-1
181,281,832,181,281,832,181,281,832,1
281,307,981,281,307,981,281,307,981,1
307,342,972,307,342,972,307,342,972,1
342,221,946,342,221,946,342,221,946,-1
221,197,950,221,197,950,221,197,950,1
197,212,969,197,212,969,197,212,969,1
212,247,969,212,247,969,212,247,969,-1
247,189,880,247,189,880,247,189,880,1
189,272,935,189,272,935,189,272,935,1
272,210,939,272,210,939,272,210,939,1
210,250,974,210,250,974,210,250,974,1
250,301,948,250,301,948,250,301,948,1
301,283,954,301,283,954,301,283,954,1
283,243,934,283,243,934,283,243,934,1
243,245,952,243,245,952,243,245,952,1
245,206,958,245,206,958,245,206,958,1
206,234,999,206,234,999,206,234,999,1
234,185,903,234,185,903,234,185,903,1
185,134,803,185,134,803,185,134,803,1
134,214,940,134,214,940,134,214,940,1
214,181,805,214,181,805,214,181,805,1
181,280,974,181,280,974,181,280,974,1
280,187,1002,280,187,1002,280,187,1002,1
187,138,966,187,138,966,187,138,966,1
138,282,1007,138,282,1007,138,282,1007,1
282,197,983,282,197,983,282,197,983,1
197,216,918,197,216,918,197,216,918,-1
216,295,782,216,295,782,216,295,782,1
295,219,965,295,219,965,295,219,965,1
219,196,898,219,196,898,219,196,898,1
196,196,886,196,196,886,196,196,886,1
196,177,767,196,177,767,196,177,767,1
177,186,906,177,186,906,177,186,906,1
186,200,888,186,200,888,186,200,888,1
200,209,781,200,209,781,200,209,781,1
209,207,955,209,207,955,209,207,955,1
207,220,956,207,220,956,207,220,956,1
220,205,876,220,205,876,220,205,876,1
205,189,774,205,189,774,205,189,774,1
189,193,808,189,193,808,189,193,808,1
193,290,948,193,290,948,193,290,948,1
290,276,948,290,276,948,290,276,948,1
276,227,992,276,227,992,276,227,992,1
227,265,1269,227,265,1269,227,265,1269,1
265,190,900,265,190,900,265,190,900,-1
190,207,794,190,207,794,190,207,794,1
207,161,811,207,161,811,207,161,811,1
161,228,1000,161,228,1000,161,228,1000,1
228,257,924,228,257,924,228,257,924,1
257,224,930,257,224,930,257,224,930,1
224,190,984,224,190,984,224,190,984,1
190,190,914,190,190,914,190,190,914,1
190,253,1032,190,253,1032,190,253,1032,1
253,223,976,253,223,976,253,223,976,1
223,129,850,223,129,850,223,129,850,1
129,188,1048,129,188,1048,129,188,1048,1
188,202,931,188,202,931,188,202,931,1
202,145,820,202,145,820,202,145,820,1
145,322,984,145,322,984,145,322,984,1
322,274,1024,322,274,1024,322,274,1024,1
274,220,942,274,220,942,274,220,942,1
220,227,940,220,227,940,220,227,940,1
227,191,862,227,191,862,227,191,862,1
191,213,785,191,213,785,191,213,785,1
213,164,808,213,164,808,213,164,808,1
164,195,927,164,195,927,164,195,927,1
195,227,881,195,227,881,195,227,881,1
227,130,729,227,130,729,227,130,729,1
130,269,926,130,269,926,130,269,926,-1
269,218,878,269,218,878,269,218,878,1
218,204,903,218,204,903,218,204,903,1
204,191,854,204,191,854,204,191,854,1
191,198,732,191,198,732,191,198,732,1
198,268,897,198,268,897,198,268,897,1
268,248,942,268,248,942,268,248,942,1
248,134,888,248,134,888,248,134,888,1
134,225,949,134,225,949,134,225,949,1
225,214,907,225,214,907,225,214,907,1
214,200,819,214,200,819,214,200,819,1
200,206,1030,200,206,1030,200,206,1030,1
206,192,1038,206,192,1038,206,192,1038,-1
192,163,908,192,163,908,192,163,908,1
163,227,1047,163,227,1047,163,227,1047,1
227,229,988,227,229,988,227,229,988,1
229,122,900,229,122,900,229,122,900,1
122,123,886,122,123,886,122,123,886,1
123,194,880,123,194,880,123,194,880,1
194,189,881,194,189,881,194,189,881,1
189,196,886,189,196,886,189,196,886,1
196,153,762,196,153,762,196,153,762,1
153,192,920,153,192,920,153,192,920,1
192,128,800,192,128,800,192,128,800,1
128,183,936,128,183,936,128,183,936,1
183,132,781,183,132,781,183,132,781,1
132,289,949,132,289,949,132,289,949,1
289,189,883,289,189,883,289,189,883,1
189,137,763,189,137,763,189,137,763,1
137,189,900,137,189,900,137,189,900,1
189,132,787,189,132,787,189,132,787,1
132,184,913,132,184,913,132,184,913,1
184,125,788,184,125,788,184,125,788,1
125,190,925,125,190,925,125,190,925,1
190,191,820,190,191,820,190,191,820,1
191,307,979,191,307,979,191,307,979,1
307,192,956,307,192,956,307,192,956,-1
192,190,934,192,190,934,192,190,934,1
190,189,798,190,189,798,190,189,798,1
189,188,909,189,188,909,189,188,909,1
188,185,771,188,185,771,188,185,771,1
185,315,924,185,315,924,185,315,924,1
315,230,944,315,230,944,315,230,944,1
230,185,913,230,185,913,230,185,913,1
185,200,792,185,200,792,185,200,792,1
200,214,974,200,214,974,200,214,974,1
214,189,919,214,189,919,214,189,919,1
189,147,801,189,147,801,189,147,801,1
147,184,920,147,184,920,147,184,920,1
184,172,802,184,172,802,184,172,802,-1
172,336,943,172,336,943,172,336,943,1
336,210,974,336,210,974,336,210,974,1
210,196,952,210,196,952,210,196,952,1
196,142,829,196,142,829,196,142,829,1
142,190,947,142,190,947,142,190,947,1
190,172,854,190,172,854,190,172,854,1
172,332,1016,172,332,1016,172,332,1016,1
332,346,1103,332,346,1103,332,346,1103,1
346,159,1009,346,159,1009,346,159,1009,1
159,186,993,159,186,993,159,186,993,1
186,181,822,186,181,822,186,181,822,1
181,288,983,181,288,983,181,288,983,1
288,295,946,288,295,946,288,295,946,1
295,259,922,295,259,922,295,259,922,1
259,276,914,259,276,914,259,276,914,1
276,232,917,276,232,917,276,232,917,1
232,298,896,232,298,896,232,298,896,1
298,122,910,298,122,910,298,122,910,1
122,177,768,122,177,768,122,177,768,1
177,295,959,177,295,959,177,295,959,1
295,193,1065,295,193,1065,295,193,1065,1
193,193,1034,193,193,1034,193,193,1034,1
193,125,862,193,125,862,193,125,862,1
125,287,970,125,287,970,125,287,970,1
287,275,941,287,275,941,287,275,941,1
275,237,912,275,237,912,275,237,912,1
237,210,940,237,210,940,237,210,940,-1
210,218,869,210,218,869,210,218,869,1
218,203,747,218,203,747,218,203,747,1
203,252,905,203,252,905,203,252,905,1
252,218,905,252,218,905,252,218,905,1
218,223,879,218,223,879,218,223,879,1
223,195,769,223,195,769,223,195,769,1
195,324,975,195,324,975,195,324,975,1
324,209,967,324,209,967,324,209,967,1
209,190,1281,209,190,1281,209,190,1281,1
190,179,869,190,179,869,190,179,869,1
179,140,801,179,140,801,179,140,801,1
140,209,913,140,209,913,140,209,913,1
209,184,799,209,184,799,209,184,799,1
184,223,985,184,223,985,184,223,985,1
223,294,1008,223,294,1008,223,294,1008,1
294,203,985,294,203,985,294,203,985,1
203,212,943,203,212,943,203,212,943,1
212,229,826,212,229,826,212,229,826,1
229,191,834,229,191,834,229,191,834,1
191,264,971,191,264,971,191,264,971,1
264,225,1027,264,225,1027,264,225,1027,1
225,209,932,225,209,932,225,209,932,1
209,128,800,209,128,800,209,128,800,1
128,243,948,128,243,948,128,243,948,1
243,240,981,243,240,981,243,240,981,1
240,226,989,240,226,989,240,226,989,1
226,237,954,226,237,954,226,237,954,1
237,306,910,237,306,910,237,306,910,1
306,282,863,306,282,863,306,282,863,1
282,219,909,282,219,909,282,219,909,1
219,176,1236,219,176,1236,219,176,1236,1
176,190,835,176,190,835,176,190,835,1
190,160,765,190,160,765,190,160,765,1
160,189,938,160,189,938,160,189,938,1
189,189,907,189,189,907,189,189,907,1
189,128,803,189,128,803,189,128,803,1
128,276,1012,128,276,1012,128,276,1012,1
276,238,1038,276,238,1038,276,238,1038,1
238,207,981,238,207,981,238,207,981,1
207,175,810,207,175,810,207,175,810,1
175,287,948,175,287,948,175,287,948,1
287,191,930,287,191,930,287,191,930,1
191,190,886,191,190,886,191,190,886,1
190,178,757,190,178,757,190,178,757,1
178,201,942,178,201,942,178,201,942,1
201,129,860,201,129,860,201,129,860,1
129,273,929,129,273,929,129,273,929,1
273,257,972,273,257,972,273,257,972,1
257,188,945,257,188,945,257,188,945,1
188,184,837,188,184,837,188,184,837,1
184,247,1044,184,247,1044,184,247,1044,1
247,230,981,247,230,981,247,230,981,1
230,294,1035,230,294,1035,230,294,1035,1
294,248,989,294,248,989,294,248,989,1
248,233,940,248,233,940,248,233,940,1
233,220,810,233,220,810,233,220,810,1
220,219,809,220,219,809,220,219,809,1
219,271,951,219,271,951,219,271,951,1
271,255,952,271,255,952,271,255,952,1
255,231,1027,255,231,1027,255,231,1027,1
231,219,989,231,219,989,231,219,989,1
219,194,1253,219,194,1253,219,194,1253,1
194,229,879,194,229,879,194,229,879,1
229,223,951,229,223,951,229,223,951,1
223,272,990,223,272,990,223,272,990,1
272,308,971,272,308,971,272,308,971,1
308,207,940,308,207,940,308,207,940,1
207,276,949,207,276,949,207,276,949,1
276,269,937,276,269,937,276,269,937,1
269,232,958,269,232,958,269,232,958,1
232,180,968,232,180,968,232,180,968,1
180,191,924,180,191,924,180,191,924,1
191,198,827,191,198,827,191,198,827,1
198,214,954,198,214,954,198,214,954,1
214,199,925,214,199,925,214,199,925,1
199,125,876,199,125,876,199,125,876,-1
125,271,1338,125,271,1338,125,271,1338,1
271,263,1005,271,263,1005,271,263,1005,1
263,214,1004,263,214,1004,263,214,1004,-1
214,195,951,214,195,951,214,195,951,1
195,153,806,195,153,806,195,153,806,1
153,250,984,153,250,984,153,250,984,1
250,279,947,250,279,947,250,279,947,1
279,282,966,279,282,966,279,282,966,1
282,301,977,282,301,977,282,301,977,1
301,185,877,301,185,877,301,185,877,1
185,217,852,185,217,852,185,217,852,1
217,125,783,217,125,783,217,125,783,1
125,207,928,125,207,928,125,207,928,1
207,197,823,207,197,823,207,197,823,1
197,199,841,197,199,841,197,199,841,1
199,311,990,199,311,990,199,311,990,1
311,256,992,311,256,992,311,256,992,1
256,258,955,256,258,955,256,258,955,1
258,207,889,258,207,889,258,207,889,1
207,123,782,207,123,782,207,123,782,1
123,264,952,123,264,952,123,264,952,1
264,236,902,264,236,902,264,236,902,1
236,241,909,236,241,909,236,241,909,1
241,220,886,241,220,886,241,220,886,1
220,142,801,220,142,801,220,142,801,1
142,216,926,142,216,926,142,216,926,1
216,293,993,216,293,993,216,293,993,1
293,276,1087,293,276,1087,293,276,1087,1
276,209,1056,276,209,1056,276,209,1056,1
209,200,1267,209,200,1267,209,200,1267,1
200,203,916,200,203,916,200,203,916,1
203,213,775,203,213,775,203,213,775,1
213,156,755,213,156,755,213,156,755,1
156,239,890,156,239,890,156,239,890,1
239,240,914,239,240,914,239,240,914,1
240,245,904,240,245,904,240,245,904,1
245,282,903,245,282,903,245,282,903,1
282,194,844,282,194,844,282,194,844,1
194,192,757,194,192,757,194,192,757,-1
192,244,908,192,244,908,192,244,908,1
244,234,912,244,234,912,244,234,912,1
234,244,941,234,244,941,234,244,941,1
244,270,992,244,270,992,244,270,992,1
270,219,982,270,219,982,270,219,982,1
219,262,1332,219,262,1332,219,262,1332,1
262,278,967,262,278,967,262,278,967,1
278,191,900,278,191,900,278,191,900,1
191,270,876,191,270,876,191,270,876,1
270,266,932,270,266,932,270,266,932,1
266,240,963,266,240,963,266,240,963,1
240,200,911,240,200,911,240,200,911,1
200,213,796,200,213,796,200,213,796,1
213,145,815,213,145,815,213,145,815,1
145,213,933,145,213,933,145,213,933,1
213,211,923,213,211,923,213,211,923,1
211,176,790,211,176,790,211,176,790,-1
176,253,938,176,253,938,176,253,938,1
253,246,960,253,246,960,253,246,960,1
246,200,982,246,200,982,246,200,982,1
200,136,896,200,136,896,200,136,896,1
136,270,994,136,270,994,136,270,994,1
270,229,996,270,229,996,270,229,996,-1
229,183,960,229,183,960,229,183,960,1
183,179,887,183,179,887,183,179,887,1
179,221,799,179,221,799,179,221,799,-1
221,165,780,221,165,780,221,165,780,1
165,226,922,165,226,922,165,226,922,1
226,192,1001,226,192,1001,226,192,1001,1
192,187,911,192,187,911,192,187,911,1
187,209,836,187,209,836,187,209,836,1
209,208,823,209,208,823,209,208,823,1
208,207,1008,208,207,1008,208,207,1008,1
207,184,924,207,184,924,207,184,924,1
184,125,830,184,125,830,184,125,830,1
125,180,996,125,180,996,125,180,996,1
180,128,902,180,128,902,180,128,902,1
128,195,994,128,195,994,128,195,994,1
195,177,858,195,177,858,195,177,858,1
177,125,773,177,125,773,177,125,773,1
125,212,968,125,212,968,125,212,968,1
212,287,1297,212,287,1297,212,287,1297,1
287,261,976,287,261,976,287,261,976,1
261,230,959,261,230,959,261,230,959,1
230,274,1000,230,274,1000,230,274,1000,1
274,187,1033,274,187,1033,274,187,1033,1
187,194,952,187,194,952,187,194,952,1
194,172,837,194,172,837,194,172,837,1
172,289,1002,172,289,1002,172,289,1002,1
289,286,1034,289,286,1034,289,286,1034,1
286,235,1039,286,235,1039,286,235,1039,1
235,191,973,235,191,973,235,191,973,1
191,187,809,191,187,809,191,187,809,1
187,211,944,187,211,944,187,211,944,1
211,188,908,211,188,908,211,188,908,1
188,186,789,188,186,789,188,186,789,1
186,307,956,186,307,956,186,307,956,1
307,239,928,307,239,928,307,239,928,1
239,309,955,239,309,955,239,309,955,1
309,298,964,309,298,964,309,298,964,1
298,307,945,298,307,945,298,307,945,1
307,282,1004,307,282,1004,307,282,1004,1
282,194,974,282,194,974,282,194,974,1
194,208,923,194,208,923,194,208,923,1
208,140,783,208,140,783,208,140,783,1
140,241,954,140,241,954,140,241,954,1
241,276,960,241,276,960,241,276,960,1
276,190,938,276,190,938,276,190,938,1
190,123,909,190,123,909,190,123,909,1
123,249,960,123,249,960,123,249,960,1
249,185,926,249,185,926,249,185,926,1
185,227,883,185,227,883,185,227,883,1
227,185,827,227,185,827,227,185,827,1
185,291,1029,185,291,1029,185,291,1029,1
291,246,1070,291,246,1070,291,246,1070,1
246,182,991,246,182,991,246,182,991,1
182,158,855,182,158,855,182,158,855,1
158,196,980,158,196,980,158,196,980,1
196,223,925,196,223,925,196,223,925,1
223,211,767,223,211,767,223,211,767,1
211,140,844,211,140,844,211,140,844,1
140,244,891,140,244,891,140,244,891,1
244,252,895,244,252,895,244,252,895,1
252,149,840,252,149,840,252,149,840,1
149,236,896,149,236,896,149,236,896,1
236,205,847,236,205,847,236,205,847,1
205,143,732,205,143,732,205,143,732,1
143,195,849,143,195,849,143,195,849,1
195,288,921,195,288,921,195,288,921,1
288,250,964,288,250,964,288,250,964,1
250,186,928,250,186,928,250,186,928,1
186,133,812,186,133,812,186,133,812,1
133,195,1000,133,195,1000,133,195,1000,1
195,192,997,195,192,997,195,192,997,1
192,204,905,192,204,905,192,204,905,1
204,193,1074,204,193,1074,204,193,1074,1
193,203,969,193,203,969,193,203,969,1
203,198,792,203,198,792,203,198,792,1
198,209,908,198,209,908,198,209,908,1
209,187,854,209,187,854,209,187,854,1
187,196,682,187,196,682,187,196,682,1
196,297,827,196,297,827,196,297,827,1
297,248,910,297,248,910,297,248,910,1
248,160,889,248,160,889,248,160,889,1
160,217,957,160,217,957,160,217,957,1
217,246,919,217,246,919,217,246,919,1
246,267,913,246,267,913,246,267,913,1
267,209,905,267,209,905,267,209,905,1
209,188,858,209,188,858,209,188,858,-1
188,182,726,188,182,726,188,182,726,1
182,282,925,182,282,925,182,282,925,1
282,291,900,282,291,900,282,291,900,1
291,299,923,291,299,923,291,299,923,1
299,286,967,299,286,967,299,286,967,1
286,259,944,286,259,944,286,259,944,-1
259,187,1039,259,187,1039,259,187,1039,1
187,140,1095,187,140,1095,187,140,1095,1
140,229,1160,140,229,1160,140,229,1160,1
229,189,1053,229,189,1053,229,189,1053,1
189,139,871,189,139,871,189,139,871,1
139,252,1013,139,252,1013,139,252,1013,1
252,138,1010,252,138,1010,252,138,1010,1
138,311,1033,138,311,1033,138,311,1033,1
311,245,988,311,245,988,311,245,988,-1
245,226,896,245,226,896,245,226,896,1
226,186,859,226,186,859,226,186,859,1
186,169,772,186,169,772,186,169,772,-1
169,263,814,169,263,814,169,263,814,1
263,225,869,263,225,869,263,225,869,1
225,210,860,225,210,860,225,210,860,1
210,226,814,210,226,814,210,226,814,1
226,141,853,226,141,853,226,141,853,1
141,231,995,141,231,995,141,231,995,1
231,207,897,231,207,897,231,207,897,1
207,173,751,207,173,751,207,173,751,1
173,212,918,173,212,918,173,212,918,1
212,203,885,212,203,885,212,203,885,1
203,177,768,203,177,768,203,177,768,1
177,258,925,177,258,925,177,258,925,1
258,277,908,258,277,908,258,277,908,1
277,247,899,277,247,899,277,247,899,1
247,196,856,247,196,856,247,196,856,1
196,192,737,196,192,737,196,192,737,1
192,143,640,192,143,640,192,143,640,1
143,216,851,143,216,851,143,216,851,1
216,189,766,216,189,766,216,189,766,-1
189,226,911,189,226,911,189,226,911,1
226,173,1316,226,173,1316,226,173,1316,1
173,212,902,173,212,902,173,212,902,1
212,210,834,212,210,834,212,210,834,1
210,304,1022,210,304,1022,210,304,1022,1
304,220,1030,304,220,1030,304,220,1030,1
220,186,952,220,186,952,220,186,952,1
186,152,844,186,152,844,186,152,844,1
152,238,1018,152,238,1018,152,238,1018,1
238,193,984,238,193,984,238,193,984,1
193,145,855,193,145,855,193,145,855,1
145,177,1028,145,177,1028,145,177,1028,1
177,229,937,177,229,937,177,229,937,1
229,192,821,229,192,821,229,192,821,1
192,240,1014,192,240,1014,192,240,1014,1
240,203,977,240,203,977,240,203,977,1
203,156,859,203,156,859,203,156,859,1
156,217,993,156,217,993,156,217,993,1
217,196,907,217,196,907,217,196,907,1
196,168,767,196,168,767,196,168,767,1
168,224,929,168,224,929,168,224,929,1
224,192,866,224,192,866,224,192,866,1
192,222,736,192,222,736,192,222,736,1
222,176,753,222,176,753,222,176,753,1
176,215,901,176,215,901,176,215,901,1
215,157,880,215,157,880,215,157,880,1
157,230,925,157,230,925,157,230,925,1
230,146,837,230,146,837,230,146,837,1
146,139,822,146,139,822,146,139,822,1
139,191,807,139,191,807,139,191,807,1
191,184,687,191,184,687,191,184,687,1
184,201,872,184,201,872,184,201,872,1
201,206,856,201,206,856,201,206,856,1
206,176,758,206,176,758,206,176,758,1
176,267,931,176,267,931,176,267,931,1
267,181,962,267,181,962,267,181,962,1
181,204,904,181,204,904,181,204,904,1
204,167,788,204,167,788,204,167,788,1
167,219,980,167,219,980,167,219,980,1
219,202,923,219,202,923,219,202,923,1
202,172,791,202,172,791,202,172,791,1
172,192,903,172,192,903,172,192,903,1
192,228,765,192,228,765,192,228,765,1
228,234,924,228,234,924,228,234,924,1
234,216,974,234,216,974,234,216,974,1
216,217,997,216,217,997,216,217,997,1
217,189,929,217,189,929,217,189,929,1
189,170,829,189,170,829,189,170,829,1
170,262,1018,170,262,1018,170,262,1018,1
262,182,976,262,182,976,262,182,976,1
182,195,932,182,195,932,182,195,932,1
195,132,853,195,132,853,195,132,853,1
132,253,1027,132,253,1027,132,253,1027,1
253,209,997,253,209,997,253,209,997,1
209,250,1323,209,250,1323,209,250,1323,1
250,212,946,250,212,946,250,212,946,1
212,241,986,212,241,986,212,241,986,1
241,193,958,241,193,958,241,193,958,1
193,206,893,193,206,893,193,206,893,1
206,155,766,206,155,766,206,155,766,1
155,225,933,155,225,933,155,225,933,1
225,231,917,225,231,917,225,231,917,1
231,142,802,231,142,802,231,142,802,1
142,199,893,142,199,893,142,199,893,1
199,305,942,199,305,942,199,305,942,1
305,245,895,305,245,895,305,245,895,1
245,191,890,245,191,890,245,191,890,1
191,234,901,191,234,901,191,234,901,1
234,151,871,234,151,871,234,151,871,1
151,291,949,151,291,949,151,291,949,1
291,234,923,291,234,923,291,234,923,1
234,182,875,234,182,875,234,182,875,1
182,191,765,182,191,765,182,191,765,1
191,190,789,191,190,789,191,190,789,1
190,289,949,190,289,949,190,289,949,1
289,264,959,289,264,959,289,264,959,1
264,217,965,264,217,965,264,217,965,1
217,196,1302,217,196,1302,217,196,1302,1
196,148,908,196,148,908,196,148,908,1
148,199,956,148,199,956,148,199,956,1
199,267,1003,199,267,1003,199,267,1003,1
267,196,1005,267,196,1005,267,196,1005,-1
196,207,944,196,207,944,196,207,944,1
207,174,821,207,174,821,207,174,821,1
174,213,977,174,213,977,174,213,977,1
213,233,1357,213,233,1357,213,233,1357,1
233,124,946,233,124,946,233,124,946,1
124,226,987,124,226,987,124,226,987,1
226,184,940,226,184,940,226,184,940,1
184,194,825,184,194,825,184,194,825,1
194,125,732,194,125,732,194,125,732,1
125,229,939,125,229,939,125,229,939,1
229,196,871,229,196,871,229,196,871,1
196,236,1068,196,236,1068,196,236,1068,1
236,186,1077,236,186,1077,236,186,1077,1
186,126,942,186,126,942,186,126,942,1
126,182,1035,126,182,1035,126,182,1035,1
182,180,875,182,180,875,182,180,875,1
180,205,974,180,205,974,180,205,974,1
205,207,900,205,207,900,205,207,900,1
207,214,744,207,214,744,207,214,744,1
214,174,732,214,174,732,214,174,732,1
174,284,884,174,284,884,174,284,884,1
284,255,924,284,255,924,284,255,924,1
255,235,880,255,235,880,255,235,880,1
235,193,921,235,193,921,235,193,921,1
193,150,844,193,150,844,193,150,844,1
150,208,915,150,208,915,150,208,915,1
208,138,874,208,138,874,208,138,874,1
138,262,900,138,262,900,138,262,900,1
262,187,956,262,187,956,262,187,956,1
187,210,884,187,210,884,187,210,884,1
210,177,784,210,177,784,210,177,784,1
177,214,950,177,214,950,177,214,950,1
214,241,955,214,241,955,214,241,955,1
241,196,971,241,196,971,241,196,971,1
196,130,907,196,130,907,196,130,907,1
130,225,935,130,225,935,130,225,935,1
225,121,899,225,121,899,225,121,899,1
121,322,989,121,322,989,121,322,989,1
322,297,954,322,297,954,322,297,954,1
297,251,946,297,251,946,297,251,946,1
251,196,939,251,196,939,251,196,939,1
196,183,923,196,183,923,196,183,923,1
183,285,1175,183,285,1175,183,285,1175,1
285,191,1105,285,191,1105,285,191,1105,1
191,127,997,191,127,997,191,127,997,1
127,211,976,127,211,976,127,211,976,1
211,186,896,211,186,896,211,186,896,1
186,178,734,186,178,734,186,178,734,1
178,314,847,178,314,847,178,314,847,1
314,285,838,314,285,838,314,285,838,1
285,280,920,285,280,920,285,280,920,1
280,226,1020,280,226,1020,280,226,1020,1
226,228,1016,226,228,1016,226,228,1016,1
228,287,896,228,287,896,228,287,896,1
287,220,832,287,220,832,287,220,832,1
220,225,833,220,225,833,220,225,833,1
225,220,706,225,220,706,225,220,706,1
220,169,716,220,169,716,220,169,716,1
169,257,901,169,257,901,169,257,901,1
257,232,1002,257,232,1002,257,232,1002,1
232,215,992,232,215,992,232,215,992,1
215,191,889,215,191,889,215,191,889,1
191,188,728,191,188,728,191,188,728,1
188,194,863,188,194,863,188,194,863,1
194,202,811,194,202,811,194,202,811,1
202,148,703,202,148,703,202,148,703,1
148,211,860,148,211,860,148,211,860,1
211,251,955,211,251,955,211,251,955,1
251,260,957,251,260,957,251,260,957,1
260,193,1051,260,193,1051,260,193,1051,1
193,201,1022,193,201,1022,193,201,1022,1
201,163,863,201,163,863,201,163,863,1
163,279,992,163,279,992,163,279,992,1
279,196,924,279,196,924,279,196,924,1
196,199,934,196,199,934,196,199,934,1
199,213,806,199,213,806,199,213,806,1
213,150,814,213,150,814,213,150,814,1
150,201,902,150,201,902,150,201,902,1
201,171,807,201,171,807,201,171,807,1
171,196,941,171,196,941,171,196,941,1
196,190,917,196,190,917,196,190,917,1
190,160,789,190,160,789,190,160,789,1
160,209,939,160,209,939,160,209,939,1
209,207,893,209,207,893,209,207,893,1
207,169,786,207,169,786,207,169,786,1
169,233,953,169,233,953,169,233,953,1
233,180,991,233,180,991,233,180,991,1
180,155,909,180,155,909,180,155,909,1
155,195,963,155,195,963,155,195,963,1
195,210,902,195,210,902,195,210,902,1
210,179,797,210,179,797,210,179,797,1
179,252,957,179,252,957,179,252,957,1
252,259,942,252,259,942,252,259,942,1
259,204,919,259,204,919,259,204,919,1
204,211,865,204,211,865,204,211,865,1
211,228,759,211,228,759,211,228,759,1
228,271,933,228,271,933,228,271,933,1
271,202,940,271,202,940,271,202,940,1
202,207,1003,202,207,1003,202,207,1003,1
207,177,944,207,177,944,207,177,944,1
177,262,1082,177,262,1082,177,262,1082,1
262,212,1049,262,212,1049,262,212,1049,1
212,238,1002,212,238,1002,212,238,1002,1
238,269,1042,238,269,1042,238,269,1042,1
269,201,1115,269,201,1115,269,201,1115,1
201,194,1076,201,194,1076,201,194,1076,1
194,124,899,194,124,899,194,124,899,1
124,223,1014,124,223,1014,124,223,1014,1
223,258,997,223,258,997,223,258,997,1
258,187,939,258,187,939,258,187,939,1
187,202,863,187,202,863,187,202,863,1
202,127,697,202,127,697,202,127,697,1
127,302,856,127,302,856,127,302,856,1
302,225,804,302,225,804,302,225,804,1
225,123,761,225,123,761,225,123,761,1
123,193,912,123,193,912,123,193,912,1
193,171,868,193,171,868,193,171,868,1
171,187,1001,171,187,1001,171,187,1001,1
187,177,844,187,177,844,187,177,844,1
177,182,931,177,182,931,177,182,931,1
182,197,754,182,197,754,182,197,754,1
197,252,619,197,252,619,197,252,619,1
252,121,856,252,121,856,252,121,856,1
121,192,694,121,192,694,121,192,694,1
192,158,695,192,158,695,192,158,695,1
158,296,880,158,296,880,158,296,880,1
296,245,925,296,245,925,296,245,925,1
245,223,938,245,223,938,245,223,938,1
223,248,1379,223,248,1379,223,248,1379,1
248,275,1037,248,275,1037,248,275,1037,1
275,256,1027,275,256,1027,275,256,1027,1
256,280,995,256,280,995,256,280,995,1
280,247,1008,280,247,1008,280,247,1008,1
247,261,1014,247,261,1014,247,261,1014,1
261,226,1017,261,226,1017,261,226,1017,1
226,288,1019,226,288,1019,226,288,1019,1
288,204,960,288,204,960,288,204,960,1
204,288,1244,204,288,1244,204,288,1244,1
288,235,997,288,235,997,288,235,997,1
235,193,936,235,193,936,235,193,936,1
193,134,784,193,134,784,193,134,784,1
134,291,1304,134,291,1304,134,291,1304,1
291,269,965,291,269,965,291,269,965,1
269,297,976,269,297,976,269,297,976,1
297,207,963,297,207,963,297,207,963,1
207,296,957,207,296,957,207,296,957,1
296,287,903,296,287,903,296,287,903,1
287,222,888,287,222,888,287,222,888,1
222,180,909,222,180,909,222,180,909,1
180,233,863,180,233,863,180,233,863,1
233,220,793,233,220,793,233,220,793,1
220,159,796,220,159,796,220,159,796,1
159,212,960,159,212,960,159,212,960,1
212,193,869,212,193,869,212,193,869,1
193,173,764,193,173,764,193,173,764,1
173,309,975,173,309,975,173,309,975,1
309,186,988,309,186,988,309,186,988,1
186,186,918,186,186,918,186,186,918,1
186,222,850,186,222,850,186,222,850,1
222,167,896,222,167,896,222,167,896,1
167,266,1027,167,266,1027,167,266,1027,1
266,276,1007,266,276,1007,266,276,1007,1
276,212,1061,276,212,1061,276,212,1061,1
212,258,1359,212,258,1359,212,258,1359,1
258,263,967,258,263,967,258,263,967,1
263,239,989,263,239,989,263,239,989,1
239,185,990,239,185,990,239,185,990,-1
185,201,947,185,201,947,185,201,947,-1
201,202,879,201,202,879,201,202,879,1
202,244,1056,202,244,1056,202,244,1056,1
244,213,1202,244,213,1202,244,213,1202,-1
213,175,1185,213,175,1185,213,175,1185,1
175,182,1068,175,182,1068,175,182,1068,-1
182,361,1039,182,361,1039,182,361,1039,1
361,220,944,361,220,944,361,220,944,1
220,241,934,220,241,934,220,241,934,1
241,276,974,241,276,974,241,276,974,-1
276,296,876,276,296,876,276,296,876,1
296,197,888,296,197,888,296,197,888,-1
197,157,848,197,157,848,197,157,848,1
157,228,891,157,228,891,157,228,891,1
228,152,832,228,152,832,228,152,832,1
152,188,908,152,188,908,152,188,908,1
188,199,849,188,199,849,188,199,849,1
199,211,761,199,211,761,199,211,761,-1
211,195,792,211,195,792,211,195,792,1
195,236,904,195,236,904,195,236,904,1
236,234,889,236,234,889,236,234,889,1
234,213,867,234,213,867,234,213,867,1
213,177,1001,213,177,1001,213,177,1001,-1
177,191,1142,177,191,1142,177,191,1142,1
191,191,1023,191,191,1023,191,191,1023,1
191,217,971,191,217,971,191,217,971,1
217,152,872,217,152,872,217,152,872,1
152,277,877,152,277,877,152,277,877,1
277,304,938,277,304,938,277,304,938,1
304,265,923,304,265,923,304,265,923,1
265,231,898,265,231,898,265,231,898,1
231,247,902,231,247,902,231,247,902,1
247,264,916,247,264,916,247,264,916,1
264,228,897,264,228,897,264,228,897,1
228,258,955,228,258,955,228,258,955,1
258,322,926,258,322,926,258,322,926,1
322,281,965,322,281,965,322,281,965,1
281,278,1060,281,278,1060,281,278,1060,1
278,184,1077,278,184,1077,278,184,1077,1
184,178,974,184,178,974,184,178,974,1
178,275,1064,178,275,1064,178,275,1064,1
275,181,1054,275,181,1054,275,181,1054,1
181,123,980,181,123,980,181,123,980,1
123,225,984,123,225,984,123,225,984,1
225,207,884,225,207,884,225,207,884,1
207,202,723,207,202,723,207,202,723,1
202,276,891,202,276,891,202,276,891,-1
276,315,842,276,315,842,276,315,842,1
315,257,864,315,257,864,315,257,864,1
257,206,929,257,206,929,257,206,929,1
206,187,976,206,187,976,206,187,976,1
187,189,890,187,189,890,187,189,890,1
189,227,1023,189,227,1023,189,227,1023,1
227,205,898,227,205,898,227,205,898,1
205,214,793,205,214,793,205,214,793,1
214,170,829,214,170,829,214,170,829,1
170,282,947,170,282,947,170,282,947,1
282,267,903,282,267,903,282,267,903,1
267,216,864,267,216,864,267,216,864,1
216,226,827,216,226,827,216,226,827,1
226,172,749,226,172,749,226,172,749,1
172,211,922,172,211,922,172,211,922,1
211,198,882,211,198,882,211,198,882,1
198,144,810,198,144,810,198,144,810,1
144,255,962,144,255,962,144,255,962,1
255,245,1077,255,245,1077,255,245,1077,1
245,337,1067,245,337,1067,245,337,1067,1
337,181,1019,337,181,1019,337,181,1019,1
181,136,921,181,136,921,181,136,921,1
136,272,946,136,272,946,136,272,946,1
272,198,872,272,198,872,272,198,872,1
198,149,773,198,149,773,198,149,773,1
149,314,970,149,314,970,149,314,970,1
314,200,932,314,200,932,314,200,932,1
200,197,897,200,197,897,200,197,897,1
197,252,953,197,252,953,197,252,953,1
252,219,1003,252,219,1003,252,219,1003,-1
219,312,1009,219,312,1009,219,312,1009,1
312,275,1099,312,275,1099,312,275,1099,1
275,207,1125,275,207,1125,275,207,1125,-1
207,215,1108,207,215,1108,207,215,1108,1
215,222,957,215,222,957,215,222,957,1
222,180,790,222,180,790,222,180,790,-1
180,258,947,180,258,947,180,258,947,1
258,197,873,258,197,873,258,197,873,1
197,143,732,197,143,732,197,143,732,-1
143,274,857,143,274,857,143,274,857,1
274,237,848,274,237,848,274,237,848,1
237,215,836,237,215,836,237,215,836,-1
215,176,709,215,176,709,215,176,709,1
176,127,801,176,127,801,176,127,801,1
127,231,819,127,231,819,127,231,819,-1
231,165,723,231,165,723,231,165,723,1
165,272,922,165,272,922,165,272,922,1
272,205,957,272,205,957,272,205,957,-1
205,223,924,205,223,924,205,223,924,1
223,140,825,223,140,825,223,140,825,1
140,232,1011,140,232,1011,140,232,1011,1
232,310,1087,232,310,1087,232,310,1087,1
310,275,1181,310,275,1181,310,275,1181,1
275,223,1106,275,223,1106,275,223,1106,1
223,210,976,223,210,976,223,210,976,1
210,283,1220,210,283,1220,210,283,1220,-1
283,199,850,283,199,850,283,199,850,1
199,206,740,199,206,740,199,206,740,1
206,122,752,206,122,752,206,122,752,-1
122,127,855,122,127,855,122,127,855,1
127,209,930,127,209,930,127,209,930,1
209,229,1020,209,229,1020,209,229,1020,1
229,259,1067,229,259,1067,229,259,1067,1
259,264,1093,259,264,1093,259,264,1093,1
264,227,1053,264,227,1053,264,227,1053,-1
227,198,950,227,198,950,227,198,950,1
198,201,858,198,201,858,198,201,858,1
201,146,710,201,146,710,201,146,710,-1
146,179,888,146,179,888,146,179,888,1
179,224,771,179,224,771,179,224,771,1
224,172,684,224,172,684,224,172,684,-1
172,248,855,172,248,855,172,248,855,1
248,235,894,248,235,894,248,235,894,1
235,233,871,235,233,871,235,233,871,-1
233,218,834,233,218,834,233,218,834,1
218,282,919,218,282,919,218,282,919,1
282,222,937,282,222,937,282,222,937,-1
222,208,935,222,208,935,222,208,935,1
208,207,911,208,207,911,208,207,911,1
207,157,823,207,157,823,207,157,823,-1
157,279,990,157,279,990,157,279,990,1
279,233,960,279,233,960,279,233,960,1
233,283,910,233,283,910,233,283,910,-1
283,208,903,283,208,903,283,208,903,1
208,210,947,208,210,947,208,210,947,1
210,233,957,210,233,957,210,233,957,-1
233,129,871,233,129,871,233,129,871,1
129,187,1077,129,187,1077,129,187,1077,1
187,210,970,187,210,970,187,210,970,-1
210,198,838,210,198,838,210,198,838,1
198,219,1007,198,219,1007,198,219,1007,1
219,307,971,219,307,971,219,307,971,-1
307,228,979,307,228,979,307,228,979,1
228,183,998,228,183,998,228,183,998,1
183,156,947,183,156,947,183,156,947,-1
156,327,962,156,327,962,156,327,962,1
327,202,978,327,202,978,327,202,978,1
202,221,913,202,221,913,202,221,913,-1
221,157,773,221,157,773,221,157,773,1
157,351,941,157,351,941,157,351,941,1
351,185,977,351,185,977,351,185,977,-1
185,133,898,185,133,898,185,133,898,1
133,209,908,133,209,908,133,209,908,1
209,181,916,209,181,916,209,181,916,-1
181,157,844,181,157,844,181,157,844,1
157,223,1007,157,223,1007,157,223,1007,1
223,217,1167,223,217,1167,223,217,1167,-1
217,208,1071,217,208,1071,217,208,1071,1
208,199,885,208,199,885,208,199,885,1
199,209,843,199,209,843,199,209,843,-1
209,315,897,209,315,897,209,315,897,1
315,217,854,315,217,854,315,217,854,1
217,199,808,217,199,808,217,199,808,-1
199,192,685,199,192,685,199,192,685,1
192,211,730,192,211,730,192,211,730,1
211,233,895,211,233,895,211,233,895,-1
233,221,937,233,221,937,233,221,937,1
221,220,884,221,220,884,221,220,884,-1
220,152,852,220,152,852,220,152,852,1
152,212,1055,152,212,1055,152,212,1055,-1
212,121,1164,212,121,1164,212,121,1164,1
121,209,1006,121,209,1006,121,209,1006,1
209,171,944,209,171,944,209,171,944,-1
171,237,1004,171,237,1004,171,237,1004,1
237,273,1005,237,273,1005,237,273,1005,1
273,209,1136,273,209,1136,273,209,1136,-1
209,215,1091,209,215,1091,209,215,1091,1
215,219,998,215,219,998,215,219,998,-1
219,225,872,219,225,872,219,225,872,1
225,188,678,225,188,678,225,188,678,1
188,309,792,188,309,792,188,309,792,-1
309,281,842,309,281,842,309,281,842,1
281,227,889,281,227,889,281,227,889,1
227,257,939,227,257,939,227,257,939,-1
257,217,981,257,217,981,257,217,981,1
217,210,892,217,210,892,217,210,892,1
210,191,719,210,191,719,210,191,719,-1
191,200,868,191,200,868,191,200,868,1
200,349,918,200,349,918,200,349,918,-1
349,264,991,349,264,991,349,264,991,1
264,240,993,264,240,993,264,240,993,1
240,209,1011,240,209,1011,240,209,1011,-1
209,194,980,209,194,980,209,194,980,1
194,213,961,194,213,961,194,213,961,1
213,199,956,213,199,956,213,199,956,-1
199,298,1008,199,298,1008,199,298,1008,1
298,273,906,298,273,906,298,273,906,-1
273,265,843,273,265,843,273,265,843,1
265,243,834,265,243,834,265,243,834,1
243,238,857,243,238,857,243,238,857,-1
238,204,875,238,204,875,238,204,875,1
204,130,828,204,130,828,204,130,828,1
130,217,911,130,217,911,130,217,911,-1
217,227,847,217,227,847,217,227,847,1
227,147,740,227,147,740,227,147,740,1
147,306,921,147,306,921,147,306,921,-1
306,322,952,306,322,952,306,322,952,1
322,330,997,322,330,997,322,330,997,1
330,265,1027,330,265,1027,330,265,1027,-1
265,244,1047,265,244,1047,265,244,1047,1
244,257,1061,244,257,1061,244,257,1061,1
257,218,959,257,218,959,257,218,959,-1
218,155,873,218,155,873,218,155,873,1
155,337,1087,155,337,1087,155,337,1087,1
337,196,1105,337,196,1105,337,196,1105,-1
196,341,990,196,341,990,196,341,990,1
341,205,843,341,205,843,341,205,843,1
205,279,843,205,279,843,205,279,843,-1
279,191,869,279,191,869,279,191,869,1
191,179,828,191,179,828,191,179,828,-1
179,194,731,179,194,731,179,194,731,1
194,141,799,194,141,799,194,141,799,-1
141,222,976,141,222,976,141,222,976,1
222,312,1088,222,312,1088,222,312,1088,-1
312,195,1119,312,195,1119,312,195,1119,1
195,183,1065,195,183,1065,195,183,1065,1
183,223,896,183,223,896,183,223,896,-1
223,300,1076,223,300,1076,223,300,1076,1
300,209,1142,300,209,1142,300,209,1142,1
209,184,1036,209,184,1036,209,184,1036,-1
184,211,990,184,211,990,184,211,990,1
211,178,870,211,178,870,211,178,870,-1
178,155,707,178,155,707,178,155,707,1
155,254,856,155,254,856,155,254,856,1
254,257,916,254,257,916,254,257,916,-1
257,127,901,257,127,901,257,127,901,1
127,184,1001,127,184,1001,127,184,1001,-1
184,209,879,184,209,879,184,209,879,1
209,207,758,209,207,758,209,207,758,-1
207,281,905,207,281,905,207,281,905,-1
281,190,929,281,190,929,281,190,929,1
190,134,846,190,134,846,190,134,846,-1
134,342,898,134,342,898,134,342,898,1
342,262,1007,342,262,1007,342,262,1007,1
262,198,1056,262,198,1056,262,198,1056,-1
198,227,1107,198,227,1107,198,227,1107,1
227,210,964,227,210,964,227,210,964,1
210,191,817,210,191,817,210,191,817,-1
191,214,824,191,214,824,191,214,824,1
214,292,940,214,292,940,214,292,940,1
292,220,972,292,220,972,292,220,972,-1
220,200,1006,220,200,1006,220,200,1006,1
200,193,1036,200,193,1036,200,193,1036,-1
193,187,917,193,187,917,193,187,917,1
187,155,774,187,155,774,187,155,774,-1
155,288,912,155,288,912,155,288,912,1
288,219,909,288,219,909,288,219,909,-1
219,286,955,219,286,955,219,286,955,1
286,216,983,286,216,983,286,216,983,-1
216,270,982,216,270,982,216,270,982,-1
270,193,889,270,193,889,270,193,889,1
193,231,946,193,231,946,193,231,946,-1
231,200,932,231,200,932,231,200,932,1
200,182,825,200,182,825,200,182,825,1
182,240,1002,182,240,1002,182,240,1002,-1
240,183,1073,240,183,1073,240,183,1073,1
183,219,1073,183,219,1073,183,219,1073,-1
219,205,954,219,205,954,219,205,954,1
205,273,1189,205,273,1189,205,273,1189,-1
273,238,1252,273,238,1252,273,238,1252,1
238,200,1091,238,200,1091,238,200,1091,1
200,180,844,200,180,844,200,180,844,-1
180,284,899,180,284,899,180,284,899,1
284,263,815,284,263,815,284,263,815,1
263,229,814,263,229,814,263,229,814,1
229,275,774,229,275,774,229,275,774,1
275,302,814,275,302,814,275,302,814,1
302,230,816,302,230,816,302,230,816,1
230,233,920,230,233,920,230,233,920,1
233,186,866,233,186,866,233,186,866,-1
186,199,797,186,199,797,186,199,797,1
199,338,1049,199,338,1049,199,338,1049,-1
338,219,1168,338,219,1168,338,219,1168,1
219,223,1049,219,223,1049,219,223,1049,-1
223,128,839,223,128,839,223,128,839,1
128,232,926,128,232,926,128,232,926,-1
232,147,760,232,147,760,232,147,760,-1
147,236,929,147,236,929,147,236,929,1
236,246,919,236,246,919,236,246,919,1
246,284,894,246,284,894,246,284,894,1
284,260,945,284,260,945,284,260,945,1
260,318,886,260,318,886,260,318,886,1
318,196,961,318,196,961,318,196,961,1
196,132,865,196,132,865,196,132,865,1
132,217,945,132,217,945,132,217,945,1
217,326,980,217,326,980,217,326,980,1
326,184,1088,326,184,1088,326,184,1088,1
184,195,966,184,195,966,184,195,966,1
195,206,822,195,206,822,195,206,822,1
206,261,998,206,261,998,206,261,998,1
261,247,1147,261,247,1147,261,247,1147,1
247,194,1150,247,194,1150,247,194,1150,-1
194,214,1087,194,214,1087,194,214,1087,1
214,180,865,214,180,865,214,180,865,1
180,237,983,180,237,983,180,237,983,1
237,228,950,237,228,950,237,228,950,1
228,265,951,228,265,951,228,265,951,1
265,237,1106,265,237,1106,265,237,1106,1
237,128,1027,237,128,1027,237,128,1027,1
128,152,966,128,152,966,128,152,966,1
152,215,969,152,215,969,152,215,969,-1
215,247,877,215,247,877,215,247,877,1
247,130,745,247,130,745,247,130,745,1
130,197,803,130,197,803,130,197,803,1
197,299,779,197,299,779,197,299,779,1
299,184,713,299,184,713,299,184,713,1
184,205,609,184,205,609,184,205,609,1
205,211,770,205,211,770,205,211,770,1
211,161,732,211,161,732,211,161,732,1
161,168,746,161,168,746,161,168,746,1
168,216,780,168,216,780,168,216,780,1
216,166,834,216,166,834,216,166,834,-1
166,254,931,166,254,931,166,254,931,1
254,195,942,254,195,942,254,195,942,-1
195,130,973,195,130,973,195,130,973,1
130,286,1242,130,286,1242,130,286,1242,-1
286,186,1237,286,186,1237,286,186,1237,1
186,183,998,186,183,998,186,183,998,1
183,260,1043,183,260,1043,183,260,1043,1
260,224,976,260,224,976,260,224,976,1
224,193,891,224,193,891,224,193,891,-1
193,155,741,193,155,741,193,155,741,1
155,193,825,155,193,825,155,193,825,1
193,167,683,193,167,683,193,167,683,1
167,262,874,167,262,874,167,262,874,-1
262,190,835,262,190,835,262,190,835,1
190,126,732,190,126,732,190,126,732,1
126,192,854,126,192,854,126,192,854,-1
192,184,880,192,184,880,192,184,880,1
184,121,965,184,121,965,184,121,965,-1
121,179,796,121,179,796,121,179,796,1
179,233,1013,179,233,1013,179,233,1013,-1
233,188,969,233,188,969,233,188,969,1
188,183,845,188,183,845,188,183,845,-1
183,279,1021,183,279,1021,183,279,1021,1
279,121,1024,279,121,1024,279,121,1024,-1
121,140,856,121,140,856,121,140,856,1
140,126,958,140,126,958,140,126,958,1
126,150,948,126,150,948,126,150,948,1
150,242,1012,150,242,1012,150,242,1012,-1
242,196,995,242,196,995,242,196,995,1
196,131,859,196,131,859,196,131,859,1
131,191,970,131,191,970,131,191,970,-1
191,161,825,191,161,825,191,161,825,1
161,299,980,161,299,980,161,299,980,1
299,243,973,299,243,973,299,243,973,-1
243,273,1018,243,273,1018,243,273,1018,1
273,265,1074,273,265,1074,273,265,1074,1
265,254,1018,265,254,1018,265,254,1018,1
254,224,963,254,224,963,254,224,963,-1
224,175,927,224,175,927,224,175,927,1
175,210,834,175,210,834,175,210,834,1
210,186,682,210,186,682,210,186,682,-1
186,231,863,186,231,863,186,231,863,1
231,281,881,231,281,881,231,281,881,1
281,297,887,281,297,887,281,297,887,1
297,217,962,297,217,962,297,217,962,1
217,204,893,217,204,893,217,204,893,-1
204,218,822,204,218,822,204,218,822,1
218,212,1023,218,212,1023,218,212,1023,-1
212,232,982,212,232,982,212,232,982,1
232,183,887,232,183,887,232,183,887,-1
183,224,1069,183,224,1069,183,224,1069,1
224,263,1178,224,263,1178,224,263,1178,-1
263,228,1144,263,228,1144,263,228,1144,-1
228,173,1107,228,173,1107,228,173,1107,1
173,208,950,173,208,950,173,208,950,1
208,189,715,208,189,715,208,189,715,1
189,197,867,189,197,867,189,197,867,1
197,248,827,197,248,827,197,248,827,1
248,272,841,248,272,841,248,272,841,1
272,216,842,272,216,842,272,216,842,1
216,229,1248,216,229,1248,216,229,1248,1
229,185,860,229,185,860,229,185,860,1
185,126,803,185,126,803,185,126,803,1
126,169,902,126,169,902,126,169,902,1
169,217,1004,169,217,1004,169,217,1004,1
217,251,1146,217,251,1146,217,251,1146,1
251,229,1158,251,229,1158,251,229,1158,1
229,204,1115,229,204,1115,229,204,1115,1
204,225,986,204,225,986,204,225,986,1
225,186,782,225,186,782,225,186,782,-1
186,172,777,186,172,777,186,172,777,1
172,194,905,172,194,905,172,194,905,1
194,192,980,194,192,980,194,192,980,1
192,220,918,192,220,918,192,220,918,1
220,145,845,220,145,845,220,145,845,1
145,245,970,145,245,970,145,245,970,1
245,236,859,245,236,859,245,236,859,1
236,225,818,236,225,818,236,225,818,1
225,207,784,225,207,784,225,207,784,1
207,186,649,207,186,649,207,186,649,1
186,216,672,186,216,672,186,216,672,1
216,278,819,216,278,819,216,278,819,1
278,280,885,278,280,885,278,280,885,1
280,261,890,280,261,890,280,261,890,1
261,254,893,261,254,893,261,254,893,1
254,315,912,254,315,912,254,315,912,1
315,250,894,315,250,894,315,250,894,1
250,216,912,250,216,912,250,216,912,1
216,188,866,216,188,866,216,188,866,1
188,185,785,188,185,785,188,185,785,1
185,269,955,185,269,955,185,269,955,1
269,257,1037,269,257,1037,269,257,1037,1
257,231,1024,257,231,1024,257,231,1024,1
231,261,1095,231,261,1095,231,261,1095,1
261,211,1194,261,211,1194,261,211,1194,-1
211,211,1103,211,211,1103,211,211,1103,1
211,219,890,211,219,890,211,219,890,1
219,243,914,219,243,914,219,243,914,1
243,254,899,243,254,899,243,254,899,1
254,191,832,254,191,832,254,191,832,1
191,242,698,191,242,698,191,242,698,1
242,207,837,242,207,837,242,207,837,1
207,123,956,207,123,956,207,123,956,1
123,123,756,123,123,756,123,123,756,1
123,188,892,123,188,892,123,188,892,1
188,128,776,188,128,776,188,128,776,1
128,317,941,128,317,941,128,317,941,1
317,123,1143,317,123,1143,317,123,1143,1
123,177,927,123,177,927,123,177,927,1
177,217,1051,177,217,1051,177,217,1051,-1
217,186,961,217,186,961,217,186,961,1
186,160,910,186,160,910,186,160,910,-1
160,291,924,160,291,924,160,291,924,1
291,266,850,291,266,850,291,266,850,1
266,279,794,266,279,794,266,279,794,1
279,121,863,279,121,863,279,121,863,1
121,172,653,121,172,653,121,172,653,1
172,247,857,172,247,857,172,247,857,1
247,121,810,247,121,810,247,121,810,1
121,162,827,121,162,827,121,162,827,-1
162,125,939,162,125,939,162,125,939,1
125,127,754,125,127,754,125,127,754,-1
127,186,913,127,186,913,127,186,913,1
186,173,794,186,173,794,186,173,794,-1
173,271,936,173,271,936,173,271,936,1
271,193,922,271,193,922,271,193,922,-1
193,192,966,193,192,966,193,192,966,1
192,140,955,192,140,955,192,140,955,-1
140,280,1103,140,280,1103,140,280,1103,1
280,214,1045,280,214,1045,280,214,1045,1
214,297,1011,214,297,1011,214,297,1011,1
297,243,974,297,243,974,297,243,974,1
243,205,1380,243,205,1380,243,205,1380,-1
205,218,1157,205,218,1157,205,218,1157,1
218,155,1098,218,155,1098,218,155,1098,1
155,210,1148,155,210,1148,155,210,1148,1
210,268,1313,210,268,1313,210,268,1313,1
268,264,957,268,264,957,268,264,957,1
264,235,934,264,235,934,264,235,934,1
235,327,893,235,327,893,235,327,893,1
327,213,982,327,213,982,327,213,982,-1
213,217,941,213,217,941,213,217,941,1
217,230,774,217,230,774,217,230,774,-1
230,215,826,230,215,826,230,215,826,1
215,122,840,215,122,840,215,122,840,-1
122,193,655,122,193,655,122,193,655,1
193,249,807,193,249,807,193,249,807,-1
249,151,743,249,151,743,249,151,743,1
151,146,753,151,146,753,151,146,753,-1
146,213,846,146,213,846,146,213,846,-1
213,205,847,213,205,847,213,205,847,1
205,126,768,205,126,768,205,126,768,-1
126,232,877,126,232,877,126,232,877,1
232,190,887,232,190,887,232,190,887,1
190,169,800,190,169,800,190,169,800,1
169,213,1079,169,213,1079,169,213,1079,1
213,144,1113,213,144,1113,213,144,1113,1
144,203,1072,144,203,1072,144,203,1072,1
203,125,1030,203,125,1030,203,125,1030,1
125,160,786,125,160,786,125,160,786,1
160,228,854,160,228,854,160,228,854,1
228,306,770,228,306,770,228,306,770,1
306,125,859,306,125,859,306,125,859,-1
125,174,654,125,174,654,125,174,654,1
174,258,888,174,258,888,174,258,888,-1
258,134,865,258,134,865,258,134,865,1
134,149,867,134,149,867,134,149,867,1
149,217,922,149,217,922,149,217,922,1
217,197,890,217,197,890,217,197,890,1
197,228,776,197,228,776,197,228,776,-1
228,199,925,228,199,925,228,199,925,1
199,123,1106,199,123,1106,199,123,1106,1
123,180,925,123,180,925,123,180,925,1
180,224,1095,180,224,1095,180,224,1095,1
224,310,991,224,310,991,224,310,991,-1
310,128,1003,310,128,1003,310,128,1003,1
128,174,786,128,174,786,128,174,786,-1
174,122,1000,174,122,1000,174,122,1000,1
122,185,801,122,185,801,122,185,801,-1
185,221,894,185,221,894,185,221,894,1
221,289,945,221,289,945,221,289,945,-1
289,122,954,289,122,954,289,122,954,-1
122,424,826,122,424,826,122,424,826,-1
424,121,1184,424,121,1184,424,121,1184,1
121,166,973,121,166,973,121,166,973,-1
166,199,1032,166,199,1032,166,199,1032,1
199,211,907,199,211,907,199,211,907,-1
211,149,689,211,149,689,211,149,689,-1
149,258,813,149,258,813,149,258,813,1
258,193,726,258,193,726,258,193,726,1
193,145,763,193,145,763,193,145,763,1
145,127,840,145,127,840,145,127,840,1
127,184,681,127,184,681,127,184,681,1
184,336,876,184,336,876,184,336,876,1
336,227,1011,336,227,1011,336,227,1011,1
227,125,1097,227,125,1097,227,125,1097,1
125,174,883,125,174,883,125,174,883,1
174,235,989,174,235,989,174,235,989,1
235,128,926,235,128,926,235,128,926,1
128,174,908,128,174,908,128,174,908,1
174,123,960,174,123,960,174,123,960,1
123,172,778,123,172,778,123,172,778,1
172,287,940,172,287,940,172,287,940,1
287,249,926,287,249,926,287,249,926,1
249,125,1065,249,125,1065,249,125,1065,1
125,164,837,125,164,837,125,164,837,1
164,256,1018,164,256,1018,164,256,1018,1
256,273,919,256,273,919,256,273,919,1
273,124,946,273,124,946,273,124,946,1
124,176,773,124,176,773,124,176,773,1
176,248,952,176,248,952,176,248,952,1
248,285,879,248,285,879,248,285,879,1
285,122,936,285,122,936,285,122,936,1
122,172,730,122,172,730,122,172,730,1
172,121,901,172,121,901,172,121,901,1
121,206,768,121,206,768,121,206,768,1
206,214,906,206,214,906,206,214,906,1
214,124,1010,214,124,1010,214,124,1010,1
124,154,841,124,154,841,124,154,841,1
154,199,1006,154,199,1006,154,199,1006,1
199,124,953,199,124,953,199,124,953,1
124,203,950,124,203,950,124,203,950,1
203,135,804,203,135,804,203,135,804,1
135,218,996,135,218,996,135,218,996,1
218,199,1141,218,199,1141,218,199,1141,1
199,172,983,199,172,983,199,172,983,1
172,122,1125,172,122,1125,172,122,1125,1
122,171,883,122,171,883,122,171,883,1
171,251,945,171,251,945,171,251,945,1
251,130,1016,251,130,1016,251,130,1016,1
130,168,808,130,168,808,130,168,808,1
168,219,963,168,219,963,168,219,963,1
219,133,893,219,133,893,219,133,893,1
133,171,870,133,171,870,133,171,870,1
171,132,884,171,132,884,171,132,884,1
132,219,706,132,219,706,132,219,706,1
219,211,843,219,211,843,219,211,843,1
211,126,934,211,126,934,211,126,934,1
126,162,695,126,162,695,126,162,695,1
162,317,905,162,317,905,162,317,905,1
317,206,819,317,206,819,317,206,819,1
206,130,931,206,130,931,206,130,931,1
130,171,718,130,171,718,130,171,718,1
171,125,936,171,125,936,171,125,936,1
125,185,761,125,185,761,125,185,761,1
185,147,913,185,147,913,185,147,913,1
147,199,1051,147,199,1051,147,199,1051,1
199,166,979,199,166,979,199,166,979,1
166,125,1112,166,125,1112,166,125,1112,1
125,149,931,125,149,931,125,149,931,1
149,267,992,149,267,992,149,267,992,1
267,126,983,267,126,983,267,126,983,1
126,225,713,126,225,713,126,225,713,1
225,197,897,225,197,897,225,197,897,1
197,125,1026,197,125,1026,197,125,1026,1
125,169,817,125,169,817,125,169,817,1
169,122,971,169,122,971,169,122,971,1
122,185,763,122,185,763,122,185,763,1
185,227,838,185,227,838,185,227,838,1
227,127,871,227,127,871,227,127,871,1
127,161,689,127,161,689,127,161,689,1
161,122,856,161,122,856,161,122,856,1
122,258,725,122,258,725,122,258,725,1
258,161,834,258,161,834,258,161,834,1
161,126,889,161,126,889,161,126,889,1
126,156,704,126,156,704,126,156,704,1
156,252,879,156,252,879,156,252,879,1
252,126,992,252,126,992,252,126,992,1
126,179,802,126,179,802,126,179,802,1
179,212,940,179,212,940,179,212,940,1
212,313,877,212,313,877,212,313,877,1
313,131,938,313,131,938,313,131,938,1
131,171,731,131,171,731,131,171,731,1
171,123,900,171,123,900,171,123,900,1
123,198,742,123,198,742,123,198,742,1
198,208,856,198,208,856,198,208,856,1
208,131,927,208,131,927,208,131,927,1
131,164,782,131,164,782,131,164,782,1
164,122,1079,164,122,1079,164,122,1079,1
122,150,1031,122,150,1031,122,150,1031,1
150,244,1150,150,244,1150,150,244,1150,1
244,127,1102,244,127,1102,244,127,1102,1
127,164,925,127,164,925,127,164,925,1
164,209,1085,164,209,1085,164,209,1085,1
209,310,998,209,310,998,209,310,998,1
310,129,882,310,129,882,310,129,882,1
129,171,613,129,171,613,129,171,613,1
171,224,786,171,224,786,171,224,786,1
224,132,722,224,132,722,224,132,722,1
132,177,732,132,177,732,132,177,732,1
177,135,844,177,135,844,177,135,844,1
135,169,620,135,169,620,135,169,620,1
169,126,822,169,126,822,169,126,822,1
126,393,706,126,393,706,126,393,706,1
393,130,1024,393,130,1024,393,130,1024,1
130,177,838,130,177,838,130,177,838,1
177,124,980,177,124,980,177,124,980,1
124,149,773,124,149,773,124,149,773,1
149,272,867,149,272,867,149,272,867,1
272,128,908,272,128,908,272,128,908,1
128,122,686,128,122,686,128,122,686,1
122,278,810,122,278,810,122,278,810,1
278,131,892,278,131,892,278,131,892,1
131,144,698,131,144,698,131,144,698,1
144,266,849,144,266,849,144,266,849,1
266,131,958,266,131,958,266,131,958,1
131,149,793,131,149,793,131,149,793,1
149,242,933,149,242,933,149,242,933,1
242,133,962,242,133,962,242,133,962,1
133,159,848,133,159,848,133,159,848,1
159,123,956,159,123,956,159,123,956,1
123,183,832,123,183,832,123,183,832,1
183,215,919,183,215,919,183,215,919,1
215,127,991,215,127,991,215,127,991,1
127,167,739,127,167,739,127,167,739,1
167,121,915,167,121,915,167,121,915,1
121,144,750,121,144,750,121,144,750,1
144,261,860,144,261,860,144,261,860,1
261,137,948,261,137,948,261,137,948,1
137,417,801,137,417,801,137,417,801,1
417,130,1001,417,130,1001,417,130,1001,1
130,155,821,130,155,821,130,155,821,1
155,124,978,155,124,978,155,124,978,1
124,223,828,124,223,828,124,223,828,1
223,177,936,223,177,936,223,177,936,1
177,131,998,177,131,998,177,131,998,1
131,178,795,131,178,795,131,178,795,-1
178,240,926,178,240,926,178,240,926,1
240,206,1001,240,206,1001,240,206,1001,1
206,272,1165,206,272,1165,206,272,1165,1
272,203,957,272,203,957,272,203,957,1
203,130,825,203,130,825,203,130,825,1
130,282,961,130,282,961,130,282,961,1
282,130,990,282,130,990,282,130,990,-1
130,152,893,130,152,893,130,152,893,-1
152,124,1190,152,124,1190,152,124,1190,1
124,164,1136,124,164,1136,124,164,1136,1
164,235,1201,164,235,1201,164,235,1201,1
235,131,1062,235,131,1062,235,131,1062,1
131,164,817,131,164,817,131,164,817,-1
164,123,906,164,123,906,164,123,906,1
123,396,695,123,396,695,123,396,695,1
396,133,790,396,133,790,396,133,790,-1
133,163,605,133,163,605,133,163,605,1
163,128,836,163,128,836,163,128,836,1
128,190,677,128,190,677,128,190,677,-1
190,207,819,190,207,819,190,207,819,1
207,126,918,207,126,918,207,126,918,1
126,200,743,126,200,743,126,200,743,-1
200,222,907,200,222,907,200,222,907,1
222,129,974,222,129,974,222,129,974,-1
129,141,821,129,141,821,129,141,821,1
141,197,965,141,197,965,141,197,965,-1
197,205,1008,197,205,1008,197,205,1008,1
205,181,850,205,181,850,205,181,850,1
181,225,965,181,225,965,181,225,965,-1
225,208,1015,225,208,1015,225,208,1015,1
208,339,1167,208,339,1167,208,339,1167,1
339,128,1016,339,128,1016,339,128,1016,-1
128,144,849,128,144,849,128,144,849,1
144,267,1068,144,267,1068,144,267,1068,1
267,130,1204,267,130,1204,267,130,1204,-1
130,160,1032,130,160,1032,130,160,1032,1
160,217,1144,160,217,1144,160,217,1144,1
217,245,983,217,245,983,217,245,983,-1
245,206,913,245,206,913,245,206,913,1
206,198,731,206,198,731,206,198,731,1
198,203,837,198,203,837,198,203,837,-1
203,130,871,203,130,871,203,130,871,1
130,238,650,130,238,650,130,238,650,1
238,185,792,238,185,792,238,185,792,-1
185,128,894,185,128,894,185,128,894,1
128,158,695,128,158,695,128,158,695,1
158,124,913,158,124,913,158,124,913,-1
124,232,747,124,232,747,124,232,747,1
232,157,850,232,157,850,232,157,850,1
157,131,938,157,131,938,157,131,938,-1
131,149,747,131,149,747,131,149,747,1
149,128,964,149,128,964,149,128,964,-1
128,169,799,128,169,799,128,169,799,1
169,130,987,169,130,987,169,130,987,1
130,160,820,130,160,820,130,160,820,-1
160,127,979,160,127,979,160,127,979,1
127,164,846,127,164,846,127,164,846,1
164,123,1012,164,123,1012,164,123,1012,-1
123,180,854,123,180,854,123,180,854,1
180,130,1045,180,130,1045,180,130,1045,1
130,177,861,130,177,861,130,177,861,-1
177,126,1022,177,126,1022,177,126,1022,1
126,230,845,126,230,845,126,230,845,1
230,200,1010,230,200,1010,230,200,1010,-1
200,133,1108,200,133,1108,200,133,1108,1
133,191,939,133,191,939,133,191,939,-1
191,235,1015,191,235,1015,191,235,1015,1
235,132,948,235,132,948,235,132,948,-1
132,183,732,132,183,732,132,183,732,1
183,232,845,183,232,845,183,232,845,-1
232,130,885,232,130,885,232,130,885,1
130,159,719,130,159,719,130,159,719,-1
159,234,894,159,234,894,159,234,894,1
234,242,784,234,242,784,234,242,784,-1
242,185,899,242,185,899,242,185,899,1
185,152,919,185,152,919,185,152,919,-1
152,189,1030,152,189,1030,152,189,1030,1
189,216,1000,189,216,1000,189,216,1000,-1
216,268,943,216,268,943,216,268,943,1
268,126,1006,268,126,1006,268,126,1006,-1
126,122,887,126,122,887,126,122,887,-1
122,251,1062,122,251,1062,122,251,1062,-1
251,201,983,251,201,983,251,201,983,1
201,204,864,201,204,864,201,204,864,-1
204,231,678,204,231,678,204,231,678,-1
231,159,678,231,159,678,231,159,678,1
159,128,842,159,128,842,159,128,842,-1
128,228,670,128,228,670,128,228,670,-1
228,121,694,228,121,694,228,121,694,1
121,203,856,121,203,856,121,203,856,1
203,176,839,203,176,839,203,176,839,1
176,199,886,176,199,886,176,199,886,1
199,126,755,199,126,755,199,126,755,1
126,200,908,126,200,908,126,200,908,1
200,189,766,200,189,766,200,189,766,1
189,121,898,189,121,898,189,121,898,-1
121,193,747,121,193,747,121,193,747,1
193,233,931,193,233,931,193,233,931,1
233,194,886,233,194,886,233,194,886,1
194,192,781,194,192,781,194,192,781,1
192,122,1002,192,122,1002,192,122,1002,1
122,186,831,122,186,831,122,186,831,1
186,123,1035,186,123,1035,186,123,1035,1
123,179,900,123,179,900,123,179,900,1
179,238,1078,179,238,1078,179,238,1078,1
238,246,995,238,246,995,238,246,995,-1
246,202,1010,246,202,1010,246,202,1010,1
202,177,940,202,177,940,202,177,940,1
177,124,1193,177,124,1193,177,124,1193,1
124,179,1032,124,179,1032,124,179,1032,1
179,123,1107,179,123,1107,179,123,1107,1
123,180,930,123,180,930,123,180,930,1
180,122,985,180,122,985,180,122,985,1
122,189,822,122,189,822,122,189,822,1
189,125,944,189,125,944,189,125,944,1
125,179,765,125,179,765,125,179,765,1
179,123,949,179,123,949,179,123,949,1
123,182,885,123,182,885,123,182,885,1
182,123,1051,182,123,1051,182,123,1051,1
123,183,914,123,183,914,123,183,914,1
183,309,976,183,309,976,183,309,976,1
309,121,873,309,121,873,309,121,873,1
121,194,660,121,194,660,121,194,660,1
194,221,823,194,221,823,194,221,823,1
221,313,732,221,313,732,221,313,732,1
313,126,777,313,126,777,313,126,777,1
126,215,634,126,215,634,126,215,634,1
215,222,808,215,222,808,215,222,808,1
222,125,879,222,125,879,222,125,879,1
125,145,684,125,145,684,125,145,684,1
145,271,821,145,271,821,145,271,821,1
271,126,858,271,126,858,271,126,858,1
126,179,729,126,179,729,126,179,729,1
179,225,918,179,225,918,179,225,918,1
225,202,960,225,202,960,225,202,960,1
202,185,883,202,185,883,202,185,883,1
185,270,1025,185,270,1025,185,270,1025,1
270,251,984,270,251,984,270,251,984,1
251,128,971,251,128,971,251,128,971,1
128,190,777,128,190,777,128,190,777,1
190,123,958,190,123,958,190,123,958,1
123,182,772,123,182,772,123,182,772,1
182,216,929,182,216,929,182,216,929,1
216,251,1348,216,251,1348,216,251,1348,1
251,121,1020,251,121,1020,251,121,1020,1
121,180,960,121,180,960,121,180,960,1
180,199,1157,180,199,1157,180,199,1157,1
199,140,990,199,140,990,199,140,990,1
140,295,1089,140,295,1089,140,295,1089,1
295,129,1041,295,129,1041,295,129,1041,1
129,177,845,129,177,845,129,177,845,1
177,238,952,177,238,952,177,238,952,1
238,130,963,238,130,963,238,130,963,1
130,431,727,130,431,727,130,431,727,1
431,123,934,431,123,934,431,123,934,1
123,129,711,123,129,711,123,129,711,1
129,214,894,129,214,894,129,214,894,1
214,196,995,214,196,995,214,196,995,1
196,161,813,196,161,813,196,161,813,1
161,255,923,161,255,923,161,255,923,1
255,132,928,255,132,928,255,132,928,1
132,166,718,132,166,718,132,166,718,1
166,125,900,166,125,900,166,125,900,1
125,162,771,125,162,771,125,162,771,1
162,124,881,162,124,881,162,124,881,1
124,186,733,124,186,733,124,186,733,1
186,250,834,186,250,834,186,250,834,-1
250,129,872,250,129,872,250,129,872,1
129,163,698,129,163,698,129,163,698,1
163,246,849,163,246,849,163,246,849,1
246,271,856,246,271,856,246,271,856,1
271,126,935,271,126,935,271,126,935,1
126,176,795,126,176,795,126,176,795,1
176,123,974,176,123,974,176,123,974,1
123,222,828,123,222,828,123,222,828,1
222,180,930,222,180,930,222,180,930,1
180,128,969,180,128,969,180,128,969,1
128,171,774,128,171,774,128,171,774,1
171,126,975,171,126,975,171,126,975,1
126,183,854,126,183,854,126,183,854,1
183,129,1072,183,129,1072,183,129,1072,1
129,164,871,129,164,871,129,164,871,1
164,239,986,164,239,986,164,239,986,1
239,127,1004,239,127,1004,239,127,1004,1
127,173,823,127,173,823,127,173,823,1
173,127,1001,173,127,1001,173,127,1001,1
127,139,832,127,139,832,127,139,832,1
139,263,949,139,263,949,139,263,949,1
263,133,1053,263,133,1053,263,133,1053,1
133,174,976,133,174,976,133,174,976,1
174,122,1192,174,122,1192,174,122,1192,1
122,178,1071,122,178,1071,122,178,1071,1
178,292,1083,178,292,1083,178,292,1083,1
292,127,968,292,127,968,292,127,968,1
127,234,744,127,234,744,127,234,744,-1
234,175,815,234,175,815,234,175,815,1
175,130,871,175,130,871,175,130,871,1
130,177,655,130,177,655,130,177,655,1
177,162,789,177,162,789,177,162,789,1
162,203,813,162,203,813,162,203,813,1
203,216,671,203,216,671,203,216,671,1
216,198,833,216,198,833,216,198,833,1
198,135,926,198,135,926,198,135,926,1
135,161,767,135,161,767,135,161,767,1
161,201,1037,161,201,1037,161,201,1037,1
201,124,1128,201,124,1128,201,124,1128,1
124,176,927,124,176,927,124,176,927,1
176,126,1021,176,126,1021,176,126,1021,1
126,210,781,126,210,781,126,210,781,-1
210,125,843,210,125,843,210,125,843,1
125,137,668,125,137,668,125,137,668,1
137,123,855,137,123,855,137,123,855,1
123,227,668,123,227,668,123,227,668,1
227,221,677,227,221,677,227,221,677,1
221,131,671,221,131,671,221,131,671,1
131,122,832,131,122,832,131,122,832,1
122,236,718,122,236,718,122,236,718,1
236,206,757,236,206,757,236,206,757,1
206,178,792,206,178,792,206,178,792,1
178,123,1003,178,123,1003,178,123,1003,1
123,147,884,123,147,884,123,147,884,1
147,283,1042,147,283,1042,147,283,1042,1
283,201,963,283,201,963,283,201,963,1
201,228,786,201,228,786,201,228,786,1
228,123,943,228,123,943,228,123,943,1
123,175,757,123,175,757,123,175,757,1
175,122,1038,175,122,1038,175,122,1038,1
122,235,945,122,235,945,122,235,945,1
235,124,937,235,124,937,235,124,937,1
124,215,1068,124,215,1068,124,215,1068,1
215,254,1390,215,254,1390,215,254,1390,1
254,211,1021,254,211,1021,254,211,1021,1
211,243,966,211,243,966,211,243,966,1
243,190,856,243,190,856,243,190,856,1
190,128,831,190,128,831,190,128,831,1
128,122,904,128,122,904,128,122,904,1
122,135,694,122,135,694,122,135,694,1
135,227,924,135,227,924,135,227,924,1
227,294,913,227,294,913,227,294,913,1
294,202,903,294,202,903,294,202,903,1
202,292,920,202,292,920,202,292,920,1
292,121,910,292,121,910,292,121,910,1
121,125,780,121,125,780,121,125,780,1
125,254,920,125,254,920,125,254,920,1
254,304,1012,254,304,1012,254,304,1012,1
304,286,982,304,286,982,304,286,982,1
286,295,965,286,295,965,286,295,965,1
295,244,994,295,244,994,295,244,994,1
244,238,1105,244,238,1105,244,238,1105,1
238,225,1079,238,225,1079,238,225,1079,1
225,207,976,225,207,976,225,207,976,1
207,228,793,207,228,793,207,228,793,1
228,121,950,228,121,950,228,121,950,1
121,202,800,121,202,800,121,202,800,1
202,121,1009,202,121,1009,202,121,1009,1
121,186,779,121,186,779,121,186,779,1
186,203,922,186,203,922,186,203,922,1
203,350,965,203,350,965,203,350,965,1
350,126,957,350,126,957,350,126,957,1
126,190,771,126,190,771,126,190,771,1
190,143,780,190,143,780,190,143,780,1
143,190,852,143,190,852,143,190,852,1
190,169,747,190,169,747,190,169,747,1
169,194,870,169,194,870,169,194,870,1
194,195,917,194,195,917,194,195,917,1
195,196,832,195,196,832,195,196,832,1
196,216,1096,196,216,1096,196,216,1096,1
216,197,1057,216,197,1057,216,197,1057,1
197,189,904,197,189,904,197,189,904,1
189,295,1042,189,295,1042,189,295,1042,1
295,319,1075,295,319,1075,295,319,1075,1
319,237,1039,319,237,1039,319,237,1039,1
237,200,932,237,200,932,237,200,932,1
200,191,761,200,191,761,200,191,761,1
191,274,910,191,274,910,191,274,910,1
274,193,862,274,193,862,274,193,862,1
193,185,746,193,185,746,193,185,746,1
185,317,917,185,317,917,185,317,917,1
317,246,914,317,246,914,317,246,914,1
246,194,885,246,194,885,246,194,885,1
194,199,815,194,199,815,194,199,815,1
199,320,1036,199,320,1036,199,320,1036,1
320,244,1015,320,244,1015,320,244,1015,1
244,123,923,244,123,923,244,123,923,1
123,136,898,123,136,898,123,136,898,1
136,191,890,136,191,890,136,191,890,1
191,126,728,191,126,728,191,126,728,1
126,141,876,126,141,876,126,141,876,1
141,173,881,141,173,881,141,173,881,1
173,125,1010,173,125,1010,173,125,1010,1
125,192,837,125,192,837,125,192,837,1
192,308,1042,192,308,1042,192,308,1042,1
308,302,975,308,302,975,308,302,975,1
302,121,937,302,121,937,302,121,937,1
121,190,751,121,190,751,121,190,751,1
190,123,912,190,123,912,190,123,912,1
123,185,731,123,185,731,123,185,731,1
185,232,885,185,232,885,185,232,885,1
232,196,867,232,196,867,232,196,867,1
196,194,748,196,194,748,196,194,748,1
194,191,918,194,191,918,194,191,918,1
191,202,1023,191,202,1023,191,202,1023,1
202,213,860,202,213,860,202,213,860,1
213,225,920,213,225,920,213,225,920,1
225,124,877,225,124,877,225,124,877,1
124,197,668,124,197,668,124,197,668,1
197,156,829,197,156,829,197,156,829,1
156,202,852,156,202,852,156,202,852,1
202,146,689,202,146,689,202,146,689,1
146,276,817,146,276,817,146,276,817,1
276,325,884,276,325,884,276,325,884,1
325,212,908,325,212,908,325,212,908,1
212,123,986,212,123,986,212,123,986,1
123,181,825,123,181,825,123,181,825,1
181,124,983,181,124,983,181,124,983,1
124,183,829,124,183,829,124,183,829,1
183,209,945,183,209,945,183,209,945,1
209,202,911,209,202,911,209,202,911,1
202,147,885,202,147,885,202,147,885,1
147,268,1076,147,268,1076,147,268,1076,1
268,130,1077,268,130,1077,268,130,1077,1
130,183,834,130,183,834,130,183,834,1
183,123,986,183,123,986,183,123,986,1
123,174,766,123,174,766,123,174,766,1
174,122,881,174,122,881,174,122,881,1
122,185,707,122,185,707,122,185,707,1
185,301,884,185,301,884,185,301,884,1
301,121,897,301,121,897,301,121,897,1
121,189,741,121,189,741,121,189,741,1
189,123,918,189,123,918,189,123,918,1
123,189,749,123,189,749,123,189,749,1
189,317,919,189,317,919,189,317,919,1
317,158,900,317,158,900,317,158,900,1
158,204,945,158,204,945,158,204,945,1
204,172,797,204,172,797,204,172,797,1
172,257,930,172,257,930,172,257,930,1
257,123,946,257,123,946,257,123,946,1
123,195,759,123,195,759,123,195,759,1
195,229,893,195,229,893,195,229,893,1
229,129,963,229,129,963,229,129,963,1
129,140,748,129,140,748,129,140,748,1
140,218,893,140,218,893,140,218,893,1
218,262,932,218,262,932,218,262,932,1
262,278,1024,262,278,1024,262,278,1024,1
278,196,928,278,196,928,278,196,928,1
196,164,762,196,164,762,196,164,762,1
164,258,898,164,258,898,164,258,898,1
258,128,950,258,128,950,258,128,950,1
128,166,771,128,166,771,128,166,771,1
166,122,940,166,122,940,166,122,940,-1
122,167,827,122,167,827,122,167,827,1
167,126,989,167,126,989,167,126,989,1
126,169,845,126,169,845,126,169,845,1
169,125,1107,169,125,1107,169,125,1107,1
125,178,1014,125,178,1014,125,178,1014,1
178,124,1145,178,124,1145,178,124,1145,1
124,171,980,124,171,980,124,171,980,1
171,122,1026,171,122,1026,171,122,1026,1
122,181,837,122,181,837,122,181,837,1
181,121,914,181,121,914,181,121,914,1
121,192,733,121,192,733,121,192,733,1
192,125,874,192,125,874,192,125,874,1
125,197,704,125,197,704,125,197,704,1
197,124,884,197,124,884,197,124,884,1
124,197,712,124,197,712,124,197,712,1
197,122,914,197,122,914,197,122,914,1
122,175,730,122,175,730,122,175,730,1
175,203,931,175,203,931,175,203,931,1
203,201,1020,203,201,1020,203,201,1020,1
201,213,849,201,213,849,201,213,849,1
213,231,937,213,231,937,213,231,937,1
231,127,908,231,127,908,231,127,908,1
127,195,774,127,195,774,127,195,774,1
195,121,1042,195,121,1042,195,121,1042,-1
121,186,928,121,186,928,121,186,928,1
186,124,1039,186,124,1039,186,124,1039,1
124,187,811,124,187,811,124,187,811,1
187,293,904,187,293,904,187,293,904,1
293,233,813,293,233,813,293,233,813,1
233,122,845,233,122,845,233,122,845,1
122,185,613,122,185,613,122,185,613,1
185,231,821,185,231,821,185,231,821,1
231,199,802,231,199,802,231,199,802,1
199,188,746,199,188,746,199,188,746,1
188,272,971,188,272,971,188,272,971,1
272,263,949,272,263,949,272,263,949,1
263,127,1004,263,127,1004,263,127,1004,1
127,180,743,127,180,743,127,180,743,1
180,259,873,180,259,873,180,259,873,1
259,132,938,259,132,938,259,132,938,1
132,162,721,132,162,721,132,162,721,1
162,249,854,162,249,854,162,249,854,1
249,196,941,249,196,941,249,196,941,1
196,288,993,196,288,993,196,288,993,1
288,282,927,288,282,927,288,282,927,1
282,263,1355,282,263,1355,282,263,1355,1
263,272,898,263,272,898,263,272,898,1
272,219,1381,272,219,1381,272,219,1381,1
219,123,996,219,123,996,219,123,996,1
123,220,811,123,220,811,123,220,811,1
220,158,812,220,158,812,220,158,812,1
158,153,948,158,153,948,158,153,948,1
153,123,1003,153,123,1003,153,123,1003,-1
123,169,913,123,169,913,123,169,913,1
169,121,1045,169,121,1045,169,121,1045,1
121,227,851,121,227,851,121,227,851,1
227,235,833,227,235,833,227,235,833,1
235,161,798,235,161,798,235,161,798,1
161,288,961,161,288,961,161,288,961,1
288,277,958,288,277,958,288,277,958,1
277,218,995,277,218,995,277,218,995,1
218,202,938,218,202,938,218,202,938,1
202,212,861,202,212,861,202,212,861,1
212,197,758,212,197,758,212,197,758,1
197,288,912,197,288,912,197,288,912,1
288,264,894,288,264,894,288,264,894,1
264,228,907,264,228,907,264,228,907,1
228,184,956,228,184,956,228,184,956,1
184,131,932,184,131,932,184,131,932,1
131,315,1013,131,315,1013,131,315,1013,1
315,275,983,315,275,983,315,275,983,-1
275,263,986,275,263,986,275,263,986,1
263,125,966,263,125,966,263,125,966,1
125,133,816,125,133,816,125,133,816,1
133,202,973,133,202,973,133,202,973,1
202,217,935,202,217,935,202,217,935,1
217,190,803,217,190,803,217,190,803,1
190,219,997,190,219,997,190,219,997,1
219,202,925,219,202,925,219,202,925,1
202,216,785,202,216,785,202,216,785,1
216,125,977,216,125,977,216,125,977,1
125,218,801,125,218,801,125,218,801,-1
218,155,865,218,155,865,218,155,865,1
155,227,1004,155,227,1004,155,227,1004,1
227,265,1036,227,265,1036,227,265,1036,1
265,258,991,265,258,991,265,258,991,1
258,202,963,258,202,963,258,202,963,1
202,214,963,202,214,963,202,214,963,1
214,146,801,214,146,801,214,146,801,1
146,241,981,146,241,981,146,241,981,1
241,232,912,241,232,912,241,232,912,1
232,189,775,232,189,775,232,189,775,1
189,122,987,189,122,987,189,122,987,1
122,214,814,122,214,814,122,214,814,1
214,163,826,214,163,826,214,163,826,1
163,215,994,163,215,994,163,215,994,1
215,219,949,215,219,949,215,219,949,1
219,198,844,219,198,844,219,198,844,1
198,325,1166,198,325,1166,198,325,1166,1
325,282,1163,325,282,1163,325,282,1163,1
282,213,1001,282,213,1001,282,213,1001,1
213,229,934,213,229,934,213,229,934,1
229,188,824,229,188,824,229,188,824,1
188,161,661,188,161,661,188,161,661,1
161,229,845,161,229,845,161,229,845,1
229,214,839,229,214,839,229,214,839,1
214,203,848,214,203,848,214,203,848,1
203,143,799,203,143,799,203,143,799,1
143,274,835,143,274,835,143,274,835,1
274,239,826,274,239,826,274,239,826,1
239,227,857,239,227,857,239,227,857,1
227,263,830,227,263,830,227,263,830,1
263,200,959,263,200,959,263,200,959,1
200,206,858,200,206,858,200,206,858,1
206,163,830,206,163,830,206,163,830,1
163,123,905,163,123,905,163,123,905,1
123,192,729,123,192,729,123,192,729,1
192,266,894,192,266,894,192,266,894,1
266,202,1012,266,202,1012,266,202,1012,1
202,138,1069,202,138,1069,202,138,1069,1
138,123,1100,138,123,1100,138,123,1100,1
123,176,877,123,176,877,123,176,877,1
176,131,937,176,131,937,176,131,937,1
131,212,886,131,212,886,131,212,886,1
212,170,676,212,170,676,212,170,676,1
170,190,878,170,190,878,170,190,878,1
190,239,874,190,239,874,190,239,874,1
239,244,881,239,244,881,239,244,881,1
244,215,870,244,215,870,244,215,870,1
215,285,909,215,285,909,215,285,909,1
285,187,928,285,187,928,285,187,928,1
187,149,859,187,149,859,187,149,859,1
149,227,955,149,227,955,149,227,955,1
227,216,1012,227,216,1012,227,216,1012,1
216,329,969,216,329,969,216,329,969,1
329,280,995,329,280,995,329,280,995,1
280,272,958,280,272,958,280,272,958,1
272,316,1043,272,316,1043,272,316,1043,1
316,238,1075,316,238,1075,316,238,1075,1
238,275,936,238,275,936,238,275,936,1
275,226,877,275,226,877,275,226,877,1
226,203,846,226,203,846,226,203,846,1
203,157,804,203,157,804,203,157,804,1
157,249,1072,157,249,1072,157,249,1072,1
249,289,1038,249,289,1038,249,289,1038,1
289,207,929,289,207,929,289,207,929,1
207,226,826,207,226,826,207,226,826,1
226,206,657,226,206,657,226,206,657,1
206,184,658,206,184,658,206,184,658,1
184,191,820,184,191,820,184,191,820,1
191,208,766,191,208,766,191,208,766,-1
208,221,696,208,221,696,208,221,696,1
221,198,733,221,198,733,221,198,733,1
198,283,946,198,283,946,198,283,946,1
283,252,974,283,252,974,283,252,974,1
252,304,932,252,304,932,252,304,932,1
304,190,956,304,190,956,304,190,956,1
190,220,996,190,220,996,190,220,996,1
220,230,880,220,230,880,220,230,880,1
230,158,865,230,158,865,230,158,865,1
158,238,1001,158,238,1001,158,238,1001,1
238,317,970,238,317,970,238,317,970,1
317,256,991,317,256,991,317,256,991,1
256,224,979,256,224,979,256,224,979,1
224,190,1025,224,190,1025,224,190,1025,1
190,206,917,190,206,917,190,206,917,1
206,135,786,206,135,786,206,135,786,1
135,206,982,135,206,982,135,206,982,1
206,230,1064,206,230,1064,206,230,1064,1
230,141,878,230,141,878,230,141,878,-1
141,189,973,141,189,973,141,189,973,1
189,249,763,189,249,763,189,249,763,1
249,303,881,249,303,881,249,303,881,1
303,192,832,303,192,832,303,192,832,1
192,188,738,192,188,738,192,188,738,1
188,262,1006,188,262,1006,188,262,1006,1
262,214,1062,262,214,1062,262,214,1062,1
214,192,963,214,192,963,214,192,963,-1
192,172,790,192,172,790,192,172,790,1
172,218,934,172,218,934,172,218,934,1
218,264,905,218,264,905,218,264,905,1
264,299,871,264,299,871,264,299,871,1
299,196,875,299,196,875,299,196,875,1
196,199,802,196,199,802,196,199,802,1
199,198,701,199,198,701,199,198,701,1
198,218,854,198,218,854,198,218,854,1
218,206,947,218,206,947,218,206,947,1
206,192,842,206,192,842,206,192,842,1
192,186,766,192,186,766,192,186,766,1
186,311,929,186,311,929,186,311,929,1
311,282,968,311,282,968,311,282,968,1
282,225,970,282,225,970,282,225,970,1
225,206,804,225,206,804,225,206,804,1
206,277,991,206,277,991,206,277,991,1
277,294,943,277,294,943,277,294,943,1
294,222,956,294,222,956,294,222,956,1
222,211,1051,222,211,1051,222,211,1051,1
211,146,948,211,146,948,211,146,948,1
146,196,988,146,196,988,146,196,988,1
196,150,977,196,150,977,196,150,977,1
150,199,994,150,199,994,150,199,994,1
199,234,952,199,234,952,199,234,952,1
234,158,824,234,158,824,234,158,824,1
158,193,970,158,193,970,158,193,970,1
193,135,946,193,135,946,193,135,946,1
135,252,982,135,252,982,135,252,982,1
252,256,1001,252,256,1001,252,256,1001,1
256,231,997,256,231,997,256,231,997,1
231,219,1049,231,219,1049,231,219,1049,1
219,198,1128,219,198,1128,219,198,1128,1
198,225,996,198,225,996,198,225,996,1
225,150,803,225,150,803,225,150,803,1
150,218,979,150,218,979,150,218,979,1
218,208,955,218,208,955,218,208,955,1
208,159,891,208,159,891,208,159,891,1
159,188,938,159,188,938,159,188,938,1
188,195,874,188,195,874,188,195,874,1
195,122,721,195,122,721,195,122,721,1
122,200,884,122,200,884,122,200,884,1
200,212,829,200,212,829,200,212,829,1
212,162,697,212,162,697,212,162,697,1
162,202,902,162,202,902,162,202,902,1
202,314,997,202,314,997,202,314,997,1
314,289,921,314,289,921,314,289,921,1
289,217,941,289,217,941,289,217,941,1
217,182,969,217,182,969,217,182,969,1
182,213,892,182,213,892,182,213,892,1
213,175,871,213,175,871,213,175,871,1
175,200,923,175,200,923,175,200,923,1
200,201,747,200,201,747,200,201,747,1
201,323,872,201,323,872,201,323,872,1
323,207,899,323,207,899,323,207,899,1
207,272,1246,207,272,1246,207,272,1246,1
272,213,1081,272,213,1081,272,213,1081,1
213,201,1029,213,201,1029,213,201,1029,1
201,199,834,201,199,834,201,199,834,1
199,270,947,199,270,947,199,270,947,1
270,228,955,270,228,955,270,228,955,1
228,318,1043,228,318,1043,228,318,1043,1
318,239,1075,318,239,1075,318,239,1075,-1
239,219,917,239,219,917,239,219,917,1
219,285,824,219,285,824,219,285,824,1
285,292,779,285,292,779,285,292,779,1
292,199,805,292,199,805,292,199,805,1
199,124,653,199,124,653,199,124,653,1
124,194,834,124,194,834,124,194,834,1
194,162,692,194,162,692,194,162,692,1
162,293,879,162,293,879,162,293,879,1
293,539,972,293,539,972,293,539,972,-1
539,124,887,539,124,887,539,124,887,1
124,163,701,124,163,701,124,163,701,1
163,283,887,163,283,887,163,283,887,1
