235,235,1158,235,235,1158,235,235,1158,-1
235,185,983,235,185,983,235,185,983,-1
185,132,911,185,132,911,185,132,911,-1
132,180,992,132,180,992,132,180,992,-1
180,212,913,180,212,913,180,212,913,-1
212,317,1129,212,317,1129,212,317,1129,-1
317,298,1111,317,298,1111,317,298,1111,-1
298,239,1145,298,239,1145,298,239,1145,-1
239,335,1222,239,335,1222,239,335,1222,-1
335,277,1127,335,277,1127,335,277,1127,-1
277,235,1124,277,235,1124,277,235,1124,-1
235,254,997,235,254,997,235,254,997,-1
254,134,1283,254,134,1283,254,134,1283,-1
134,141,1193,134,141,1193,134,141,1193,-1
141,173,974,141,173,974,141,173,974,-1
173,279,1141,173,279,1141,173,279,1141,-1
279,259,1115,279,259,1115,279,259,1115,-1
259,263,1110,259,263,1110,259,263,1110,-1
263,273,1112,263,273,1112,263,273,1112,-1
273,275,1113,273,275,1113,273,275,1113,-1
275,280,1091,275,280,1091,275,280,1091,-1
280,225,1151,280,225,1151,280,225,1151,-1
225,229,965,225,229,965,225,229,965,-1
229,184,895,229,184,895,229,184,895,-1
184,269,1107,184,269,1107,184,269,1107,-1
269,260,1058,269,260,1058,269,260,1058,-1
260,261,1094,260,261,1094,260,261,1094,-1
261,283,1062,261,283,1062,261,283,1062,-1
283,293,1136,283,293,1136,283,293,1136,-1
293,294,1093,293,294,1093,293,294,1093,-1
294,214,1085,294,214,1085,294,214,1085,-1
214,187,949,214,187,949,214,187,949,-1
187,189,883,187,189,883,187,189,883,-1
189,276,1096,189,276,1096,189,276,1096,-1
276,257,1099,276,257,1099,276,257,1099,-1
257,268,1110,257,268,1110,257,268,1110,-1
268,205,1115,268,205,1115,268,205,1115,-1
205,185,995,205,185,995,205,185,995,-1
185,189,915,185,189,915,185,189,915,-1
189,310,1129,189,310,1129,189,310,1129,-1
310,221,1105,310,221,1105,310,221,1105,-1
221,179,978,221,179,978,221,179,978,-1
179,173,902,179,173,902,179,173,902,-1
173,278,1102,173,278,1102,173,278,1102,-1
278,267,1111,278,267,1111,278,267,1111,-1
267,271,1095,267,271,1095,267,271,1095,-1
271,283,1080,271,283,1080,271,283,1080,-1
283,292,1131,283,292,1131,283,292,1131,-1
292,303,1098,292,303,1098,292,303,1098,-1
303,297,1124,303,297,1124,303,297,1124,-1
297,197,1085,297,197,1085,297,197,1085,-1
197,343,1084,197,343,1084,197,343,1084,-1
343,270,1091,343,270,1091,343,270,1091,-1
270,207,1131,270,207,1131,270,207,1131,-1
207,187,963,207,187,963,207,187,963,-1
187,171,889,187,171,889,187,171,889,-1
171,291,1110,171,291,1110,171,291,1110,-1
291,297,1123,291,297,1123,291,297,1123,-1
297,287,1109,297,287,1109,297,287,1109,-1
287,278,1106,287,278,1106,287,278,1106,-1
278,270,1087,278,270,1087,278,270,1087,-1
270,266,1094,270,266,1094,270,266,1094,-1
266,294,1122,266,294,1122,266,294,1122,-1
294,308,1138,294,308,1138,294,308,1138,-1
308,123,1130,308,123,1130,308,123,1130,-1
123,181,896,123,181,896,123,181,896,-1
181,297,1151,181,297,1151,181,297,1151,-1
297,277,1119,297,277,1119,297,277,1119,-1
277,270,1103,277,270,1103,277,270,1103,-1
270,262,1103,270,262,1103,270,262,1103,-1
262,270,1068,262,270,1068,262,270,1068,-1
270,275,1116,270,275,1116,270,275,1116,-1
275,305,1101,275,305,1101,275,305,1101,-1
305,305,1168,305,305,1168,305,305,1168,-1
305,293,1142,305,293,1142,305,293,1142,-1
293,282,1095,293,282,1095,293,282,1095,-1
282,272,1096,282,272,1096,282,272,1096,-1
272,284,1103,272,284,1103,272,284,1103,-1
284,292,1086,284,292,1086,284,292,1086,-1
292,291,1112,292,291,1112,292,291,1112,-1
291,298,1102,291,298,1102,291,298,1102,-1
298,307,1131,298,307,1131,298,307,1131,-1
307,274,1149,307,274,1149,307,274,1149,-1
274,260,1085,274,260,1085,274,260,1085,-1
260,262,1093,260,262,1093,260,262,1093,-1
262,267,1139,262,267,1139,262,267,1139,-1
267,219,1072,267,219,1072,267,219,1072,-1
219,193,977,219,193,977,219,193,977,-1
193,190,902,193,190,902,193,190,902,-1
190,298,1144,190,298,1144,190,298,1144,-1
298,207,1111,298,207,1111,298,207,1111,-1
207,185,992,207,185,992,207,185,992,-1
185,165,925,185,165,925,185,165,925,-1
165,258,1153,165,258,1153,165,258,1153,-1
258,252,1110,258,252,1110,258,252,1110,-1
252,269,1124,252,269,1124,252,269,1124,-1
269,278,1148,269,278,1148,269,278,1148,-1
278,225,1127,278,225,1127,278,225,1127,-1
225,210,973,225,210,973,225,210,973,-1
210,235,916,210,235,916,210,235,916,-1
235,201,1126,235,201,1126,235,201,1126,-1
201,177,931,201,177,931,201,177,931,-1
177,169,887,177,169,887,177,169,887,-1
169,273,1106,169,273,1106,169,273,1106,-1
273,267,1125,273,267,1125,273,267,1125,-1
267,269,1166,267,269,1166,267,269,1166,-1
269,284,1147,269,284,1147,269,284,1147,-1
284,290,1152,284,290,1152,284,290,1152,-1
290,122,1100,290,122,1100,290,122,1100,-1
122,181,891,122,181,891,122,181,891,-1
181,284,1066,181,284,1066,181,284,1066,-1
284,172,1081,284,172,1081,284,172,1081,-1
172,244,960,172,244,960,172,244,960,-1
244,263,1073,244,263,1073,244,263,1073,-1
263,401,957,263,401,957,263,401,957,-1
401,228,1079,401,228,1079,401,228,1079,-1
228,152,1114,228,152,1114,228,152,1114,-1
152,198,955,152,198,955,152,198,955,-1
198,278,1100,198,278,1100,198,278,1100,-1
278,161,1097,278,161,1097,278,161,1097,-1
161,214,1220,161,214,1220,161,214,1220,-1
214,145,931,214,145,931,214,145,931,-1
145,244,1032,145,244,1032,145,244,1032,-1
244,175,1088,244,175,1088,244,175,1088,-1
175,350,1213,175,350,1213,175,350,1213,-1
350,122,1144,350,122,1144,350,122,1144,-1
122,168,899,122,168,899,122,168,899,-1
168,201,1154,168,201,1154,168,201,1154,-1
201,203,1215,201,203,1215,201,203,1215,-1
203,147,963,203,147,963,203,147,963,-1
147,249,1125,147,249,1125,147,249,1125,-1
249,239,1111,249,239,1111,249,239,1111,-1
239,235,1087,239,235,1087,239,235,1087,-1
235,246,1098,235,246,1098,235,246,1098,-1
246,255,1125,246,255,1125,246,255,1125,-1
255,261,1112,255,261,1112,255,261,1112,-1
261,218,1140,261,218,1140,261,218,1140,-1
218,158,1092,218,158,1092,218,158,1092,-1
158,167,1184,158,167,1184,158,167,1184,-1
167,198,982,167,198,982,167,198,982,-1
198,148,933,198,148,933,198,148,933,-1
148,151,1119,148,151,1119,148,151,1119,-1
151,210,1021,151,210,1021,151,210,1021,-1
210,162,958,210,162,958,210,162,958,-1
162,281,1122,162,281,1122,162,281,1122,-1
281,283,1144,281,283,1144,281,283,1144,-1
283,290,1126,283,290,1126,283,290,1126,-1
290,282,1179,290,282,1179,290,282,1179,-1
282,212,1165,282,212,1165,282,212,1165,-1
212,189,1004,212,189,1004,212,189,1004,-1
189,173,970,189,173,970,189,173,970,-1
173,264,1120,173,264,1120,173,264,1120,-1
264,259,1119,264,259,1119,264,259,1119,-1
259,263,1093,259,263,1093,259,263,1093,-1
263,286,1093,263,286,1093,263,286,1093,-1
286,290,1126,286,290,1126,286,290,1126,-1
290,282,1131,290,282,1131,290,282,1131,-1
282,265,1142,282,265,1142,282,265,1142,-1
265,268,1096,265,268,1096,265,268,1096,-1
268,248,1145,268,248,1145,268,248,1145,-1
248,249,1107,248,249,1107,248,249,1107,-1
249,256,1094,249,256,1094,249,256,1094,-1
256,270,1099,256,270,1099,256,270,1099,-1
270,204,1133,270,204,1133,270,204,1133,-1
204,192,1001,204,192,1001,204,192,1001,-1
192,200,942,192,200,942,192,200,942,-1
200,160,1200,200,160,1200,200,160,1200,-1
160,124,1279,160,124,1279,160,124,1279,-1
124,282,1206,124,282,1206,124,282,1206,-1
282,194,1093,282,194,1093,282,194,1093,-1
194,180,991,194,180,991,194,180,991,-1
180,175,937,180,175,937,180,175,937,-1
175,282,1135,175,282,1135,175,282,1135,-1
282,284,1117,282,284,1117,282,284,1117,-1
284,231,1145,284,231,1145,284,231,1145,-1
231,239,1000,231,239,1000,231,239,1000,-1
239,130,1277,239,130,1277,239,130,1277,-1
130,337,1187,130,337,1187,130,337,1187,-1
337,273,1097,337,273,1097,337,273,1097,-1
273,271,1087,273,271,1087,273,271,1087,-1
271,300,1119,271,300,1119,271,300,1119,-1
300,221,1140,300,221,1140,300,221,1140,-1
221,192,992,221,192,992,221,192,992,-1
192,190,926,192,190,926,192,190,926,-1
190,231,1151,190,231,1151,190,231,1151,-1
231,244,986,231,244,986,231,244,986,-1
244,226,1226,244,226,1226,244,226,1226,-1
226,200,947,226,200,947,226,200,947,-1
200,271,1073,200,271,1073,200,271,1073,-1
271,275,1085,271,275,1085,271,275,1085,-1
275,147,1085,275,147,1085,275,147,1085,-1
147,122,1253,147,122,1253,147,122,1253,-1
122,194,1206,122,194,1206,122,194,1206,-1
194,150,957,194,150,957,194,150,957,-1
150,310,1164,150,310,1164,150,310,1164,-1
310,304,1161,310,304,1161,310,304,1161,-1
304,155,1128,304,155,1128,304,155,1128,-1
155,123,1248,155,123,1248,155,123,1248,-1
123,271,1169,123,271,1169,123,271,1169,-1
271,194,1081,271,194,1081,271,194,1081,-1
194,186,957,194,186,957,194,186,957,-1
186,168,886,186,168,886,186,168,886,-1
168,282,1087,168,282,1087,168,282,1087,-1
282,211,1090,282,211,1090,282,211,1090,-1
211,196,961,211,196,961,211,196,961,-1
196,201,887,196,201,887,196,201,887,-1
201,202,1101,201,202,1101,201,202,1101,-1
202,179,958,202,179,958,202,179,958,-1
179,154,900,179,154,900,179,154,900,-1
154,245,1112,154,245,1112,154,245,1112,-1
245,263,1088,245,263,1088,245,263,1088,-1
263,197,1143,263,197,1143,263,197,1143,-1
197,181,1008,197,181,1008,197,181,1008,-1
181,189,937,181,189,937,181,189,937,-1
189,299,1235,189,299,1235,189,299,1235,-1
299,214,1120,299,214,1120,299,214,1120,-1
214,186,1005,214,186,1005,214,186,1005,-1
186,191,940,186,191,940,186,191,940,-1
191,150,1137,191,150,1137,191,150,1137,-1
150,388,1285,150,388,1285,150,388,1285,-1
388,263,1080,388,263,1080,388,263,1080,-1
263,194,1220,263,194,1220,263,194,1220,-1
194,183,994,194,183,994,194,183,994,-1
183,173,935,183,173,935,183,173,935,-1
173,216,1009,173,216,1009,173,216,1009,-1
216,272,1011,216,272,1011,216,272,1011,-1
272,357,888,272,357,888,272,357,888,-1
357,186,1291,357,186,1291,357,186,1291,-1
186,163,1009,186,163,1009,186,163,1009,-1
163,168,957,163,168,957,163,168,957,-1
168,250,1155,168,250,1155,168,250,1155,-1
250,272,1027,250,272,1027,250,272,1027,-1
272,282,1212,272,282,1212,272,282,1212,-1
282,294,1201,282,294,1201,282,294,1201,-1
294,298,1290,294,298,1290,294,298,1290,-1
298,288,1175,298,288,1175,298,288,1175,-1
288,141,1228,288,141,1228,288,141,1228,-1
141,269,1261,141,269,1261,141,269,1261,-1
269,147,1010,269,147,1010,269,147,1010,-1
147,123,1025,147,123,1025,147,123,1025,-1
123,171,967,123,171,967,123,171,967,-1
171,216,1048,171,216,1048,171,216,1048,-1
216,137,1049,216,137,1049,216,137,1049,-1
137,268,1299,137,268,1299,137,268,1299,-1
268,222,1208,268,222,1208,268,222,1208,-1
222,181,1006,222,181,1006,222,181,1006,-1
181,192,913,181,192,913,181,192,913,-1
192,152,1162,192,152,1162,192,152,1162,-1
152,158,1294,152,158,1294,152,158,1294,-1
158,283,1134,158,283,1134,158,283,1134,-1
283,167,970,283,167,970,283,167,970,-1
167,218,1040,167,218,1040,167,218,1040,-1
218,192,1006,218,192,1006,218,192,1006,-1
192,175,928,192,175,928,192,175,928,-1
175,210,1009,175,210,1009,175,210,1009,-1
210,190,1001,210,190,1001,210,190,1001,-1
190,174,940,190,174,940,190,174,940,-1
174,271,1088,174,271,1088,174,271,1088,-1
271,256,1166,271,256,1166,271,256,1166,-1
256,274,984,256,274,984,256,274,984,-1
274,186,1090,274,186,1090,274,186,1090,-1
186,212,1467,186,212,1467,186,212,1467,-1
212,182,986,212,182,986,212,182,986,-1
182,306,1179,182,306,1179,182,306,1179,-1
306,229,1013,306,229,1013,306,229,1013,-1
229,202,983,229,202,983,229,202,983,-1
202,133,921,202,133,921,202,133,921,-1
133,346,1355,133,346,1355,133,346,1355,-1
346,267,1203,346,267,1203,346,267,1203,-1
267,197,991,267,197,991,267,197,991,-1
197,231,1102,197,231,1102,197,231,1102,-1
231,147,954,231,147,954,231,147,954,-1
147,285,1059,147,285,1059,147,285,1059,-1
285,237,1134,285,237,1134,285,237,1134,-1
237,204,982,237,204,982,237,204,982,-1
204,173,936,204,173,936,204,173,936,-1
173,127,986,173,127,986,173,127,986,-1
127,160,899,127,160,899,127,160,899,-1
160,283,964,160,283,964,160,283,964,-1
283,272,1063,283,272,1063,283,272,1063,-1
272,293,1106,272,293,1106,272,293,1106,-1
293,307,1156,293,307,1156,293,307,1156,-1
307,314,1087,307,314,1087,307,314,1087,-1
314,327,1097,314,327,1097,314,327,1097,-1
327,241,1179,327,241,1179,327,241,1179,-1
241,168,989,241,168,989,241,168,989,-1
168,190,914,168,190,914,168,190,914,-1
190,276,1071,190,276,1071,190,276,1071,-1
276,283,1094,276,283,1094,276,283,1094,-1
283,156,1108,283,156,1108,283,156,1108,-1
156,256,1208,156,256,1208,156,256,1208,-1
256,137,957,256,137,957,256,137,957,-1
137,196,952,137,196,952,137,196,952,-1
196,184,890,196,184,890,196,184,890,-1
184,289,1042,184,289,1042,184,289,1042,-1
289,282,1070,289,282,1070,289,282,1070,-1
282,266,1079,282,266,1079,282,266,1079,-1
266,147,1138,266,147,1138,266,147,1138,-1
147,225,1272,147,225,1272,147,225,1272,-1
225,157,971,225,157,971,225,157,971,-1
157,122,1143,157,122,1143,157,122,1143,-1
122,157,957,122,157,957,122,157,957,-1
157,287,1187,157,287,1187,157,287,1187,-1
287,287,1163,287,287,1163,287,287,1163,-1
287,192,1139,287,192,1139,287,192,1139,-1
192,181,973,192,181,973,192,181,973,-1
181,147,882,181,147,882,181,147,882,-1
147,248,1197,147,248,1197,147,248,1197,-1
248,174,1072,248,174,1072,248,174,1072,-1
174,245,1200,174,245,1200,174,245,1200,-1
245,190,963,245,190,963,245,190,963,-1
190,159,936,190,159,936,190,159,936,-1
159,195,1188,159,195,1188,159,195,1188,-1
195,180,1031,195,180,1031,195,180,1031,-1
180,167,951,180,167,951,180,167,951,-1
167,265,1179,167,265,1179,167,265,1179,-1
265,172,1207,265,172,1207,265,172,1207,-1
172,312,1065,172,312,1065,172,312,1065,-1
312,235,1090,312,235,1090,312,235,1090,-1
235,253,1141,235,253,1141,235,253,1141,-1
253,249,1166,253,249,1166,253,249,1166,-1
249,260,1113,249,260,1113,249,260,1113,-1
260,254,1144,260,254,1144,260,254,1144,-1
254,263,1154,254,263,1154,254,263,1154,-1
263,169,1147,263,169,1147,263,169,1147,-1
169,180,1000,169,180,1000,169,180,1000,-1
180,140,936,180,140,936,180,140,936,-1
140,236,1028,140,236,1028,140,236,1028,-1
236,237,1032,236,237,1032,236,237,1032,-1
237,284,1023,237,284,1023,237,284,1023,-1
284,180,1093,284,180,1093,284,180,1093,-1
180,328,1311,180,328,1311,180,328,1311,-1
328,192,998,328,192,998,328,192,998,-1
192,178,962,192,178,962,192,178,962,-1
178,293,1113,178,293,1113,178,293,1113,-1
293,276,1094,293,276,1094,293,276,1094,-1
276,270,1086,276,270,1086,276,270,1086,-1
270,269,1113,270,269,1113,270,269,1113,-1
269,218,1066,269,218,1066,269,218,1066,-1
218,124,1000,218,124,1000,218,124,1000,-1
124,209,1141,124,209,1141,124,209,1141,-1
209,320,1008,209,320,1008,209,320,1008,-1
320,300,1098,320,300,1098,320,300,1098,-1
300,187,1091,300,187,1091,300,187,1091,-1
187,212,1504,187,212,1504,187,212,1504,-1
212,141,972,212,141,972,212,141,972,-1
141,254,1131,141,254,1131,141,254,1131,-1
254,278,1108,254,278,1108,254,278,1108,-1
278,280,1147,278,280,1147,278,280,1147,-1
280,158,1131,280,158,1131,280,158,1131,-1
158,121,1298,158,121,1298,158,121,1298,-1
121,151,1207,121,151,1207,121,151,1207,-1
151,152,932,151,152,932,151,152,932,-1
152,298,1202,152,298,1202,152,298,1202,-1
298,273,1165,298,273,1165,298,273,1165,-1
273,257,1102,273,257,1102,273,257,1102,-1
257,259,1097,257,259,1097,257,259,1097,-1
259,155,1140,259,155,1140,259,155,1140,-1
155,403,1313,155,403,1313,155,403,1313,-1
403,303,1121,403,303,1121,403,303,1121,-1
303,294,1112,303,294,1112,303,294,1112,-1
294,278,1112,294,278,1112,294,278,1112,-1
278,277,1136,278,277,1136,278,277,1136,-1
277,267,1116,277,267,1116,277,267,1116,-1
267,270,1068,267,270,1068,267,270,1068,-1
270,277,1089,270,277,1089,270,277,1089,-1
277,296,1138,277,296,1138,277,296,1138,-1
296,315,1115,296,315,1115,296,315,1115,-1
315,325,1132,315,325,1132,315,325,1132,-1
325,293,1215,325,293,1215,325,293,1215,-1
293,149,1138,293,149,1138,293,149,1138,-1
149,171,1249,149,171,1249,149,171,1249,-1
171,499,1090,171,499,1090,171,499,1090,-1
499,296,1092,499,296,1092,499,296,1092,-1
296,298,1074,296,298,1074,296,298,1074,-1
298,212,1126,298,212,1126,298,212,1126,-1
212,185,977,212,185,977,212,185,977,-1
185,187,929,185,187,929,185,187,929,-1
187,202,1080,187,202,1080,187,202,1080,-1
202,169,981,202,169,981,202,169,981,-1
169,173,950,169,173,950,169,173,950,-1
173,262,1068,173,262,1068,173,262,1068,-1
262,168,1043,262,168,1043,262,168,1043,-1
168,122,981,168,122,981,168,122,981,-1
122,205,1063,122,205,1063,122,205,1063,-1
205,197,983,205,197,983,205,197,983,-1
197,180,938,197,180,938,197,180,938,-1
180,285,1066,180,285,1066,180,285,1066,-1
285,277,1072,285,277,1072,285,277,1072,-1
277,258,1090,277,258,1090,277,258,1090,-1
258,259,1069,258,259,1069,258,259,1069,-1
259,251,1108,259,251,1108,259,251,1108,-1
251,150,1089,251,150,1089,251,150,1089,-1
150,296,1245,150,296,1245,150,296,1245,-1
296,194,963,296,194,963,296,194,963,-1
194,167,919,194,167,919,194,167,919,-1
167,159,1085,167,159,1085,167,159,1085,-1
159,131,1236,159,131,1236,159,131,1236,-1
131,166,1168,131,166,1168,131,166,1168,-1
166,185,969,166,185,969,166,185,969,-1
185,147,936,185,147,936,185,147,936,-1
147,139,1068,147,139,1068,147,139,1068,-1
139,358,1247,139,358,1247,139,358,1247,-1
358,264,1093,358,264,1093,358,264,1093,-1
264,157,1070,264,157,1070,264,157,1070,-1
157,125,1250,157,125,1250,157,125,1250,-1
125,209,1179,125,209,1179,125,209,1179,-1
209,192,966,209,192,966,209,192,966,-1
192,191,935,192,191,935,192,191,935,-1
191,298,1103,191,298,1103,191,298,1103,-1
298,262,1077,298,262,1077,298,262,1077,-1
262,268,1061,262,268,1061,262,268,1061,-1
268,270,1098,268,270,1098,268,270,1098,-1
270,218,1098,270,218,1098,270,218,1098,-1
218,191,994,218,191,994,218,191,994,-1
191,197,951,191,197,951,191,197,951,-1
197,309,1104,197,309,1104,197,309,1104,-1
309,165,1111,309,165,1111,309,165,1111,-1
165,130,1326,165,130,1326,165,130,1326,-1
130,165,1189,130,165,1189,130,165,1189,-1
165,163,991,165,163,991,165,163,991,-1
163,283,1084,163,283,1084,163,283,1084,-1
283,285,1091,283,285,1091,283,285,1091,-1
285,163,1104,285,163,1104,285,163,1104,-1
163,225,985,163,225,985,163,225,985,-1
225,238,992,225,238,992,225,238,992,-1
238,323,1123,238,323,1123,238,323,1123,-1
323,313,1104,323,313,1104,323,313,1104,-1
313,290,1116,313,290,1116,313,290,1116,-1
290,153,1117,290,153,1117,290,153,1117,-1
153,276,1306,153,276,1306,153,276,1306,-1
276,147,982,276,147,982,276,147,982,-1
147,282,1150,147,282,1150,147,282,1150,-1
282,297,1127,282,297,1127,282,297,1127,-1
297,217,1182,297,217,1182,297,217,1182,-1
217,192,1017,217,192,1017,217,192,1017,-1
192,126,967,192,126,967,192,126,967,-1
126,198,1021,126,198,1021,126,198,1021,-1
198,183,941,198,183,941,198,183,941,-1
183,278,1175,183,278,1175,183,278,1175,-1
278,284,1138,278,284,1138,278,284,1138,-1
284,296,1137,284,296,1137,284,296,1137,-1
296,299,1132,296,299,1132,296,299,1132,-1
299,304,1118,299,304,1118,299,304,1118,-1
304,307,1163,304,307,1163,304,307,1163,-1
307,311,1129,307,311,1129,307,311,1129,-1
311,283,1105,311,283,1105,311,283,1105,-1
283,257,1108,283,257,1108,283,257,1108,-1
257,267,1124,257,267,1124,257,267,1124,-1
267,293,1138,267,293,1138,267,293,1138,-1
293,294,1159,293,294,1159,293,294,1159,-1
294,302,1179,294,302,1179,294,302,1179,-1
302,307,1131,302,307,1131,302,307,1131,-1
307,284,1181,307,284,1181,307,284,1181,-1
284,286,1144,284,286,1144,284,286,1144,-1
286,281,1115,286,281,1115,286,281,1115,-1
281,286,1113,281,286,1113,281,286,1113,-1
286,188,1100,286,188,1100,286,188,1100,-1
188,188,1242,188,188,1242,188,188,1242,-1
188,129,1112,188,129,1112,188,129,1112,-1
129,189,1205,129,189,1205,129,189,1205,-1
189,230,957,189,230,957,189,230,957,-1
230,174,1149,230,174,1149,230,174,1149,-1
174,129,993,174,129,993,174,129,993,-1
129,269,1074,129,269,1074,129,269,1074,-1
269,284,1138,269,284,1138,269,284,1138,-1
284,285,1108,284,285,1108,284,285,1108,-1
285,193,1094,285,193,1094,285,193,1094,-1
193,188,987,193,188,987,193,188,987,-1
188,167,934,188,167,934,188,167,934,-1
167,293,1114,167,293,1114,167,293,1114,-1
293,121,1168,293,121,1168,293,121,1168,-1
121,175,934,121,175,934,121,175,934,-1
175,273,1142,175,273,1142,175,273,1142,-1
273,249,1118,273,249,1118,273,249,1118,-1
249,261,1107,249,261,1107,249,261,1107,-1
261,270,1118,261,270,1118,261,270,1118,-1
270,295,1115,270,295,1115,270,295,1115,-1
295,230,1154,295,230,1154,295,230,1154,-1
230,191,987,230,191,987,230,191,987,-1
191,191,891,191,191,891,191,191,891,-1
191,316,1134,191,316,1134,191,316,1134,-1
316,184,1108,316,184,1108,316,184,1108,-1
184,215,979,184,215,979,184,215,979,-1
215,173,908,215,173,908,215,173,908,-1
173,153,1095,173,153,1095,173,153,1095,-1
153,122,1274,153,122,1274,153,122,1274,-1
122,342,1174,122,342,1174,122,342,1174,-1
342,141,1143,342,141,1143,342,141,1143,-1
141,153,925,141,153,925,141,153,925,-1
153,228,996,153,228,996,153,228,996,-1
228,163,1104,228,163,1104,228,163,1104,-1
163,340,922,163,340,922,163,340,922,-1
340,285,1105,340,285,1105,340,285,1105,-1
285,286,1090,285,286,1090,285,286,1090,-1
286,308,1110,286,308,1110,286,308,1110,-1
308,321,1102,308,321,1102,308,321,1102,-1
321,154,1159,321,154,1159,321,154,1159,-1
154,297,1261,154,297,1261,154,297,1261,-1
297,169,958,297,169,958,297,169,958,-1
169,302,1098,169,302,1098,169,302,1098,-1
302,286,1125,302,286,1125,302,286,1125,-1
286,148,1086,286,148,1086,286,148,1086,-1
148,397,1288,148,397,1288,148,397,1288,-1
397,283,1100,397,283,1100,397,283,1100,-1
283,304,1124,283,304,1124,283,304,1124,-1
304,294,1156,304,294,1156,304,294,1156,-1
294,285,1130,294,285,1130,294,285,1130,-1
285,284,1108,285,284,1108,285,284,1108,-1
284,276,1082,284,276,1082,284,276,1082,-1
276,271,1095,276,271,1095,276,271,1095,-1
271,279,1111,271,279,1111,271,279,1111,-1
279,184,1106,279,184,1106,279,184,1106,-1
184,225,1492,184,225,1492,184,225,1492,-1
225,186,973,225,186,973,225,186,973,-1
186,309,1210,186,309,1210,186,309,1210,-1
309,301,1126,309,301,1126,309,301,1126,-1
301,267,1106,301,267,1106,301,267,1106,-1
267,272,1104,267,272,1104,267,272,1104,-1
272,277,1111,272,277,1111,272,277,1111,-1
277,289,1112,277,289,1112,277,289,1112,-1
289,297,1141,289,297,1141,289,297,1141,-1
297,297,1128,297,297,1128,297,297,1128,-1
297,315,1123,297,315,1123,297,315,1123,-1
315,302,1136,315,302,1136,315,302,1136,-1
302,273,1127,302,273,1127,302,273,1127,-1
273,146,1097,273,146,1097,273,146,1097,-1
146,171,1211,146,171,1211,146,171,1211,-1
171,126,984,171,126,984,171,126,984,-1
126,266,1278,126,266,1278,126,266,1278,-1
266,265,953,266,265,953,266,265,953,-1
265,220,1100,265,220,1100,265,220,1100,-1
220,204,974,220,204,974,220,204,974,-1
204,177,888,204,177,888,204,177,888,-1
177,283,1078,177,283,1078,177,283,1078,-1
283,268,1066,283,268,1066,283,268,1066,-1
268,157,1084,268,157,1084,268,157,1084,-1
157,197,924,157,197,924,157,197,924,-1
197,171,961,197,171,961,197,171,961,-1
171,277,1081,171,277,1081,171,277,1081,-1
277,196,1080,277,196,1080,277,196,1080,-1
196,214,950,196,214,950,196,214,950,-1
214,178,958,214,178,958,214,178,958,-1
178,125,1106,178,125,1106,178,125,1106,-1
125,162,913,125,162,913,125,162,913,-1
162,175,1096,162,175,1096,162,175,1096,-1
175,351,1010,175,351,1010,175,351,1010,-1
351,257,1090,351,257,1090,351,257,1090,-1
257,264,1075,257,264,1075,257,264,1075,-1
264,259,1076,264,259,1076,264,259,1076,-1
259,275,1134,259,275,1134,259,275,1134,-1
275,276,1102,275,276,1102,275,276,1102,-1
276,199,1101,276,199,1101,276,199,1101,-1
199,377,1193,199,377,1193,199,377,1193,-1
377,251,1070,377,251,1070,377,251,1070,-1
251,139,1065,251,139,1065,251,139,1065,-1
139,407,1243,139,407,1243,139,407,1243,-1
407,286,1140,407,286,1140,407,286,1140,-1
286,121,1119,286,121,1119,286,121,1119,-1
121,174,924,121,174,924,121,174,924,-1
174,289,1137,174,289,1137,174,289,1137,-1
289,291,1139,289,291,1139,289,291,1139,-1
291,283,1142,291,283,1142,291,283,1142,-1
283,281,1136,283,281,1136,283,281,1136,-1
281,279,1100,281,279,1100,281,279,1100,-1
279,208,1102,279,208,1102,279,208,1102,-1
208,192,997,208,192,997,208,192,997,-1
192,219,935,192,219,935,192,219,935,-1
219,255,1188,219,255,1188,219,255,1188,-1
255,187,1013,255,187,1013,255,187,1013,-1
187,126,943,187,126,943,187,126,943,-1
126,186,1018,126,186,1018,126,186,1018,-1
186,195,937,186,195,937,186,195,937,-1
195,283,1138,195,283,1138,195,283,1138,-1
283,149,1185,283,149,1185,283,149,1185,-1
149,125,1356,149,125,1356,149,125,1356,-1
125,347,1234,125,347,1234,125,347,1234,-1
347,314,1147,347,314,1147,347,314,1147,-1
314,349,1104,314,349,1104,314,349,1104,-1
349,322,1123,349,322,1123,349,322,1123,-1
322,280,1174,322,280,1174,322,280,1174,-1
280,269,1134,280,269,1134,280,269,1134,-1
269,265,1118,269,265,1118,269,265,1118,-1
265,276,1139,265,276,1139,265,276,1139,-1
276,282,1156,276,282,1156,276,282,1156,-1
282,286,1164,282,286,1164,282,286,1164,-1
286,287,1122,286,287,1122,286,287,1122,-1
287,296,1154,287,296,1154,287,296,1154,-1
296,264,1101,296,264,1101,296,264,1101,-1
264,248,1126,264,248,1126,264,248,1126,-1
248,262,1090,248,262,1090,248,262,1090,-1
262,194,1136,262,194,1136,262,194,1136,-1
194,186,979,194,186,979,194,186,979,-1
186,194,913,186,194,913,186,194,913,-1
194,311,1143,194,311,1143,194,311,1143,-1
311,307,1112,311,307,1112,311,307,1112,-1
307,300,1092,307,300,1092,307,300,1092,-1
300,293,1095,300,293,1095,300,293,1095,-1
293,150,1064,293,150,1064,293,150,1064,-1
150,286,1269,150,286,1269,150,286,1269,-1
286,145,955,286,145,955,286,145,955,-1
145,308,1071,145,308,1071,145,308,1071,-1
308,328,1100,308,328,1100,308,328,1100,-1
328,214,1147,328,214,1147,328,214,1147,-1
214,125,1281,214,125,1281,214,125,1281,-1
125,304,1161,125,304,1161,125,304,1161,-1
304,297,1144,304,297,1144,304,297,1144,-1
297,289,1152,297,289,1152,297,289,1152,-1
289,297,1128,289,297,1128,289,297,1128,-1
297,304,1124,297,304,1124,297,304,1124,-1
304,313,1166,304,313,1166,304,313,1166,-1
313,328,1146,313,328,1146,313,328,1146,-1
328,320,1172,328,320,1172,328,320,1172,-1
320,284,1150,320,284,1150,320,284,1150,-1
284,145,1146,284,145,1146,284,145,1146,-1
145,295,1402,145,295,1402,145,295,1402,-1
295,163,949,295,163,949,295,163,949,-1
163,314,1144,163,314,1144,163,314,1144,-1
314,316,1140,314,316,1140,314,316,1140,-1
316,234,1132,316,234,1132,316,234,1132,-1
234,179,981,234,179,981,234,179,981,-1
179,198,918,179,198,918,179,198,918,-1
198,290,1105,198,290,1105,198,290,1105,-1
290,272,1146,290,272,1146,290,272,1146,-1
272,283,1106,272,283,1106,272,283,1106,-1
283,208,1116,283,208,1116,283,208,1116,-1
208,129,1111,208,129,1111,208,129,1111,-1
129,145,1298,129,145,1298,129,145,1298,-1
145,160,957,145,160,957,145,160,957,-1
160,128,1133,160,128,1133,160,128,1133,-1
128,187,902,128,187,902,128,187,902,-1
187,296,1174,187,296,1174,187,296,1174,-1
296,164,1128,296,164,1128,296,164,1128,-1
164,226,1356,164,226,1356,164,226,1356,-1
226,168,962,226,168,962,226,168,962,-1
168,286,1141,168,286,1141,168,286,1141,-1
286,204,1087,286,204,1087,286,204,1087,-1
204,181,977,204,181,977,204,181,977,-1
181,188,903,181,188,903,181,188,903,-1
188,323,1164,188,323,1164,188,323,1164,-1
323,313,1200,323,313,1200,323,313,1200,-1
313,207,1164,313,207,1164,313,207,1164,-1
207,181,993,207,181,993,207,181,993,-1
181,185,906,181,185,906,181,185,906,-1
185,289,1156,185,289,1156,185,289,1156,-1
289,308,1150,289,308,1150,289,308,1150,-1
308,316,1164,308,316,1164,308,316,1164,-1
316,304,1142,316,304,1142,316,304,1142,-1
304,180,1173,304,180,1173,304,180,1173,-1
180,141,952,180,141,952,180,141,952,-1
141,297,1098,141,297,1098,141,297,1098,-1
297,155,1078,297,155,1078,297,155,1078,-1
155,400,1355,155,400,1355,155,400,1355,-1
400,287,1035,400,287,1035,400,287,1035,-1
287,294,1072,287,294,1072,287,294,1072,-1
294,228,1084,294,228,1084,294,228,1084,-1
228,186,979,228,186,979,228,186,979,-1
186,190,924,186,190,924,186,190,924,-1
190,274,1118,190,274,1118,190,274,1118,-1
274,263,1088,274,263,1088,274,263,1088,-1
263,255,1070,263,255,1070,263,255,1070,-1
255,250,1071,255,250,1071,255,250,1071,-1
250,178,1102,250,178,1102,250,178,1102,-1
178,326,1514,178,326,1514,178,326,1514,-1
326,260,1111,326,260,1111,326,260,1111,-1
260,276,1102,260,276,1102,260,276,1102,-1
276,281,1105,276,281,1105,276,281,1105,-1
281,258,1122,281,258,1122,281,258,1122,-1
258,248,1066,258,248,1066,258,248,1066,-1
248,267,1101,248,267,1101,248,267,1101,-1
267,283,1112,267,283,1112,267,283,1112,-1
283,292,1119,283,292,1119,283,292,1119,-1
292,307,1068,292,307,1068,292,307,1068,-1
307,312,1094,307,312,1094,307,312,1094,-1
312,309,1107,312,309,1107,312,309,1107,-1
309,158,1102,309,158,1102,309,158,1102,-1
158,254,1351,158,254,1351,158,254,1351,-1
254,170,948,254,170,948,254,170,948,-1
170,296,1068,170,296,1068,170,296,1068,-1
296,320,1108,296,320,1108,296,320,1108,-1
320,174,1106,320,174,1106,320,174,1106,-1
174,269,970,174,269,970,174,269,970,-1
269,186,968,269,186,968,269,186,968,-1
186,301,1100,186,301,1100,186,301,1100,-1
301,279,1100,301,279,1100,301,279,1100,-1
279,267,1101,279,267,1101,279,267,1101,-1
267,263,1146,267,263,1146,267,263,1146,-1
263,269,1155,263,269,1155,263,269,1155,-1
269,212,1151,269,212,1151,269,212,1151,-1
212,344,1516,212,344,1516,212,344,1516,-1
344,193,987,344,193,987,344,193,987,-1
193,201,952,193,201,952,193,201,952,-1
201,304,1084,201,304,1084,201,304,1084,-1
304,286,1094,304,286,1094,304,286,1094,-1
286,286,1103,286,286,1103,286,286,1103,-1
286,303,1116,286,303,1116,286,303,1116,-1
303,165,1127,303,165,1127,303,165,1127,-1
165,126,1351,165,126,1351,165,126,1351,-1
126,165,1200,126,165,1200,126,165,1200,-1
165,156,966,165,156,966,165,156,966,-1
156,121,1130,156,121,1130,156,121,1130,-1
121,207,932,121,207,932,121,207,932,-1
207,293,1143,207,293,1143,207,293,1143,-1
293,261,1096,293,261,1096,293,261,1096,-1
261,263,1101,261,263,1101,261,263,1101,-1
263,161,1118,263,161,1118,263,161,1118,-1
161,411,956,161,411,956,161,411,956,-1
411,125,1141,411,125,1141,411,125,1141,-1
125,188,929,125,188,929,125,188,929,-1
188,124,1174,188,124,1174,188,124,1174,-1
124,171,921,124,171,921,124,171,921,-1
171,162,1145,171,162,1145,171,162,1145,-1
162,136,926,162,136,926,162,136,926,-1
136,274,1096,136,274,1096,136,274,1096,-1
274,266,1076,274,266,1076,274,266,1076,-1
266,192,1076,266,192,1076,266,192,1076,-1
192,356,658,192,356,658,192,356,658,-1
356,291,1068,356,291,1068,356,291,1068,-1
291,300,1142,291,300,1142,291,300,1142,-1
300,288,1125,300,288,1125,300,288,1125,-1
288,266,1139,288,266,1139,288,266,1139,-1
266,258,1071,266,258,1071,266,258,1071,-1
258,252,1097,258,252,1097,258,252,1097,-1
252,256,1134,252,256,1134,252,256,1134,-1
256,259,1098,256,259,1098,256,259,1098,-1
259,202,1174,259,202,1174,259,202,1174,-1
202,191,1526,202,191,1526,202,191,1526,-1
191,162,985,191,162,985,191,162,985,-1
162,292,1146,162,292,1146,162,292,1146,-1
292,285,1142,292,285,1142,292,285,1142,-1
285,260,1101,285,260,1101,285,260,1101,-1
260,143,1086,260,143,1086,260,143,1086,-1
143,402,1320,143,402,1320,143,402,1320,-1
402,278,1084,402,278,1084,402,278,1084,-1
278,291,1114,278,291,1114,278,291,1114,-1
291,217,1109,291,217,1109,291,217,1109,-1
217,192,960,217,192,960,217,192,960,-1
192,192,918,192,192,918,192,192,918,-1
192,291,1143,192,291,1143,192,291,1143,-1
291,272,1103,291,272,1103,291,272,1103,-1
272,266,1093,272,266,1093,272,266,1093,-1
266,294,1085,266,294,1085,266,294,1085,-1
294,319,1138,294,319,1138,294,319,1138,-1
319,318,1123,319,318,1123,319,318,1123,-1
318,311,1070,318,311,1070,318,311,1070,-1
311,315,1117,311,315,1117,311,315,1117,-1
315,293,1121,315,293,1121,315,293,1121,-1
293,295,1108,293,295,1108,293,295,1108,-1
295,302,1091,295,302,1091,295,302,1091,-1
302,313,1110,302,313,1110,302,313,1110,-1
313,175,1156,313,175,1156,313,175,1156,-1
175,129,1317,175,129,1317,175,129,1317,-1
129,220,1215,129,220,1215,129,220,1215,-1
220,142,939,220,142,939,220,142,939,-1
142,208,1093,142,208,1093,142,208,1093,-1
208,220,1331,208,220,1331,208,220,1331,-1
220,146,950,220,146,950,220,146,950,-1
146,271,1071,146,271,1071,146,271,1071,-1
271,278,1105,271,278,1105,271,278,1105,-1
278,281,1097,278,281,1097,278,281,1097,-1
281,283,1101,281,283,1101,281,283,1101,-1
283,299,1130,283,299,1130,283,299,1130,-1
299,168,1201,299,168,1201,299,168,1201,-1
168,125,951,168,125,951,168,125,951,-1
125,274,1101,125,274,1101,125,274,1101,-1
274,148,1079,274,148,1079,274,148,1079,-1
148,242,1267,148,242,1267,148,242,1267,-1
242,133,929,242,133,929,242,133,929,-1
133,274,1058,133,274,1058,133,274,1058,-1
274,285,1072,274,285,1072,274,285,1072,-1
285,282,1093,285,282,1093,285,282,1093,-1
282,273,1092,282,273,1092,282,273,1092,-1
273,279,1118,273,279,1118,273,279,1118,-1
279,263,1070,279,263,1070,279,263,1070,-1
263,247,1087,263,247,1087,263,247,1087,-1
247,239,1048,247,239,1048,247,239,1048,-1
239,185,1054,239,185,1054,239,185,1054,-1
185,332,1461,185,332,1461,185,332,1461,-1
332,278,1145,332,278,1145,332,278,1145,-1
278,274,1102,278,274,1102,278,274,1102,-1
274,268,1078,274,268,1078,274,268,1078,-1
268,255,1115,268,255,1115,268,255,1115,-1
255,255,1102,255,255,1102,255,255,1102,-1
255,246,1088,255,246,1088,255,246,1088,-1
246,262,1064,246,262,1064,246,262,1064,-1
262,277,1067,262,277,1067,262,277,1067,-1
277,291,1080,277,291,1080,277,291,1080,-1
291,312,1055,291,312,1055,291,312,1055,-1
312,312,1100,312,312,1100,312,312,1100,-1
312,279,1057,312,279,1057,312,279,1057,-1
279,266,1059,279,266,1059,279,266,1059,-1
266,282,1067,266,282,1067,266,282,1067,-1
282,275,1104,282,275,1104,282,275,1104,-1
275,280,1095,275,280,1095,275,280,1095,-1
280,286,1085,280,286,1085,280,286,1085,-1
286,284,1078,286,284,1078,286,284,1078,-1
284,279,1091,284,279,1091,284,279,1091,-1
279,267,1084,279,267,1084,279,267,1084,-1
267,245,1105,267,245,1105,267,245,1105,-1
245,160,1085,245,160,1085,245,160,1085,-1
160,206,1028,160,206,1028,160,206,1028,-1
206,146,980,206,146,980,206,146,980,-1
146,282,1167,146,282,1167,146,282,1167,-1
282,282,1118,282,282,1118,282,282,1118,-1
282,275,1115,282,275,1115,282,275,1115,-1
275,273,1146,275,273,1146,275,273,1146,-1
273,161,1206,273,161,1206,273,161,1206,-1
161,352,1008,161,352,1008,161,352,1008,-1
352,256,1146,352,256,1146,352,256,1146,-1
256,266,1118,256,266,1118,256,266,1118,-1
266,270,1132,266,270,1132,266,270,1132,-1
270,216,1141,270,216,1141,270,216,1141,-1
216,278,998,216,278,998,216,278,998,-1
278,222,1352,278,222,1352,278,222,1352,-1
222,178,999,222,178,999,222,178,999,-1
178,269,1139,178,269,1139,178,269,1139,-1
269,268,1141,269,268,1141,269,268,1141,-1
268,277,1143,268,277,1143,268,277,1143,-1
277,290,1135,277,290,1135,277,290,1135,-1
290,185,1157,290,185,1157,290,185,1157,-1
185,259,1256,185,259,1256,185,259,1256,-1
259,137,991,259,137,991,259,137,991,-1
137,318,1144,137,318,1144,137,318,1144,-1
318,187,1148,318,187,1148,318,187,1148,-1
187,358,1075,187,358,1075,187,358,1075,-1
358,262,1110,358,262,1110,358,262,1110,-1
262,172,1129,262,172,1129,262,172,1129,-1
172,377,1010,172,377,1010,172,377,1010,-1
377,203,1214,377,203,1214,377,203,1214,-1
203,145,1024,203,145,1024,203,145,1024,-1
145,137,841,145,137,841,145,137,841,-1
137,272,1384,137,272,1384,137,272,1384,-1
272,186,985,272,186,985,272,186,985,-1
186,165,934,186,165,934,186,165,934,-1
165,250,1121,165,250,1121,165,250,1121,-1
250,241,1117,250,241,1117,250,241,1117,-1
241,176,1077,241,176,1077,241,176,1077,-1
176,177,975,176,177,975,176,177,975,-1
177,160,930,177,160,930,177,160,930,-1
160,268,979,160,268,979,160,268,979,-1
268,281,1100,268,281,1100,268,281,1100,-1
281,269,1114,281,269,1114,281,269,1114,-1
269,248,1144,269,248,1144,269,248,1144,-1
248,242,1070,248,242,1070,248,242,1070,-1
242,162,1122,242,162,1122,242,162,1122,-1
162,339,934,162,339,934,162,339,934,-1
339,245,1108,339,245,1108,339,245,1108,-1
245,181,1118,245,181,1118,245,181,1118,-1
181,197,967,181,197,967,181,197,967,-1
197,155,886,197,155,886,197,155,886,-1
155,281,1161,155,281,1161,155,281,1161,-1
281,186,1180,281,186,1180,281,186,1180,-1
186,352,935,186,352,935,186,352,935,-1
352,245,1075,352,245,1075,352,245,1075,-1
245,147,1072,245,147,1072,245,147,1072,-1
147,263,1320,147,263,1320,147,263,1320,-1
263,135,927,263,135,927,263,135,927,-1
135,283,1073,135,283,1073,135,283,1073,-1
283,214,1081,283,214,1081,283,214,1081,-1
214,181,970,214,181,970,214,181,970,-1
181,186,940,181,186,940,181,186,940,-1
186,293,1124,186,293,1124,186,293,1124,-1
293,268,1128,293,268,1128,293,268,1128,-1
268,257,1120,268,257,1120,268,257,1120,-1
257,256,1143,257,256,1143,257,256,1143,-1
256,199,1156,256,199,1156,256,199,1156,-1
199,197,1052,199,197,1052,199,197,1052,-1
197,182,1010,197,182,1010,197,182,1010,-1
182,301,1164,182,301,1164,182,301,1164,-1
301,281,1141,301,281,1141,301,281,1141,-1
281,271,1135,281,271,1135,281,271,1135,-1
271,253,1131,271,253,1131,271,253,1131,-1
253,251,1123,253,251,1123,253,251,1123,-1
251,248,1138,251,248,1138,251,248,1138,-1
248,252,1153,248,252,1153,248,252,1153,-1
252,268,1139,252,268,1139,252,268,1139,-1
268,287,1198,268,287,1198,268,287,1198,-1
287,276,1174,287,276,1174,287,276,1174,-1
276,253,1157,276,253,1157,276,253,1157,-1
253,241,1144,253,241,1144,253,241,1144,-1
241,230,1140,241,230,1140,241,230,1140,-1
230,241,1107,230,241,1107,230,241,1107,-1
241,264,1144,241,264,1144,241,264,1144,-1
264,180,1123,264,180,1123,264,180,1123,-1
180,186,1010,180,186,1010,180,186,1010,-1
186,155,959,186,155,959,186,155,959,-1
155,286,1137,155,286,1137,155,286,1137,-1
286,292,1165,286,292,1165,286,292,1165,-1
292,265,1147,292,265,1147,292,265,1147,-1
265,246,1143,265,246,1143,265,246,1143,-1
246,262,1114,246,262,1114,246,262,1114,-1
262,268,1144,262,268,1144,262,268,1144,-1
268,180,1158,268,180,1158,268,180,1158,-1
180,420,1376,180,420,1376,180,420,1376,-1
420,281,1193,420,281,1193,420,281,1193,-1
281,225,1141,281,225,1141,281,225,1141,-1
225,188,990,225,188,990,225,188,990,-1
188,170,885,188,170,885,188,170,885,-1
170,261,1095,170,261,1095,170,261,1095,-1
261,270,1101,261,270,1101,261,270,1101,-1
270,281,1132,270,281,1132,270,281,1132,-1
281,301,1145,281,301,1145,281,301,1145,-1
301,312,1146,301,312,1146,301,312,1146,-1
312,296,1144,312,296,1144,312,296,1144,-1
296,278,1144,296,278,1144,296,278,1144,-1
278,279,1119,278,279,1119,278,279,1119,-1
279,273,1132,279,273,1132,279,273,1132,-1
273,274,1100,273,274,1100,273,274,1100,-1
274,283,1141,274,283,1141,274,283,1141,-1
283,294,1137,283,294,1137,283,294,1137,-1
294,300,1188,294,300,1188,294,300,1188,-1
300,300,1244,300,300,1244,300,300,1244,-1
300,274,1130,300,274,1130,300,274,1130,-1
274,260,1106,274,260,1106,274,260,1106,-1
260,283,1093,260,283,1093,260,283,1093,-1
283,209,1117,283,209,1117,283,209,1117,-1
209,126,1278,209,126,1278,209,126,1278,-1
126,243,1152,126,243,1152,126,243,1152,-1
243,296,1161,243,296,1161,243,296,1161,-1
296,293,1114,296,293,1114,296,293,1114,-1
293,292,1178,293,292,1178,293,292,1178,-1
292,269,1108,292,269,1108,292,269,1108,-1
269,190,1085,269,190,1085,269,190,1085,-1
190,168,966,190,168,966,190,168,966,-1
168,181,897,168,181,897,168,181,897,-1
181,301,1111,181,301,1111,181,301,1111,-1
301,311,1115,301,311,1115,301,311,1115,-1
311,184,1120,311,184,1120,311,184,1120,-1
184,222,960,184,222,960,184,222,960,-1
222,200,904,222,200,904,222,200,904,-1
200,292,1128,200,292,1128,200,292,1128,-1
292,284,1107,292,284,1107,292,284,1107,-1
284,285,1130,284,285,1130,284,285,1130,-1
285,292,1091,285,292,1091,285,292,1091,-1
292,237,1127,292,237,1127,292,237,1127,-1
237,253,978,237,253,978,237,253,978,-1
253,128,1248,253,128,1248,253,128,1248,-1
128,130,1180,128,130,1180,128,130,1180,-1
130,222,956,130,222,956,130,222,956,-1
222,297,1110,222,297,1110,222,297,1110,-1
297,276,1089,297,276,1089,297,276,1089,-1
276,290,1092,276,290,1092,276,290,1092,-1
290,299,1097,290,299,1097,290,299,1097,-1
299,159,1119,299,159,1119,299,159,1119,-1
159,127,1298,159,127,1298,159,127,1298,-1
127,343,1216,127,343,1216,127,343,1216,-1
343,327,1146,343,327,1146,343,327,1146,-1
327,294,1188,327,294,1188,327,294,1188,-1
294,145,1121,294,145,1121,294,145,1121,-1
145,420,1314,145,420,1314,145,420,1314,-1
420,282,1137,420,282,1137,420,282,1137,-1
282,233,1148,282,233,1148,282,233,1148,-1
233,198,973,233,198,973,233,198,973,-1
198,191,893,198,191,893,198,191,893,-1
191,235,1178,191,235,1178,191,235,1178,-1
235,186,981,235,186,981,235,186,981,-1
186,198,910,186,198,910,186,198,910,-1
198,282,1143,198,282,1143,198,282,1143,-1
282,280,1087,282,280,1087,282,280,1087,-1
280,284,1078,280,284,1078,280,284,1078,-1
284,302,1137,284,302,1137,284,302,1137,-1
302,315,1111,302,315,1111,302,315,1111,-1
315,247,1120,315,247,1120,315,247,1120,-1
247,180,982,247,180,982,247,180,982,-1
180,201,911,180,201,911,180,201,911,-1
201,282,1109,201,282,1109,201,282,1109,-1
282,290,1109,282,290,1109,282,290,1109,-1
290,147,1114,290,147,1114,290,147,1114,-1
147,122,1262,147,122,1262,147,122,1262,-1
122,159,1167,122,159,1167,122,159,1167,-1
159,153,911,159,153,911,159,153,911,-1
153,306,1093,153,306,1093,153,306,1093,-1
306,293,1110,306,293,1110,306,293,1110,-1
293,175,1115,293,175,1115,293,175,1115,-1
175,221,900,175,221,900,175,221,900,-1
221,198,923,221,198,923,221,198,923,-1
198,258,1058,198,258,1058,198,258,1058,-1
258,191,1057,258,191,1057,258,191,1057,-1
191,365,994,191,365,994,191,365,994,-1
365,286,1057,365,286,1057,365,286,1057,-1
286,186,1081,286,186,1081,286,186,1081,-1
186,124,991,186,124,991,186,124,991,-1
124,278,1017,124,278,1017,124,278,1017,-1
278,280,1090,278,280,1090,278,280,1090,-1
280,167,1089,280,167,1089,280,167,1089,-1
167,295,910,167,295,910,167,295,910,-1
295,181,906,295,181,906,295,181,906,-1
181,148,873,181,148,873,181,148,873,-1
148,158,1045,148,158,1045,148,158,1045,-1
158,183,905,158,183,905,158,183,905,-1
183,223,951,183,223,951,183,223,951,-1
223,297,1114,223,297,1114,223,297,1114,-1
297,206,1078,297,206,1078,297,206,1078,-1
206,185,928,206,185,928,206,185,928,-1
185,175,879,185,175,879,185,175,879,-1
175,181,1073,175,181,1073,175,181,1073,-1
181,178,946,181,178,946,181,178,946,-1
178,158,897,178,158,897,178,158,897,-1
158,268,1061,158,268,1061,158,268,1061,-1
268,265,1103,268,265,1103,268,265,1103,-1
265,289,1111,265,289,1111,265,289,1111,-1
289,210,1149,289,210,1149,289,210,1149,-1
210,231,1489,210,231,1489,210,231,1489,-1
231,196,950,231,196,950,231,196,950,-1
196,275,1119,196,275,1119,196,275,1119,-1
275,202,1104,275,202,1104,275,202,1104,-1
202,170,966,202,170,966,202,170,966,-1
170,176,888,170,176,888,170,176,888,-1
176,220,1094,176,220,1094,176,220,1094,-1
220,182,967,220,182,967,220,182,967,-1
182,196,894,182,196,894,182,196,894,-1
196,309,1089,196,309,1089,196,309,1089,-1
309,328,1100,309,328,1100,309,328,1100,-1
328,316,1151,328,316,1151,328,316,1151,-1
316,288,1109,316,288,1109,316,288,1109,-1
288,145,1092,288,145,1092,288,145,1092,-1
145,307,1273,145,307,1273,145,307,1273,-1
307,152,935,307,152,935,307,152,935,-1
152,186,1105,152,186,1105,152,186,1105,-1
186,142,947,186,142,947,186,142,947,-1
142,198,1105,142,198,1105,142,198,1105,-1
198,141,948,198,141,948,198,141,948,-1
141,327,1141,141,327,1141,141,327,1141,-1
327,328,1100,327,328,1100,327,328,1100,-1
328,296,1091,328,296,1091,328,296,1091,-1
296,289,1078,296,289,1078,296,289,1078,-1
289,221,1167,289,221,1167,289,221,1167,-1
221,231,974,221,231,974,221,231,974,-1
231,131,1341,231,131,1341,231,131,1341,-1
131,162,1175,131,162,1175,131,162,1175,-1
162,213,951,162,213,951,162,213,951,-1
213,121,1190,213,121,1190,213,121,1190,-1
121,195,923,121,195,923,121,195,923,-1
195,289,1181,195,289,1181,195,289,1181,-1
289,277,1123,289,277,1123,289,277,1123,-1
277,274,1136,277,274,1136,277,274,1136,-1
274,285,1133,274,285,1133,274,285,1133,-1
285,291,1122,285,291,1122,285,291,1122,-1
291,171,1137,291,171,1137,291,171,1137,-1
171,122,1374,171,122,1374,171,122,1374,-1
122,337,1188,122,337,1188,122,337,1188,-1
337,124,1136,337,124,1136,337,124,1136,-1
124,180,897,124,180,897,124,180,897,-1
180,279,1129,180,279,1129,180,279,1129,-1
279,270,1098,279,270,1098,279,270,1098,-1
270,293,1127,270,293,1127,270,293,1127,-1
293,177,1162,293,177,1162,293,177,1162,-1
177,213,1332,177,213,1332,177,213,1332,-1
213,195,993,213,195,993,213,195,993,-1
195,293,1185,195,293,1185,195,293,1185,-1
293,295,1241,293,295,1241,293,295,1241,-1
295,282,1152,295,282,1152,295,282,1152,-1
282,263,1130,282,263,1130,282,263,1130,-1
263,258,1106,263,258,1106,263,258,1106,-1
258,275,1095,258,275,1095,258,275,1095,-1
275,306,1159,275,306,1159,275,306,1159,-1
306,304,1149,306,304,1149,306,304,1149,-1
304,215,1159,304,215,1159,304,215,1159,-1
215,180,1002,215,180,1002,215,180,1002,-1
180,199,937,180,199,937,180,199,937,-1
199,280,1114,199,280,1114,199,280,1114,-1
280,284,1154,280,284,1154,280,284,1154,-1
284,149,1152,284,149,1152,284,149,1152,-1
149,225,1377,149,225,1377,149,225,1377,-1
225,203,961,225,203,961,225,203,961,-1
203,315,1158,203,315,1158,203,315,1158,-1
315,122,1153,315,122,1153,315,122,1153,-1
122,194,916,122,194,916,122,194,916,-1
194,172,1186,194,172,1186,194,172,1186,-1
172,121,1361,172,121,1361,172,121,1361,-1
121,289,1220,121,289,1220,121,289,1220,-1
289,268,1112,289,268,1112,289,268,1112,-1
268,269,1096,268,269,1096,268,269,1096,-1
269,279,1107,269,279,1107,269,279,1107,-1
279,274,1097,279,274,1097,279,274,1097,-1
274,154,1120,274,154,1120,274,154,1120,-1
154,125,1326,154,125,1326,154,125,1326,-1
125,153,1218,125,153,1218,125,153,1218,-1
153,143,959,153,143,959,153,143,959,-1
143,121,1141,143,121,1141,143,121,1141,-1
121,166,909,121,166,909,121,166,909,-1
166,259,1110,166,259,1110,166,259,1110,-1
259,253,1091,259,253,1091,259,253,1091,-1
253,260,1099,253,260,1099,253,260,1099,-1
260,272,1077,260,272,1077,260,272,1077,-1
272,293,1131,272,293,1131,272,293,1131,-1
293,292,1153,293,292,1153,293,292,1153,-1
292,289,1173,292,289,1173,292,289,1173,-1
289,166,1114,289,166,1114,289,166,1114,-1
166,129,1350,166,129,1350,166,129,1350,-1
129,150,1185,129,150,1185,129,150,1185,-1
150,146,963,150,146,963,150,146,963,-1
146,267,1122,146,267,1122,146,267,1122,-1
267,277,1084,267,277,1084,267,277,1084,-1
277,285,1135,277,285,1135,277,285,1135,-1
285,303,1134,285,303,1134,285,303,1134,-1
303,309,1201,303,309,1201,303,309,1201,-1
309,304,1141,309,304,1141,309,304,1141,-1
304,282,1154,304,282,1154,304,282,1154,-1
282,286,1105,282,286,1105,282,286,1105,-1
286,278,1146,286,278,1146,286,278,1146,-1
278,283,1173,278,283,1173,278,283,1173,-1
283,297,1117,283,297,1117,283,297,1117,-1
297,302,1182,297,302,1182,297,302,1182,-1
302,313,1168,302,313,1168,302,313,1168,-1
313,293,1158,313,293,1158,313,293,1158,-1
293,267,1090,293,267,1090,293,267,1090,-1
267,264,1122,267,264,1122,267,264,1122,-1
264,157,1139,264,157,1139,264,157,1139,-1
157,128,1343,157,128,1343,157,128,1343,-1
128,293,1180,128,293,1180,128,293,1180,-1
293,286,1142,293,286,1142,293,286,1142,-1
286,211,1162,286,211,1162,286,211,1162,-1
211,197,981,211,197,981,211,197,981,-1
197,173,912,197,173,912,197,173,912,-1
173,282,1139,173,282,1139,173,282,1139,-1
282,265,1134,282,265,1134,282,265,1134,-1
265,265,1121,265,265,1121,265,265,1121,-1
265,277,1094,265,277,1094,265,277,1094,-1
277,221,1138,277,221,1138,277,221,1138,-1
221,192,973,221,192,973,221,192,973,-1
192,209,897,192,209,897,192,209,897,-1
209,224,1161,209,224,1161,209,224,1161,-1
224,190,966,224,190,966,224,190,966,-1
190,195,906,190,195,906,190,195,906,-1
195,281,1126,195,281,1126,195,281,1126,-1
281,284,1132,281,284,1132,281,284,1132,-1
284,292,1136,284,292,1136,284,292,1136,-1
292,293,1124,292,293,1124,292,293,1124,-1
293,325,1148,293,325,1148,293,325,1148,-1
325,331,1149,325,331,1149,325,331,1149,-1
331,313,1189,331,313,1189,331,313,1189,-1
313,298,1120,313,298,1120,313,298,1120,-1
298,284,1126,298,284,1126,298,284,1126,-1
284,310,1137,284,310,1137,284,310,1137,-1
310,320,1150,310,320,1150,310,320,1150,-1
320,321,1172,320,321,1172,320,321,1172,-1
321,330,1166,321,330,1166,321,330,1166,-1
330,121,1216,330,121,1216,330,121,1216,-1
121,212,929,121,212,929,121,212,929,-1
212,292,1146,212,292,1146,212,292,1146,-1
292,292,1113,292,292,1113,292,292,1113,-1
292,304,1119,292,304,1119,292,304,1119,-1
304,210,1129,304,210,1129,304,210,1129,-1
210,265,677,210,265,677,210,265,677,-1
265,199,969,265,199,969,265,199,969,-1
199,121,1122,199,121,1122,199,121,1122,-1
121,197,908,121,197,908,121,197,908,-1
197,317,1109,197,317,1109,197,317,1109,-1
317,294,1170,317,294,1170,317,294,1170,-1
294,152,1126,294,152,1126,294,152,1126,-1
152,283,1285,152,283,1285,152,283,1285,-1
283,133,962,283,133,962,283,133,962,-1
133,297,1143,133,297,1143,133,297,1143,-1
297,301,1147,297,301,1147,297,301,1147,-1
301,306,1159,301,306,1159,301,306,1159,-1
306,288,1163,306,288,1163,306,288,1163,-1
288,266,1123,288,266,1123,288,266,1123,-1
266,273,1133,266,273,1133,266,273,1133,-1
273,276,1116,273,276,1116,273,276,1116,-1
276,267,1148,276,267,1148,276,267,1148,-1
267,291,1208,267,291,1208,267,291,1208,-1
291,293,1151,291,293,1151,291,293,1151,-1
293,171,1144,293,171,1144,293,171,1144,-1
171,130,1362,171,130,1362,171,130,1362,-1
130,293,1216,130,293,1216,130,293,1216,-1
293,262,1111,293,262,1111,293,262,1111,-1
262,260,1099,262,260,1099,262,260,1099,-1
260,284,1121,260,284,1121,260,284,1121,-1
284,285,1146,284,285,1146,284,285,1146,-1
285,283,1207,285,283,1207,285,283,1207,-1
283,298,1140,283,298,1140,283,298,1140,-1
298,295,1199,298,295,1199,298,295,1199,-1
295,292,1160,295,292,1160,295,292,1160,-1
292,146,1124,292,146,1124,292,146,1124,-1
146,403,1308,146,403,1308,146,403,1308,-1
403,288,1081,403,288,1081,403,288,1081,-1
288,183,1117,288,183,1117,288,183,1117,-1
183,267,954,183,267,954,183,267,954,-1
267,173,945,267,173,945,267,173,945,-1
173,293,1123,173,293,1123,173,293,1123,-1
293,290,1165,293,290,1165,293,290,1165,-1
290,280,1139,290,280,1139,290,280,1139,-1
280,275,1130,280,275,1130,280,275,1130,-1
275,285,1110,275,285,1110,275,285,1110,-1
285,148,1139,285,148,1139,285,148,1139,-1
148,129,1289,148,129,1289,148,129,1289,-1
129,158,1215,129,158,1215,129,158,1215,-1
158,193,960,158,193,960,158,193,960,-1
193,315,1175,193,315,1175,193,315,1175,-1
315,306,1190,315,306,1190,315,306,1190,-1
306,284,1136,306,284,1136,306,284,1136,-1
284,279,1088,284,279,1088,284,279,1088,-1
279,164,1146,279,164,1146,279,164,1146,-1
164,434,981,164,434,981,164,434,981,-1
434,298,1110,434,298,1110,434,298,1110,-1
298,331,1163,298,331,1163,298,331,1163,-1
331,121,1208,331,121,1208,331,121,1208,-1
121,193,920,121,193,920,121,193,920,-1
193,288,1191,193,288,1191,193,288,1191,-1
288,282,1160,288,282,1160,288,282,1160,-1
282,285,1181,282,285,1181,282,285,1181,-1
285,185,1168,285,185,1168,285,185,1168,-1
185,236,1283,185,236,1283,185,236,1283,-1
236,222,982,236,222,982,236,222,982,-1
222,311,1208,222,311,1208,222,311,1208,-1
311,239,1149,311,239,1149,311,239,1149,-1
239,197,991,239,197,991,239,197,991,-1
197,181,919,197,181,919,197,181,919,-1
181,280,1121,181,280,1121,181,280,1121,-1
280,277,1097,280,277,1097,280,277,1097,-1
277,290,1174,277,290,1174,277,290,1174,-1
290,165,1122,290,165,1122,290,165,1122,-1
165,124,1296,165,124,1296,165,124,1296,-1
124,341,1211,124,341,1211,124,341,1211,-1
341,304,1089,341,304,1089,341,304,1089,-1
304,280,1108,304,280,1108,304,280,1108,-1
280,280,1144,280,280,1144,280,280,1144,-1
280,266,1104,280,266,1104,280,266,1104,-1
266,151,1129,266,151,1129,266,151,1129,-1
151,245,1302,151,245,1302,151,245,1302,-1
245,143,961,245,143,961,245,143,961,-1
143,280,1136,143,280,1136,143,280,1136,-1
280,204,1139,280,204,1139,280,204,1139,-1
204,198,967,204,198,967,204,198,967,-1
198,169,886,198,169,886,198,169,886,-1
169,264,1135,169,264,1135,169,264,1135,-1
264,255,1069,264,255,1069,264,255,1069,-1
255,263,1094,255,263,1094,255,263,1094,-1
263,276,1133,263,276,1133,263,276,1133,-1
276,277,1083,276,277,1083,276,277,1083,-1
277,287,1049,277,287,1049,277,287,1049,-1
287,296,1103,287,296,1103,287,296,1103,-1
296,297,1119,296,297,1119,296,297,1119,-1
297,296,1101,297,296,1101,297,296,1101,-1
296,147,1079,296,147,1079,296,147,1079,-1
147,425,1253,147,425,1253,147,425,1253,-1
425,304,1102,425,304,1102,425,304,1102,-1
304,311,1171,304,311,1171,304,311,1171,-1
311,300,1129,311,300,1129,311,300,1129,-1
300,307,1182,300,307,1182,300,307,1182,-1
307,176,1162,307,176,1162,307,176,1162,-1
176,289,1206,176,289,1206,176,289,1206,-1
289,128,998,289,128,998,289,128,998,-1
128,285,1135,128,285,1135,128,285,1135,-1
285,286,1135,285,286,1135,285,286,1135,-1
286,306,1148,286,306,1148,286,306,1148,-1
306,176,1184,306,176,1184,306,176,1184,-1
176,131,1305,176,131,1305,176,131,1305,-1
131,336,1211,131,336,1211,131,336,1211,-1
336,285,1129,336,285,1129,336,285,1129,-1
285,281,1148,285,281,1148,285,281,1148,-1
281,281,1140,281,281,1140,281,281,1140,-1
281,291,1102,281,291,1102,281,291,1102,-1
291,295,1127,291,295,1127,291,295,1127,-1
295,302,1122,295,302,1122,295,302,1122,-1
302,169,1142,302,169,1142,302,169,1142,-1
169,213,1298,169,213,1298,169,213,1298,-1
213,141,1240,213,141,1240,213,141,1240,-1
141,124,1259,141,124,1259,141,124,1259,-1
124,222,1231,124,222,1231,124,222,1231,-1
222,135,980,222,135,980,222,135,980,-1
135,269,1112,135,269,1112,135,269,1112,-1
269,278,1126,269,278,1126,269,278,1126,-1
278,290,1125,278,290,1125,278,290,1125,-1
290,286,1144,290,286,1144,290,286,1144,-1
286,199,1198,286,199,1198,286,199,1198,-1
199,207,1253,199,207,1253,199,207,1253,-1
207,164,913,207,164,913,207,164,913,-1
164,268,1133,164,268,1133,164,268,1133,-1
268,264,1110,268,264,1110,268,264,1110,-1
264,249,1095,264,249,1095,264,249,1095,-1
249,264,1122,249,264,1122,249,264,1122,-1
264,270,1113,264,270,1113,264,270,1113,-1
270,209,1136,270,209,1136,270,209,1136,-1
209,198,989,209,198,989,209,198,989,-1
198,176,927,198,176,927,198,176,927,-1
176,288,1130,176,288,1130,176,288,1130,-1
288,197,1129,288,197,1129,288,197,1129,-1
197,236,981,197,236,981,197,236,981,-1
236,160,1294,236,160,1294,236,160,1294,-1
160,304,1144,160,304,1144,160,304,1144,-1
304,165,938,304,165,938,304,165,938,-1
165,295,1104,165,295,1104,165,295,1104,-1
295,303,1130,295,303,1130,295,303,1130,-1
303,315,1191,303,315,1191,303,315,1191,-1
315,291,1201,315,291,1201,315,291,1201,-1
291,273,1146,291,273,1146,291,273,1146,-1
273,187,1095,273,187,1095,273,187,1095,-1
187,126,1102,187,126,1102,187,126,1102,-1
126,290,1183,126,290,1183,126,290,1183,-1
290,297,1145,290,297,1145,290,297,1145,-1
297,242,1107,297,242,1107,297,242,1107,-1
242,194,984,242,194,984,242,194,984,-1
194,196,911,194,196,911,194,196,911,-1
196,169,1157,196,169,1157,196,169,1157,-1
169,125,1252,169,125,1252,169,125,1252,-1
125,134,1211,125,134,1211,125,134,1211,-1
134,197,960,134,197,960,134,197,960,-1
197,281,1102,197,281,1102,197,281,1102,-1
281,301,1083,281,301,1083,281,301,1083,-1
301,318,1125,301,318,1125,301,318,1125,-1
318,320,1098,318,320,1098,318,320,1098,-1
320,315,1107,320,315,1107,320,315,1107,-1
315,313,1151,315,313,1151,315,313,1151,-1
313,299,1109,313,299,1109,313,299,1109,-1
299,289,1112,299,289,1112,299,289,1112,-1
289,293,1131,289,293,1131,289,293,1131,-1
293,154,1113,293,154,1113,293,154,1113,-1
154,129,1294,154,129,1294,154,129,1294,-1
129,191,1197,129,191,1197,129,191,1197,-1
191,164,967,191,164,967,191,164,967,-1
164,308,1143,164,308,1143,164,308,1143,-1
308,286,1100,308,286,1100,308,286,1100,-1
286,270,1109,286,270,1109,286,270,1109,-1
270,269,1113,270,269,1113,270,269,1113,-1
269,280,1095,269,280,1095,269,280,1095,-1
280,281,1155,280,281,1155,280,281,1155,-1
281,186,1146,281,186,1146,281,186,1146,-1
186,334,1289,186,334,1289,186,334,1289,-1
334,206,1001,334,206,1001,334,206,1001,-1
206,188,937,206,188,937,206,188,937,-1
188,180,1207,188,180,1207,188,180,1207,-1
180,220,1039,180,220,1039,180,220,1039,-1
220,147,983,220,147,983,220,147,983,-1
147,262,1136,147,262,1136,147,262,1136,-1
262,272,1126,262,272,1126,262,272,1126,-1
272,272,1142,272,272,1142,272,272,1142,-1
272,284,1150,272,284,1150,272,284,1150,-1
284,286,1133,284,286,1133,284,286,1133,-1
286,298,1179,286,298,1179,286,298,1179,-1
298,275,1160,298,275,1160,298,275,1160,-1
275,256,1131,275,256,1131,275,256,1131,-1
256,145,1149,256,145,1149,256,145,1149,-1
145,387,1303,145,387,1303,145,387,1303,-1
387,289,1111,387,289,1111,387,289,1111,-1
289,297,1126,289,297,1126,289,297,1126,-1
297,295,1164,297,295,1164,297,295,1164,-1
295,296,1150,295,296,1150,295,296,1150,-1
296,290,1171,296,290,1171,296,290,1171,-1
290,282,1121,290,282,1121,290,282,1121,-1
282,291,1127,282,291,1127,282,291,1127,-1
291,305,1122,291,305,1122,291,305,1122,-1
305,179,1126,305,179,1126,305,179,1126,-1
179,139,981,179,139,981,179,139,981,-1
139,339,1146,139,339,1146,139,339,1146,-1
339,324,1142,339,324,1142,339,324,1142,-1
324,302,1130,324,302,1130,324,302,1130,-1
302,176,1139,302,176,1139,302,176,1139,-1
176,280,1210,176,280,1210,176,280,1210,-1
280,184,996,280,184,996,280,184,996,-1
184,311,1133,184,311,1133,184,311,1133,-1
311,332,1143,311,332,1143,311,332,1143,-1
332,204,1149,332,204,1149,332,204,1149,-1
204,131,1240,204,131,1240,204,131,1240,-1
131,144,1202,131,144,1202,131,144,1202,-1
144,199,990,144,199,990,144,199,990,-1
199,292,1110,199,292,1110,199,292,1110,-1
292,286,1101,292,286,1101,292,286,1101,-1
286,319,1126,286,319,1126,286,319,1126,-1
319,313,1144,319,313,1144,319,313,1144,-1
313,308,1185,313,308,1185,313,308,1185,-1
308,317,1132,308,317,1132,308,317,1132,-1
317,156,1136,317,156,1136,317,156,1136,-1
156,128,1259,156,128,1259,156,128,1259,-1
128,141,1216,128,141,1216,128,141,1216,-1
141,176,967,141,176,967,141,176,967,-1
176,273,1112,176,273,1112,176,273,1112,-1
273,275,1134,273,275,1134,273,275,1134,-1
275,161,1121,275,161,1121,275,161,1121,-1
161,132,1333,161,132,1333,161,132,1333,-1
132,129,1191,132,129,1191,132,129,1191,-1
129,192,963,129,192,963,129,192,963,-1
192,293,1174,192,293,1174,192,293,1174,-1
293,293,1137,293,293,1137,293,293,1137,-1
293,283,1098,293,283,1098,293,283,1098,-1
283,274,1095,283,274,1095,283,274,1095,-1
274,278,1126,274,278,1126,274,278,1126,-1
278,275,1115,278,275,1115,278,275,1115,-1
275,272,1125,275,272,1125,275,272,1125,-1
272,292,1137,272,292,1137,272,292,1137,-1
292,210,1132,292,210,1132,292,210,1132,-1
210,194,971,210,194,971,210,194,971,-1
194,160,893,194,160,893,194,160,893,-1
160,258,1112,160,258,1112,160,258,1112,-1
258,258,1096,258,258,1096,258,258,1096,-1
258,261,1074,258,261,1074,258,261,1074,-1
261,280,1125,261,280,1125,261,280,1125,-1
280,213,1132,280,213,1132,280,213,1132,-1
213,243,968,213,243,968,213,243,968,-1
243,125,1298,243,125,1298,243,125,1298,-1
125,154,1160,125,154,1160,125,154,1160,-1
154,162,947,154,162,947,154,162,947,-1
162,296,1115,162,296,1115,162,296,1115,-1
296,275,1075,296,275,1075,296,275,1075,-1
275,273,1063,275,273,1063,275,273,1063,-1
273,289,1091,273,289,1091,273,289,1091,-1
289,210,1110,289,210,1110,289,210,1110,-1
210,332,1229,210,332,1229,210,332,1229,-1
332,191,963,332,191,963,332,191,963,-1
191,198,906,191,198,906,191,198,906,-1
198,303,1095,198,303,1095,198,303,1095,-1
303,302,1105,303,302,1105,303,302,1105,-1
302,288,1098,302,288,1098,302,288,1098,-1
288,289,1076,288,289,1076,288,289,1076,-1
289,311,1087,289,311,1087,289,311,1087,-1
311,328,1108,311,328,1108,311,328,1108,-1
328,342,1146,328,342,1146,328,342,1146,-1
342,194,1125,342,194,1125,342,194,1125,-1
194,186,1481,194,186,1481,194,186,1481,-1
186,265,978,186,265,978,186,265,978,-1
265,310,1102,265,310,1102,265,310,1102,-1
310,318,1106,310,318,1106,310,318,1106,-1
318,309,1134,318,309,1134,318,309,1134,-1
309,191,1106,309,191,1106,309,191,1106,-1
191,487,1203,191,487,1203,191,487,1203,-1
487,121,1110,487,121,1110,487,121,1110,-1
121,198,905,121,198,905,121,198,905,-1
198,286,1129,198,286,1129,198,286,1129,-1
286,285,1079,286,285,1079,286,285,1079,-1
285,302,1125,285,302,1125,285,302,1125,-1
302,303,1117,302,303,1117,302,303,1117,-1
303,304,1164,303,304,1164,303,304,1164,-1
304,307,1164,304,307,1164,304,307,1164,-1
307,301,1125,307,301,1125,307,301,1125,-1
301,291,1108,301,291,1108,301,291,1108,-1
291,272,1077,291,272,1077,291,272,1077,-1
272,276,1149,272,276,1149,272,276,1149,-1
276,193,1137,276,193,1137,276,193,1137,-1
193,436,1285,193,436,1285,193,436,1285,-1
436,124,1212,436,124,1212,436,124,1212,-1
124,179,923,124,179,923,124,179,923,-1
179,298,1123,179,298,1123,179,298,1123,-1
298,190,1095,298,190,1095,298,190,1095,-1
190,186,964,190,186,964,190,186,964,-1
186,159,915,186,159,915,186,159,915,-1
159,270,1099,159,270,1099,159,270,1099,-1
270,195,1066,270,195,1066,270,195,1066,-1
195,180,961,195,180,961,195,180,961,-1
180,180,890,180,180,890,180,180,890,-1
180,228,1122,180,228,1122,180,228,1122,-1
228,205,964,228,205,964,228,205,964,-1
205,183,883,205,183,883,205,183,883,-1
183,282,1118,183,282,1118,183,282,1118,-1
282,272,1079,282,272,1079,282,272,1079,-1
272,260,1120,272,260,1120,272,260,1120,-1
260,157,1091,260,157,1091,260,157,1091,-1
157,121,1271,157,121,1271,157,121,1271,-1
121,162,1192,121,162,1192,121,162,1192,-1
162,146,958,162,146,958,162,146,958,-1
146,293,1148,146,293,1148,146,293,1148,-1
293,306,1095,293,306,1095,293,306,1095,-1
306,236,1184,306,236,1184,306,236,1184,-1
236,188,984,236,188,984,236,188,984,-1
188,178,901,188,178,901,188,178,901,-1
178,266,1086,178,266,1086,178,266,1086,-1
266,278,1094,266,278,1094,266,278,1094,-1
278,292,1099,278,292,1099,278,292,1099,-1
292,318,1149,292,318,1149,292,318,1149,-1
318,164,1164,318,164,1164,318,164,1164,-1
164,132,1253,164,132,1253,164,132,1253,-1
132,358,1232,132,358,1232,132,358,1232,-1
358,312,1127,358,312,1127,358,312,1127,-1
312,291,1122,312,291,1122,312,291,1122,-1
291,278,1119,291,278,1119,291,278,1119,-1
278,300,1158,278,300,1158,278,300,1158,-1
300,318,1154,300,318,1154,300,318,1154,-1
318,329,1167,318,329,1167,318,329,1167,-1
329,327,1154,329,327,1154,329,327,1154,-1
327,300,1126,327,300,1126,327,300,1126,-1
300,157,1144,300,157,1144,300,157,1144,-1
157,365,1313,157,365,1313,157,365,1313,-1
365,186,985,365,186,985,365,186,985,-1
186,176,904,186,176,904,186,176,904,-1
176,306,1151,176,306,1151,176,306,1151,-1
306,158,1142,306,158,1142,306,158,1142,-1
158,188,1223,158,188,1223,158,188,1223,-1
188,130,1118,188,130,1118,188,130,1118,-1
130,150,1228,130,150,1228,130,150,1228,-1
150,238,938,150,238,938,150,238,938,-1
238,275,1102,238,275,1102,238,275,1102,-1
275,266,1087,275,266,1087,275,266,1087,-1
266,270,1112,266,270,1112,266,270,1112,-1
270,272,1142,270,272,1142,270,272,1142,-1
272,274,1156,272,274,1156,272,274,1156,-1
274,281,1180,274,281,1180,274,281,1180,-1
281,279,1227,281,279,1227,281,279,1227,-1
279,285,1171,279,285,1171,279,285,1171,-1
285,260,1158,285,260,1158,285,260,1158,-1
260,255,1122,260,255,1122,260,255,1122,-1
255,265,1114,255,265,1114,255,265,1114,-1
265,211,1154,265,211,1154,265,211,1154,-1
211,186,982,211,186,982,211,186,982,-1
186,185,914,186,185,914,186,185,914,-1
185,287,1174,185,287,1174,185,287,1174,-1
287,212,1188,287,212,1188,287,212,1188,-1
212,190,989,212,190,989,212,190,989,-1
190,173,916,190,173,916,190,173,916,-1
173,278,1091,173,278,1091,173,278,1091,-1
278,273,1162,278,273,1162,278,273,1162,-1
273,281,1126,273,281,1126,273,281,1126,-1
281,302,1107,281,302,1107,281,302,1107,-1
302,183,1134,302,183,1134,302,183,1134,-1
183,136,1322,183,136,1322,183,136,1322,-1
136,342,1191,136,342,1191,136,342,1191,-1
342,295,1111,342,295,1111,342,295,1111,-1
295,285,1117,295,285,1117,295,285,1117,-1
285,277,1087,285,277,1087,285,277,1087,-1
277,300,1079,277,300,1079,277,300,1079,-1
300,301,1095,300,301,1095,300,301,1095,-1
301,302,1132,301,302,1132,301,302,1132,-1
302,331,1174,302,331,1174,302,331,1174,-1
331,313,1197,331,313,1197,331,313,1197,-1
313,281,1118,313,281,1118,313,281,1118,-1
281,285,1092,281,285,1092,281,285,1092,-1
285,285,1108,285,285,1108,285,285,1108,-1
285,304,1124,285,304,1124,285,304,1124,-1
304,196,1167,304,196,1167,304,196,1167,-1
196,258,1223,196,258,1223,196,258,1223,-1
258,184,983,258,184,983,258,184,983,-1
184,300,1174,184,300,1174,184,300,1174,-1
300,181,1133,300,181,1133,300,181,1133,-1
181,392,1037,181,392,1037,181,392,1037,-1
392,266,1106,392,266,1106,392,266,1106,-1
266,282,1123,266,282,1123,266,282,1123,-1
282,202,1135,282,202,1135,282,202,1135,-1
202,193,994,202,193,994,202,193,994,-1
193,197,920,193,197,920,193,197,920,-1
197,171,1153,197,171,1153,197,171,1153,-1
171,132,1285,171,132,1285,171,132,1285,-1
132,305,1187,132,305,1187,132,305,1187,-1
305,276,1108,305,276,1108,305,276,1108,-1
276,278,1123,276,278,1123,276,278,1123,-1
278,279,1105,278,279,1105,278,279,1105,-1
279,276,1127,279,276,1127,279,276,1127,-1
276,192,1154,276,192,1154,276,192,1154,-1
192,403,1273,192,403,1273,192,403,1273,-1
403,295,1163,403,295,1163,403,295,1163,-1
295,272,1171,295,272,1171,295,272,1171,-1
272,253,1133,272,253,1133,272,253,1133,-1
253,268,1119,253,268,1119,253,268,1119,-1
268,280,1130,268,280,1130,268,280,1130,-1
280,281,1150,280,281,1150,280,281,1150,-1
281,284,1136,281,284,1136,281,284,1136,-1
284,298,1119,284,298,1119,284,298,1119,-1
298,290,1146,298,290,1146,298,290,1146,-1
290,279,1147,290,279,1147,290,279,1147,-1
279,189,1122,279,189,1122,279,189,1122,-1
189,179,973,189,179,973,189,179,973,-1
179,179,904,179,179,904,179,179,904,-1
179,153,1136,179,153,1136,179,153,1136,-1
153,133,1250,153,133,1250,153,133,1250,-1
133,184,1164,133,184,1164,133,184,1164,-1
184,160,960,184,160,960,184,160,960,-1
160,123,1095,160,123,1095,160,123,1095,-1
123,188,905,123,188,905,123,188,905,-1
188,237,1112,188,237,1112,188,237,1112,-1
237,192,971,237,192,971,237,192,971,-1
192,182,881,192,182,881,192,182,881,-1
182,299,1111,182,299,1111,182,299,1111,-1
299,195,1097,299,195,1097,299,195,1097,-1
195,291,1192,195,291,1192,195,291,1192,-1
291,143,980,291,143,980,291,143,980,-1
143,247,1150,143,247,1150,143,247,1150,-1
247,204,994,247,204,994,247,204,994,-1
204,224,908,204,224,908,204,224,908,-1
224,321,1191,224,321,1191,224,321,1191,-1
321,300,1121,321,300,1121,321,300,1121,-1
300,294,1115,300,294,1115,300,294,1115,-1
294,242,1127,294,242,1127,294,242,1127,-1
242,186,984,242,186,984,242,186,984,-1
186,215,891,186,215,891,186,215,891,-1
215,326,1102,215,326,1102,215,326,1102,-1
326,355,1115,326,355,1115,326,355,1115,-1
355,246,1167,355,246,1167,355,246,1167,-1
246,127,1148,246,127,1148,246,127,1148,-1
127,270,1156,127,270,1156,127,270,1156,-1
270,301,1092,270,301,1092,270,301,1092,-1
301,213,1113,301,213,1113,301,213,1113,-1
213,196,966,213,196,966,213,196,966,-1
196,128,888,196,128,888,196,128,888,-1
128,187,977,128,187,977,128,187,977,-1
187,207,888,187,207,888,187,207,888,-1
207,160,1143,207,160,1143,207,160,1143,-1
160,127,1198,160,127,1198,160,127,1198,-1
127,135,1197,127,135,1197,127,135,1197,-1
135,216,946,135,216,946,135,216,946,-1
216,280,1125,216,280,1125,216,280,1125,-1
280,265,1079,280,265,1079,280,265,1079,-1
265,279,1130,265,279,1130,265,279,1130,-1
279,288,1177,279,288,1177,279,288,1177,-1
288,307,1189,288,307,1189,288,307,1189,-1
307,123,1162,307,123,1162,307,123,1162,-1
123,189,904,123,189,904,123,189,904,-1
189,301,1171,189,301,1171,189,301,1171,-1
301,184,1126,301,184,1126,301,184,1126,-1
184,197,981,184,197,981,184,197,981,-1
197,175,915,197,175,915,197,175,915,-1
175,162,1077,175,162,1077,175,162,1077,-1
162,175,960,162,175,960,162,175,960,-1
175,198,901,175,198,901,175,198,901,-1
198,209,1094,198,209,1094,198,209,1094,-1
209,174,968,209,174,968,209,174,968,-1
174,188,908,174,188,908,174,188,908,-1
188,298,1066,188,298,1066,188,298,1066,-1
298,277,1118,298,277,1118,298,277,1118,-1
277,247,1087,277,247,1087,277,247,1087,-1
247,247,1095,247,247,1095,247,247,1095,-1
247,265,1095,247,265,1095,247,265,1095,-1
265,265,1055,265,265,1055,265,265,1055,-1
265,254,1156,265,254,1156,265,254,1156,-1
254,266,1109,254,266,1109,254,266,1109,-1
266,264,1148,266,264,1148,266,264,1148,-1
264,264,1140,264,264,1140,264,264,1140,-1
264,251,1138,264,251,1138,264,251,1138,-1
251,238,1067,251,238,1067,251,238,1067,-1
238,231,1061,238,231,1061,238,231,1061,-1
231,258,1036,231,258,1036,231,258,1036,-1
258,271,1073,258,271,1073,258,271,1073,-1
271,284,1053,271,284,1053,271,284,1053,-1
284,274,1088,284,274,1088,284,274,1088,-1
274,205,1084,274,205,1084,274,205,1084,-1
205,178,979,205,178,979,205,178,979,-1
178,170,911,178,170,911,178,170,911,-1
170,263,1081,170,263,1081,170,263,1081,-1
263,248,1065,263,248,1065,263,248,1065,-1
248,254,1094,248,254,1094,248,254,1094,-1
254,269,1068,254,269,1068,254,269,1068,-1
269,292,1087,269,292,1087,269,292,1087,-1
292,292,1084,292,292,1084,292,292,1084,-1
292,205,1112,292,205,1112,292,205,1112,-1
205,180,959,205,180,959,205,180,959,-1
180,168,882,180,168,882,180,168,882,-1
168,264,1067,168,264,1067,168,264,1067,-1
264,236,1116,264,236,1116,264,236,1116,-1
236,238,1372,236,238,1372,236,238,1372,-1
238,191,957,238,191,957,238,191,957,-1
191,166,897,191,166,897,191,166,897,-1
166,298,1076,166,298,1076,166,298,1076,-1
298,310,1097,298,310,1097,298,310,1097,-1
310,300,1122,310,300,1122,310,300,1122,-1
300,274,1089,300,274,1089,300,274,1089,-1
274,149,1048,274,149,1048,274,149,1048,-1
149,426,1261,149,426,1261,149,426,1261,-1
426,302,1068,426,302,1068,426,302,1068,-1
302,304,1084,302,304,1084,302,304,1084,-1
304,303,1094,304,303,1094,304,303,1094,-1
303,323,1120,303,323,1120,303,323,1120,-1
323,156,1135,323,156,1135,323,156,1135,-1
156,234,1144,156,234,1144,156,234,1144,-1
234,187,948,234,187,948,234,187,948,-1
187,272,1100,187,272,1100,187,272,1100,-1
272,292,1134,272,292,1134,272,292,1134,-1
292,317,1186,292,317,1186,292,317,1186,-1
317,232,1194,317,232,1194,317,232,1194,-1
232,266,972,232,266,972,232,266,972,-1
266,434,1282,266,434,1282,266,434,1282,-1
434,282,1167,434,282,1167,434,282,1167,-1
282,167,1106,282,167,1106,282,167,1106,-1
167,250,1005,167,250,1005,167,250,1005,-1
250,154,968,250,154,968,250,154,968,-1
154,289,1130,154,289,1130,154,289,1130,-1
289,208,1119,289,208,1119,289,208,1119,-1
208,409,1284,208,409,1284,208,409,1284,-1
409,284,1134,409,284,1134,409,284,1134,-1
284,261,1163,284,261,1163,284,261,1163,-1
261,268,1097,261,268,1097,261,268,1097,-1
268,275,1132,268,275,1132,268,275,1132,-1
275,159,1135,275,159,1135,275,159,1135,-1
159,414,1352,159,414,1352,159,414,1352,-1
414,288,1141,414,288,1141,414,288,1141,-1
288,298,1145,288,298,1145,288,298,1145,-1
298,291,1136,298,291,1136,298,291,1136,-1
291,263,1134,291,263,1134,291,263,1134,-1
263,255,1104,263,255,1104,263,255,1104,-1
255,287,1099,255,287,1099,255,287,1099,-1
287,300,1169,287,300,1169,287,300,1169,-1
300,198,1109,300,198,1109,300,198,1109,-1
198,196,1281,198,196,1281,198,196,1281,-1
196,216,961,196,216,961,196,216,961,-1
216,299,1143,216,299,1143,216,299,1143,-1
299,288,1091,299,288,1091,299,288,1091,-1
288,278,1104,288,278,1104,288,278,1104,-1
278,289,1113,278,289,1113,278,289,1113,-1
289,215,1094,289,215,1094,289,215,1094,-1
215,186,977,215,186,977,215,186,977,-1
186,179,909,186,179,909,186,179,909,-1
179,154,1006,179,154,1006,179,154,1006,-1
154,217,963,154,217,963,154,217,963,-1
217,302,1121,217,302,1121,217,302,1121,-1
302,301,1135,302,301,1135,302,301,1135,-1
301,286,1099,301,286,1099,301,286,1099,-1
286,298,1115,286,298,1115,286,298,1115,-1
298,307,1105,298,307,1105,298,307,1105,-1
307,311,1113,307,311,1113,307,311,1113,-1
311,338,1158,311,338,1158,311,338,1158,-1
338,206,1222,338,206,1222,338,206,1222,-1
206,125,993,206,125,993,206,125,993,-1
125,306,1116,125,306,1116,125,306,1116,-1
306,302,1133,306,302,1133,306,302,1133,-1
302,312,1145,302,312,1145,302,312,1145,-1
312,185,1134,312,185,1134,312,185,1134,-1
185,144,985,185,144,985,185,144,985,-1
144,336,1116,144,336,1116,144,336,1116,-1
336,330,1145,336,330,1145,336,330,1145,-1
330,193,1157,330,193,1157,330,193,1157,-1
193,148,971,193,148,971,193,148,971,-1
148,217,1133,148,217,1133,148,217,1133,-1
217,135,1223,217,135,1223,217,135,1223,-1
135,321,1162,135,321,1162,135,321,1162,-1
321,171,943,321,171,943,321,171,943,-1
171,226,1155,171,226,1155,171,226,1155,-1
226,192,962,226,192,962,226,192,962,-1
192,127,898,192,127,898,192,127,898,-1
127,192,970,127,192,970,127,192,970,-1
192,187,908,192,187,908,192,187,908,-1
187,294,1157,187,294,1157,187,294,1157,-1
294,289,1141,294,289,1141,294,289,1141,-1
289,271,1151,289,271,1151,289,271,1151,-1
271,266,1103,271,266,1103,271,266,1103,-1
266,268,1120,266,268,1120,266,268,1120,-1
268,279,1150,268,279,1150,268,279,1150,-1
279,216,1147,279,216,1147,279,216,1147,-1
216,192,1004,216,192,1004,216,192,1004,-1
192,175,949,192,175,949,192,175,949,-1
175,271,1130,175,271,1130,175,271,1130,-1
271,251,1146,271,251,1146,271,251,1146,-1
251,263,1125,251,263,1125,251,263,1125,-1
263,179,1129,263,179,1129,263,179,1129,-1
179,358,1487,179,358,1487,179,358,1487,-1
358,282,1112,358,282,1112,358,282,1112,-1
282,290,1111,282,290,1111,282,290,1111,-1
290,293,1128,290,293,1128,290,293,1128,-1
293,294,1115,293,294,1115,293,294,1115,-1
294,163,1088,294,163,1088,294,163,1088,-1
163,129,955,163,129,955,163,129,955,-1
129,230,969,129,230,969,129,230,969,-1
230,286,1100,230,286,1100,230,286,1100,-1
286,215,1098,286,215,1098,286,215,1098,-1
215,187,953,215,187,953,215,187,953,-1
187,181,918,187,181,918,187,181,918,-1
181,296,1071,181,296,1071,181,296,1071,-1
296,284,1131,296,284,1131,296,284,1131,-1
284,272,1103,284,272,1103,284,272,1103,-1
272,261,1147,272,261,1147,272,261,1147,-1
261,253,1088,261,253,1088,261,253,1088,-1
253,254,1092,253,254,1092,253,254,1092,-1
254,279,1140,254,279,1140,254,279,1140,-1
279,204,1108,279,204,1108,279,204,1108,-1
204,194,984,204,194,984,204,194,984,-1
194,156,926,194,156,926,194,156,926,-1
156,267,1093,156,267,1093,156,267,1093,-1
267,260,1095,267,260,1095,267,260,1095,-1
260,244,1029,260,244,1029,260,244,1029,-1
244,240,1040,244,240,1040,244,240,1040,-1
240,244,1085,240,244,1085,240,244,1085,-1
244,241,1103,244,241,1103,244,241,1103,-1
241,251,1381,241,251,1381,241,251,1381,-1
251,276,1178,251,276,1178,251,276,1178,-1
276,265,1143,276,265,1143,276,265,1143,-1
265,247,1162,265,247,1162,265,247,1162,-1
247,238,1159,247,238,1159,247,238,1159,-1
238,233,1143,238,233,1143,238,233,1143,-1
233,233,1128,233,233,1128,233,233,1128,-1
233,189,1119,233,189,1119,233,189,1119,-1
189,308,1583,189,308,1583,189,308,1583,-1
308,256,1163,308,256,1163,308,256,1163,-1
256,265,1145,256,265,1145,256,265,1145,-1
265,284,1159,265,284,1159,265,284,1159,-1
284,265,1166,284,265,1166,284,265,1166,-1
265,246,1122,265,246,1122,265,246,1122,-1
246,184,1116,246,184,1116,246,184,1116,-1
184,321,1532,184,321,1532,184,321,1532,-1
321,269,1151,321,269,1151,321,269,1151,-1
269,283,1159,269,283,1159,269,283,1159,-1
283,279,1139,283,279,1139,283,279,1139,-1
279,196,1178,279,196,1178,279,196,1178,-1
196,194,1002,196,194,1002,196,194,1002,-1
194,177,948,194,177,948,194,177,948,-1
177,172,1120,177,172,1120,177,172,1120,-1
172,239,1094,172,239,1094,172,239,1094,-1
239,153,998,239,153,998,239,153,998,-1
153,273,1126,153,273,1126,153,273,1126,-1
273,293,1141,273,293,1141,273,293,1141,-1
293,173,1131,293,173,1131,293,173,1131,-1
173,126,1356,173,126,1356,173,126,1356,-1
126,146,1191,126,146,1191,126,146,1191,-1
146,200,975,146,200,975,146,200,975,-1
200,311,1149,200,311,1149,200,311,1149,-1
311,294,1119,311,294,1119,311,294,1119,-1
294,290,1130,294,290,1130,294,290,1130,-1
290,299,1105,290,299,1105,290,299,1105,-1
299,198,1091,299,198,1091,299,198,1091,-1
198,421,1019,198,421,1019,198,421,1019,-1
421,327,1085,421,327,1085,421,327,1085,-1
327,319,1151,327,319,1151,327,319,1151,-1
319,294,1134,319,294,1134,319,294,1134,-1
294,278,1130,294,278,1130,294,278,1130,-1
278,306,1121,278,306,1121,278,306,1121,-1
306,176,1143,306,176,1143,306,176,1143,-1
176,262,1234,176,262,1234,176,262,1234,-1
262,184,986,262,184,986,262,184,986,-1
184,318,1117,184,318,1117,184,318,1117,-1
318,309,1147,318,309,1147,318,309,1147,-1
309,305,1149,309,305,1149,309,305,1149,-1
305,280,1123,305,280,1123,305,280,1123,-1
280,285,1102,280,285,1102,280,285,1102,-1
285,320,1132,285,320,1132,285,320,1132,-1
320,326,1168,320,326,1168,320,326,1168,-1
326,194,1159,326,194,1159,326,194,1159,-1
194,134,966,194,134,966,194,134,966,-1
134,189,1147,134,189,1147,134,189,1147,-1
189,196,1231,189,196,1231,189,196,1231,-1
196,266,965,196,266,965,196,266,965,-1
266,306,1123,266,306,1123,266,306,1123,-1
306,305,1110,306,305,1110,306,305,1110,-1
305,231,1104,305,231,1104,305,231,1104,-1
231,186,976,231,186,976,231,186,976,-1
186,230,913,186,230,913,186,230,913,-1
230,343,1201,230,343,1201,230,343,1201,-1
343,176,1169,343,176,1169,343,176,1169,-1
176,263,1077,176,263,1077,176,263,1077,-1
263,193,970,263,193,970,263,193,970,-1
193,291,1103,193,291,1103,193,291,1103,-1
291,315,1119,291,315,1119,291,315,1119,-1
315,236,1151,315,236,1151,315,236,1151,-1
236,186,973,236,186,973,236,186,973,-1
186,201,915,186,201,915,186,201,915,-1
201,262,1122,201,262,1122,201,262,1122,-1
262,198,983,262,198,983,262,198,983,-1
198,202,910,198,202,910,198,202,910,-1
202,290,1151,202,290,1151,202,290,1151,-1
290,296,1108,290,296,1108,290,296,1108,-1
296,297,1106,296,297,1106,296,297,1106,-1
297,181,1119,297,181,1119,297,181,1119,-1
181,143,969,181,143,969,181,143,969,-1
143,214,1112,143,214,1112,143,214,1112,-1
214,132,1263,214,132,1263,214,132,1263,-1
132,299,1132,132,299,1132,132,299,1132,-1
299,193,1086,299,193,1086,299,193,1086,-1
193,274,1038,193,274,1038,193,274,1038,-1
274,138,932,274,138,932,274,138,932,-1
138,269,1101,138,269,1101,138,269,1101,-1
269,278,1071,269,278,1071,269,278,1071,-1
278,281,1128,278,281,1128,278,281,1128,-1
281,299,1123,281,299,1123,281,299,1123,-1
299,177,1088,299,177,1088,299,177,1088,-1
177,134,1318,177,134,1318,177,134,1318,-1
134,146,1169,134,146,1169,134,146,1169,-1
146,148,954,146,148,954,146,148,954,-1
148,267,1079,148,267,1079,148,267,1079,-1
267,266,1066,267,266,1066,267,266,1066,-1
266,263,1116,266,263,1116,266,263,1116,-1
263,264,1121,263,264,1121,263,264,1121,-1
264,198,1111,264,198,1111,264,198,1111,-1
198,192,974,198,192,974,198,192,974,-1
192,171,918,192,171,918,192,171,918,-1
171,213,1166,171,213,1166,171,213,1166,-1
213,198,980,213,198,980,213,198,980,-1
198,176,920,198,176,920,198,176,920,-1
176,258,1103,176,258,1103,176,258,1103,-1
258,248,1097,258,248,1097,258,248,1097,-1
248,268,1125,248,268,1125,248,268,1125,-1
268,190,1129,268,190,1129,268,190,1129,-1
190,189,1521,190,189,1521,190,189,1521,-1
189,182,997,189,182,997,189,182,997,-1
182,288,1132,182,288,1132,182,288,1132,-1
288,224,1134,288,224,1134,288,224,1134,-1
224,192,1003,224,192,1003,224,192,1003,-1
192,181,958,192,181,958,192,181,958,-1
181,180,1126,181,180,1126,181,180,1126,-1
180,182,1079,180,182,1079,180,182,1079,-1
182,184,999,182,184,999,182,184,999,-1
184,277,1094,184,277,1094,184,277,1094,-1
277,171,1113,277,171,1113,277,171,1113,-1
171,136,991,171,136,991,171,136,991,-1
136,138,1089,136,138,1089,136,138,1089,-1
138,164,993,138,164,993,138,164,993,-1
164,293,1112,164,293,1112,164,293,1112,-1
293,170,1156,293,170,1156,293,170,1156,-1
170,259,974,170,259,974,170,259,974,-1
259,135,991,259,135,991,259,135,991,-1
135,265,1108,135,265,1108,135,265,1108,-1
265,252,1163,265,252,1163,265,252,1163,-1
252,261,1122,252,261,1122,252,261,1122,-1
261,267,1123,261,267,1123,261,267,1123,-1
267,181,1171,267,181,1171,267,181,1171,-1
181,320,984,181,320,984,181,320,984,-1
320,191,1002,320,191,1002,320,191,1002,-1
191,160,943,191,160,943,191,160,943,-1
160,183,1139,160,183,1139,160,183,1139,-1
183,178,1007,183,178,1007,183,178,1007,-1
178,141,946,178,141,946,178,141,946,-1
141,249,1136,141,249,1136,141,249,1136,-1
249,175,1134,249,175,1134,249,175,1134,-1
175,161,1049,175,161,1049,175,161,1049,-1
161,237,1519,161,237,1519,161,237,1519,-1
237,126,1010,237,126,1010,237,126,1010,-1
126,191,1017,126,191,1017,126,191,1017,-1
191,182,957,191,182,957,191,182,957,-1
182,170,1228,182,170,1228,182,170,1228,-1
170,125,1394,170,125,1394,170,125,1394,-1
125,273,1221,125,273,1221,125,273,1221,-1
273,248,1122,273,248,1122,273,248,1122,-1
248,150,1105,248,150,1105,248,150,1105,-1
150,369,1381,150,369,1381,150,369,1381,-1
369,274,1082,369,274,1082,369,274,1082,-1
274,157,1141,274,157,1141,274,157,1141,-1
157,132,1341,157,132,1341,157,132,1341,-1
132,260,1192,132,260,1192,132,260,1192,-1
260,287,1115,260,287,1115,260,287,1115,-1
287,268,1149,287,268,1149,287,268,1149,-1
268,247,1115,268,247,1115,268,247,1115,-1
247,244,1102,247,244,1102,247,244,1102,-1
244,186,1116,244,186,1116,244,186,1116,-1
186,169,985,186,169,985,186,169,985,-1
169,176,937,169,176,937,169,176,937,-1
176,294,1128,176,294,1128,176,294,1128,-1
294,297,1165,294,297,1165,294,297,1165,-1
297,222,1205,297,222,1205,297,222,1205,-1
222,180,997,222,180,997,222,180,997,-1
180,192,944,180,192,944,180,192,944,-1
192,281,1148,192,281,1148,192,281,1148,-1
281,282,1109,281,282,1109,281,282,1109,-1
282,289,1127,282,289,1127,282,289,1127,-1
289,297,1207,289,297,1207,289,297,1207,-1
297,329,1122,297,329,1122,297,329,1122,-1
329,194,1140,329,194,1140,329,194,1140,-1
194,133,984,194,133,984,194,133,984,-1
133,305,1150,133,305,1150,133,305,1150,-1
305,220,1097,305,220,1097,305,220,1097,-1
220,176,985,220,176,985,220,176,985,-1
176,125,898,176,125,898,176,125,898,-1
125,179,977,125,179,977,125,179,977,-1
179,205,901,179,205,901,179,205,901,-1
205,310,1104,205,310,1104,205,310,1104,-1
310,325,1103,310,325,1103,310,325,1103,-1
325,336,1113,325,336,1113,325,336,1113,-1
336,322,1147,336,322,1147,336,322,1147,-1
322,290,1088,322,290,1088,322,290,1088,-1
290,290,1086,290,290,1086,290,290,1086,-1
290,312,1107,290,312,1107,290,312,1107,-1
312,160,1106,312,160,1106,312,160,1106,-1
160,136,1289,160,136,1289,160,136,1289,-1
136,124,1177,136,124,1177,136,124,1177,-1
124,207,957,124,207,957,124,207,957,-1
207,300,1114,207,300,1114,207,300,1114,-1
300,287,1123,300,287,1123,300,287,1123,-1
287,275,1109,287,275,1109,287,275,1109,-1
275,262,1115,275,262,1115,275,262,1115,-1
262,152,1101,262,152,1101,262,152,1101,-1
152,406,1305,152,406,1305,152,406,1305,-1
406,122,1125,406,122,1125,406,122,1125,-1
122,175,916,122,175,916,122,175,916,-1
175,292,1113,175,292,1113,175,292,1113,-1
292,282,1143,292,282,1143,292,282,1143,-1
282,278,1106,282,278,1106,282,278,1106,-1
278,263,1086,278,263,1086,278,263,1086,-1
263,274,1097,263,274,1097,263,274,1097,-1
274,275,1149,274,275,1149,274,275,1149,-1
275,279,1131,275,279,1131,275,279,1131,-1
279,295,1120,279,295,1120,279,295,1120,-1
295,210,1185,295,210,1185,295,210,1185,-1
210,387,1506,210,387,1506,210,387,1506,-1
387,256,1154,387,256,1154,387,256,1154,-1
256,150,1111,256,150,1111,256,150,1111,-1
150,348,1379,150,348,1379,150,348,1379,-1
348,180,1130,348,180,1130,348,180,1130,-1
180,186,975,180,186,975,180,186,975,-1
186,163,930,186,163,930,186,163,930,-1
163,269,1108,163,269,1108,163,269,1108,-1
269,265,1141,269,265,1141,269,265,1141,-1
265,287,1195,265,287,1195,265,287,1195,-1
287,263,1159,287,263,1159,287,263,1159,-1
263,249,1119,263,249,1119,263,249,1119,-1
249,262,1088,249,262,1088,249,262,1088,-1
262,278,1140,262,278,1140,262,278,1140,-1
278,300,1131,278,300,1131,278,300,1131,-1
300,324,1142,300,324,1142,300,324,1142,-1
324,321,1124,324,321,1124,324,321,1124,-1
321,307,1118,321,307,1118,321,307,1118,-1
307,308,1130,307,308,1130,307,308,1130,-1
308,291,1064,308,291,1064,308,291,1064,-1
291,307,1102,291,307,1102,291,307,1102,-1
307,327,1096,307,327,1096,307,327,1096,-1
327,226,1131,327,226,1131,327,226,1131,-1
226,131,1067,226,131,1067,226,131,1067,-1
131,153,1250,131,153,1250,131,153,1250,-1
153,186,958,153,186,958,153,186,958,-1
186,312,1103,186,312,1103,186,312,1103,-1
312,180,1095,312,180,1095,312,180,1095,-1
180,130,970,180,130,970,180,130,970,-1
130,179,1093,130,179,1093,130,179,1093,-1
179,139,966,179,139,966,179,139,966,-1
139,194,1111,139,194,1111,139,194,1111,-1
194,124,981,194,124,981,194,124,981,-1
124,188,1095,124,188,1095,124,188,1095,-1
188,137,976,188,137,976,188,137,976,-1
137,121,1143,137,121,1143,137,121,1143,-1
121,221,912,121,221,912,121,221,912,-1
221,121,1137,221,121,1137,221,121,1137,-1
121,231,910,121,231,910,121,231,910,-1
231,312,1158,231,312,1158,231,312,1158,-1
312,178,1110,312,178,1110,312,178,1110,-1
178,125,1003,178,125,1003,178,125,1003,-1
125,326,1122,125,326,1122,125,326,1122,-1
326,344,1149,326,344,1149,326,344,1149,-1
344,334,1262,344,334,1262,344,334,1262,-1
334,197,1175,334,197,1175,334,197,1175,-1
197,154,1005,197,154,1005,197,154,1005,-1
154,332,1154,154,332,1154,154,332,1154,-1
332,320,1140,332,320,1140,332,320,1140,-1
320,306,1137,320,306,1137,320,306,1137,-1
306,318,1119,306,318,1119,306,318,1119,-1
318,364,1189,318,364,1189,318,364,1189,-1
364,363,1176,364,363,1176,364,363,1176,-1
363,330,1205,363,330,1205,363,330,1205,-1
330,316,1147,330,316,1147,330,316,1147,-1
316,306,1116,316,306,1116,316,306,1116,-1
306,309,1137,306,309,1137,306,309,1137,-1
309,316,1170,309,316,1170,309,316,1170,-1
316,333,1140,316,333,1140,316,333,1140,-1
333,122,1228,333,122,1228,333,122,1228,-1
122,133,942,122,133,942,122,133,942,-1
133,203,1010,133,203,1010,133,203,1010,-1
203,203,953,203,203,953,203,203,953,-1
203,285,1133,203,285,1133,203,285,1133,-1
285,268,1171,285,268,1171,285,268,1171,-1
268,287,1146,268,287,1146,268,287,1146,-1
287,296,1155,287,296,1155,287,296,1155,-1
296,165,1139,296,165,1139,296,165,1139,-1
165,127,1316,165,127,1316,165,127,1316,-1
127,302,1244,127,302,1244,127,302,1244,-1
302,126,1128,302,126,1128,302,126,1128,-1
126,187,927,126,187,927,126,187,927,-1
187,277,1186,187,277,1186,187,277,1186,-1
277,261,1136,277,261,1136,277,261,1136,-1
261,272,1118,261,272,1118,261,272,1118,-1
272,280,1159,272,280,1159,272,280,1159,-1
280,310,1169,280,310,1169,280,310,1169,-1
310,316,1202,310,316,1202,310,316,1202,-1
316,312,1128,316,312,1128,316,312,1128,-1
312,181,1164,312,181,1164,312,181,1164,-1
181,144,986,181,144,986,181,144,986,-1
144,302,1187,144,302,1187,144,302,1187,-1
302,289,1095,302,289,1095,302,289,1095,-1
289,183,1115,289,183,1115,289,183,1115,-1
183,135,985,183,135,985,183,135,985,-1
135,336,1158,135,336,1158,135,336,1158,-1
336,350,1188,336,350,1188,336,350,1188,-1
350,336,1172,350,336,1172,350,336,1172,-1
336,317,1138,336,317,1138,336,317,1138,-1
317,321,1147,317,321,1147,317,321,1147,-1
321,311,1109,321,311,1109,321,311,1109,-1
311,316,1131,311,316,1131,311,316,1131,-1
316,339,1132,316,339,1132,316,339,1132,-1
339,204,1128,339,204,1128,339,204,1128,-1
204,134,992,204,134,992,204,134,992,-1
134,338,1180,134,338,1180,134,338,1180,-1
338,307,1101,338,307,1101,338,307,1101,-1
307,289,1123,307,289,1123,307,289,1123,-1
289,158,1128,289,158,1128,289,158,1128,-1
158,122,1268,158,122,1268,158,122,1268,-1
122,321,1281,122,321,1281,122,321,1281,-1
321,291,1150,321,291,1150,321,291,1150,-1
291,291,1137,291,291,1137,291,291,1137,-1
291,291,1149,291,291,1149,291,291,1149,-1
291,279,1158,291,279,1158,291,279,1158,-1
279,256,1130,279,256,1130,279,256,1130,-1
256,258,1113,256,258,1113,256,258,1113,-1
258,273,1111,258,273,1111,258,273,1111,-1
273,287,1157,273,287,1157,273,287,1157,-1
287,297,1147,287,297,1147,287,297,1147,-1
297,205,1117,297,205,1117,297,205,1117,-1
205,183,965,205,183,965,205,183,965,-1
183,177,916,183,177,916,183,177,916,-1
177,165,1109,177,165,1109,177,165,1109,-1
165,362,1047,165,362,1047,165,362,1047,-1
362,255,1144,362,255,1144,362,255,1144,-1
255,153,1102,255,153,1102,255,153,1102,-1
153,377,1314,153,377,1314,153,377,1314,-1
377,297,1114,377,297,1114,377,297,1114,-1
297,280,1141,297,280,1141,297,280,1141,-1
280,260,1177,280,260,1177,280,260,1177,-1
260,250,1202,260,250,1202,260,250,1202,-1
250,240,1144,250,240,1144,250,240,1144,-1
240,246,1091,240,246,1091,240,246,1091,-1
246,266,1131,246,266,1131,246,266,1131,-1
266,178,1155,266,178,1155,266,178,1155,-1
178,190,976,178,190,976,178,190,976,-1
190,182,907,190,182,907,190,182,907,-1
182,312,1136,182,312,1136,182,312,1136,-1
312,206,1116,312,206,1116,312,206,1116,-1
206,127,1076,206,127,1076,206,127,1076,-1
127,195,1242,127,195,1242,127,195,1242,-1
195,162,835,195,162,835,195,162,835,-1
162,168,954,162,168,954,162,168,954,-1
168,266,1122,168,266,1122,168,266,1122,-1
266,281,1089,266,281,1089,266,281,1089,-1
281,302,1129,281,302,1129,281,302,1129,-1
302,296,1111,302,296,1111,302,296,1111,-1
296,296,1185,296,296,1185,296,296,1185,-1
296,311,1161,296,311,1161,296,311,1161,-1
311,284,1190,311,284,1190,311,284,1190,-1
284,284,1166,284,284,1166,284,284,1166,-1
284,305,1119,284,305,1119,284,305,1119,-1
305,312,1121,305,312,1121,305,312,1121,-1
312,213,1125,312,213,1125,312,213,1125,-1
213,237,990,213,237,990,213,237,990,-1
237,214,919,237,214,919,237,214,919,-1
214,312,1135,214,312,1135,214,312,1135,-1
312,301,1132,312,301,1132,312,301,1132,-1
301,303,1087,301,303,1087,301,303,1087,-1
303,288,1095,303,288,1095,303,288,1095,-1
288,295,1072,288,295,1072,288,295,1072,-1
295,300,1128,295,300,1128,295,300,1128,-1
300,314,1110,300,314,1110,300,314,1110,-1
314,310,1134,314,310,1134,314,310,1134,-1
310,277,1095,310,277,1095,310,277,1095,-1
277,270,1063,277,270,1063,277,270,1063,-1
270,293,1065,270,293,1065,270,293,1065,-1
293,153,1077,293,153,1077,293,153,1077,-1
153,129,1184,153,129,1184,153,129,1184,-1
129,290,1160,129,290,1160,129,290,1160,-1
290,287,1137,290,287,1137,290,287,1137,-1
287,171,1086,287,171,1086,287,171,1086,-1
171,243,973,171,243,973,171,243,973,-1
243,126,969,243,126,969,243,126,969,-1
126,246,1090,126,246,1090,126,246,1090,-1
246,240,1063,246,240,1063,246,240,1063,-1
240,240,1060,240,240,1060,240,240,1060,-1
240,255,1111,240,255,1111,240,255,1111,-1
255,270,1096,255,270,1096,255,270,1096,-1
270,281,1106,270,281,1106,270,281,1106,-1
281,278,1086,281,278,1086,281,278,1086,-1
278,283,1072,278,283,1072,278,283,1072,-1
283,267,1055,283,267,1055,283,267,1055,-1
267,265,1067,267,265,1067,267,265,1067,-1
265,173,1090,265,173,1090,265,173,1090,-1
173,220,1220,173,220,1220,173,220,1220,-1
220,148,956,220,148,956,220,148,956,-1
148,287,1073,148,287,1073,148,287,1073,-1
287,292,1135,287,292,1135,287,292,1135,-1
292,288,1159,292,288,1159,292,288,1159,-1
288,263,1119,288,263,1119,288,263,1119,-1
263,174,1075,263,174,1075,263,174,1075,-1
174,216,1283,174,216,1283,174,216,1283,-1
216,155,949,216,155,949,216,155,949,-1
155,208,1048,155,208,1048,155,208,1048,-1
208,175,963,208,175,963,208,175,963,-1
175,180,888,175,180,888,175,180,888,-1
180,274,1112,180,274,1112,180,274,1112,-1
274,212,1096,274,212,1096,274,212,1096,-1
212,209,969,212,209,969,212,209,969,-1
209,163,904,209,163,904,209,163,904,-1
163,129,969,163,129,969,163,129,969,-1
129,181,950,129,181,950,129,181,950,-1
181,259,1049,181,259,1049,181,259,1049,-1
259,175,1082,259,175,1082,259,175,1082,-1
175,430,937,175,430,937,175,430,937,-1
430,320,1081,430,320,1081,430,320,1081,-1
320,312,1114,320,312,1114,320,312,1114,-1
312,246,1122,312,246,1122,312,246,1122,-1
246,188,980,246,188,980,246,188,980,-1
188,204,919,188,204,919,188,204,919,-1
204,190,1096,204,190,1096,204,190,1096,-1
190,219,1032,190,219,1032,190,219,1032,-1
219,173,965,219,173,965,219,173,965,-1
173,293,1090,173,293,1090,173,293,1090,-1
293,234,1117,293,234,1117,293,234,1117,-1
234,210,974,234,210,974,234,210,974,-1
210,199,950,210,199,950,210,199,950,-1
199,179,1087,199,179,1087,199,179,1087,-1
179,123,1322,179,123,1322,179,123,1322,-1
123,138,1218,123,138,1218,123,138,1218,-1
138,163,964,138,163,964,138,163,964,-1
163,184,1111,163,184,1111,163,184,1111,-1
184,188,974,184,188,974,184,188,974,-1
188,178,920,188,178,920,188,178,920,-1
178,272,1107,178,272,1107,178,272,1107,-1
272,187,1149,272,187,1149,272,187,1149,-1
187,204,983,187,204,983,187,204,983,-1
204,202,901,204,202,901,204,202,901,-1
202,311,1220,202,311,1220,202,311,1220,-1
311,212,1129,311,212,1129,311,212,1129,-1
212,177,978,212,177,978,212,177,978,-1
177,168,898,177,168,898,177,168,898,-1
168,272,1101,168,272,1101,168,272,1101,-1
272,219,1092,272,219,1092,272,219,1092,-1
219,192,983,219,192,983,219,192,983,-1
192,176,924,192,176,924,192,176,924,-1
176,298,1114,176,298,1114,176,298,1114,-1
298,312,1144,298,312,1144,298,312,1144,-1
312,235,1163,312,235,1163,312,235,1163,-1
235,189,989,235,189,989,235,189,989,-1
189,196,914,189,196,914,189,196,914,-1
196,203,1119,196,203,1119,196,203,1119,-1
203,169,997,203,169,997,203,169,997,-1
169,196,942,169,196,942,169,196,942,-1
196,323,1120,196,323,1120,196,323,1120,-1
323,321,1096,323,321,1096,323,321,1096,-1
321,303,1146,321,303,1146,321,303,1146,-1
303,165,1136,303,165,1136,303,165,1136,-1
165,130,1336,165,130,1336,165,130,1336,-1
130,321,1204,130,321,1204,130,321,1204,-1
321,278,1096,321,278,1096,321,278,1096,-1
278,277,1079,278,277,1079,278,277,1079,-1
277,277,1115,277,277,1115,277,277,1115,-1
277,305,1123,277,305,1123,277,305,1123,-1
305,167,1197,305,167,1197,305,167,1197,-1
167,132,1305,167,132,1305,167,132,1305,-1
132,175,1203,132,175,1203,132,175,1203,-1
175,145,956,175,145,956,175,145,956,-1
145,287,1154,145,287,1154,145,287,1154,-1
287,187,1134,287,187,1134,287,187,1134,-1
187,200,972,187,200,972,187,200,972,-1
200,168,899,200,168,899,200,168,899,-1
168,275,1176,168,275,1176,168,275,1176,-1
275,157,1086,275,157,1086,275,157,1086,-1
157,123,1308,157,123,1308,157,123,1308,-1
123,196,1171,123,196,1171,123,196,1171,-1
196,215,949,196,215,949,196,215,949,-1
215,192,886,215,192,886,215,192,886,-1
192,209,1187,192,209,1187,192,209,1187,-1
209,199,963,209,199,963,209,199,963,-1
199,164,892,199,164,892,199,164,892,-1
164,172,1090,164,172,1090,164,172,1090,-1
172,187,960,172,187,960,172,187,960,-1
187,172,866,187,172,866,187,172,866,-1
172,201,1103,172,201,1103,172,201,1103,-1
201,198,963,201,198,963,201,198,963,-1
198,182,856,198,182,856,198,182,856,-1
182,287,1160,182,287,1160,182,287,1160,-1
287,213,1098,287,213,1098,287,213,1098,-1
213,200,953,213,200,953,213,200,953,-1
200,186,863,200,186,863,200,186,863,-1
186,265,1096,186,265,1096,186,265,1096,-1
265,256,1092,265,256,1092,265,256,1092,-1
256,268,1062,256,268,1062,256,268,1062,-1
268,280,1105,268,280,1105,268,280,1105,-1
280,303,1110,280,303,1110,280,303,1110,-1
303,305,1131,303,305,1131,303,305,1131,-1
305,219,1126,305,219,1126,305,219,1126,-1
219,191,956,219,191,956,219,191,956,-1
191,194,909,191,194,909,191,194,909,-1
194,287,1121,194,287,1121,194,287,1121,-1
287,151,1096,287,151,1096,287,151,1096,-1
151,215,1293,151,215,1293,151,215,1293,-1
215,211,948,215,211,948,215,211,948,-1
211,306,1100,211,306,1100,211,306,1100,-1
306,230,1106,306,230,1106,306,230,1106,-1
230,189,972,230,189,972,230,189,972,-1
189,126,903,189,126,903,189,126,903,-1
126,186,973,126,186,973,126,186,973,-1
186,183,919,186,183,919,186,183,919,-1
183,147,1097,183,147,1097,183,147,1097,-1
147,388,1274,147,388,1274,147,388,1274,-1
388,263,1137,388,263,1137,388,263,1137,-1
263,261,1089,263,261,1089,263,261,1089,-1
261,269,1103,261,269,1103,261,269,1103,-1
269,276,1124,269,276,1124,269,276,1124,-1
276,277,1122,276,277,1122,276,277,1122,-1
277,205,1124,277,205,1124,277,205,1124,-1
205,175,983,205,175,983,205,175,983,-1
175,153,902,175,153,902,175,153,902,-1
153,242,1107,153,242,1107,153,242,1107,-1
242,173,1120,242,173,1120,242,173,1120,-1
173,188,968,173,188,968,173,188,968,-1
188,172,906,188,172,906,188,172,906,-1
172,287,1122,172,287,1122,172,287,1122,-1
287,206,1131,287,206,1131,287,206,1131,-1
206,192,979,206,192,979,206,192,979,-1
192,206,909,192,206,909,192,206,909,-1
206,226,1182,206,226,1182,206,226,1182,-1
226,175,988,226,175,988,226,175,988,-1
175,189,890,175,189,890,175,189,890,-1
189,152,1140,189,152,1140,189,152,1140,-1
152,247,1363,152,247,1363,152,247,1363,-1
247,186,970,247,186,970,247,186,970,-1
186,180,1158,186,180,1158,186,180,1158,-1
180,134,979,180,134,979,180,134,979,-1
134,323,1196,134,323,1196,134,323,1196,-1
323,169,1183,323,169,1183,323,169,1183,-1
169,121,1331,169,121,1331,169,121,1331,-1
121,165,1254,121,165,1254,121,165,1254,-1
165,175,972,165,175,972,165,175,972,-1
175,281,1137,175,281,1137,175,281,1137,-1
281,281,1139,281,281,1139,281,281,1139,-1
281,163,1163,281,163,1163,281,163,1163,-1
163,288,1353,163,288,1353,163,288,1353,-1
288,139,967,288,139,967,288,139,967,-1
139,296,1153,139,296,1153,139,296,1153,-1
296,219,1192,296,219,1192,296,219,1192,-1
219,223,1255,219,223,1255,219,223,1255,-1
223,185,994,223,185,994,223,185,994,-1
185,266,1147,185,266,1147,185,266,1147,-1
266,272,1122,266,272,1122,266,272,1122,-1
