192,192,888,192,192,888,192,192,888,-1
192,230,896,192,230,896,192,230,896,1
230,181,937,230,181,937,230,181,937,1
181,298,898,181,298,898,181,298,898,1
298,193,904,298,193,904,298,193,904,1
193,231,907,193,231,907,193,231,907,1
231,179,954,231,179,954,231,179,954,1
179,121,910,179,121,910,179,121,910,1
121,183,941,121,183,941,121,183,941,1
183,123,912,183,123,912,183,123,912,1
123,181,940,123,181,940,123,181,940,1
181,182,917,181,182,917,181,182,917,1
182,230,920,182,230,920,182,230,920,1
230,190,965,230,190,965,230,190,965,1
190,121,917,190,121,917,190,121,917,1
121,183,952,121,183,952,121,183,952,1
183,186,914,183,186,914,183,186,914,1
186,229,914,186,229,914,186,229,914,1
229,179,931,229,179,931,229,179,931,1
179,121,911,179,121,911,179,121,911,1
121,179,957,121,179,957,121,179,957,1
179,121,911,179,121,911,179,121,911,1
121,185,946,121,185,946,121,185,946,1
185,302,921,185,302,921,185,302,921,1
302,187,933,302,187,933,302,187,933,1
187,226,926,187,226,926,187,226,926,1
226,189,955,226,189,955,226,189,955,1
189,124,922,189,124,922,189,124,922,1
124,183,963,124,183,963,124,183,963,1
183,293,927,183,293,927,183,293,927,1
293,122,934,293,122,934,293,122,934,1
122,183,953,122,183,953,122,183,953,1
183,193,938,183,193,938,183,193,938,1
193,225,920,193,225,920,193,225,920,1
225,185,961,225,185,961,225,185,961,1
185,302,929,185,302,929,185,302,929,1
302,291,934,302,291,934,302,291,934,1
291,121,924,291,121,924,291,121,924,1
121,184,948,121,184,948,121,184,948,1
184,302,934,184,302,934,184,302,934,1
302,298,912,302,298,912,302,298,912,1
298,299,925,298,299,925,298,299,925,1
299,299,928,299,299,928,299,299,928,1
299,121,931,299,121,931,299,121,931,1
121,183,949,121,183,949,121,183,949,1
183,191,916,183,191,916,183,191,916,1
191,223,918,191,223,918,191,223,918,1
223,177,957,223,177,957,223,177,957,1
177,198,917,177,198,917,177,198,917,1
198,222,920,198,222,920,198,222,920,1
222,184,950,222,184,950,222,184,950,1
184,297,924,184,297,924,184,297,924,1
297,305,929,297,305,929,297,305,929,1
305,182,927,305,182,927,305,182,927,1
182,232,934,182,232,934,182,232,934,1
232,190,966,232,190,966,232,190,966,1
190,296,931,190,296,931,190,296,931,1
296,295,921,296,295,921,296,295,921,1
295,124,916,295,124,916,295,124,916,1
124,186,958,124,186,958,124,186,958,1
186,191,929,186,191,929,186,191,929,1
191,228,925,191,228,925,191,228,925,-1
228,180,957,228,180,957,228,180,957,1
180,306,919,180,306,919,180,306,919,1
306,185,909,306,185,909,306,185,909,1
185,231,923,185,231,923,185,231,923,1
231,189,951,231,189,951,231,189,951,1
189,299,909,189,299,909,189,299,909,1
299,301,900,299,301,900,299,301,900,1
301,121,917,301,121,917,301,121,917,1
121,190,954,121,190,954,121,190,954,1
190,121,907,190,121,907,190,121,907,1
121,180,936,121,180,936,121,180,936,1
180,293,921,180,293,921,180,293,921,1
293,189,916,293,189,916,293,189,916,1
189,227,913,189,227,913,189,227,913,1
227,183,965,227,183,965,227,183,965,1
183,190,908,183,190,908,183,190,908,1
190,218,914,190,218,914,190,218,914,1
218,179,944,218,179,944,218,179,944,1
179,189,906,179,189,906,179,189,906,1
189,229,906,189,229,906,189,229,906,1
229,179,950,229,179,950,229,179,950,1
179,300,909,179,300,909,179,300,909,1
300,193,906,300,193,906,300,193,906,1
193,352,874,193,352,874,193,352,874,1
352,310,897,352,310,897,352,310,897,1
310,122,908,310,122,908,310,122,908,1
122,188,935,122,188,935,122,188,935,1
188,308,917,188,308,917,188,308,917,1
308,186,912,308,186,912,308,186,912,1
186,121,921,186,121,921,186,121,921,1
121,214,918,121,214,918,121,214,918,1
214,219,904,214,219,904,214,219,904,1
219,191,955,219,191,955,219,191,955,1
191,190,912,191,190,912,191,190,912,1
190,228,912,190,228,912,190,228,912,1
228,175,932,228,175,932,228,175,932,1
175,125,898,175,125,898,175,125,898,1
125,183,935,125,183,935,125,183,935,1
183,122,905,183,122,905,183,122,905,1
122,180,938,122,180,938,122,180,938,1
180,294,902,180,294,902,180,294,902,1
294,194,900,294,194,900,294,194,900,1
194,229,890,194,229,890,194,229,890,1
229,182,911,229,182,911,229,182,911,1
182,295,868,182,295,868,182,295,868,1
295,121,877,295,121,877,295,121,877,1
121,178,906,121,178,906,121,178,906,1
178,123,868,178,123,868,178,123,868,1
123,181,904,123,181,904,123,181,904,1
181,308,892,181,308,892,181,308,892,1
308,122,893,308,122,893,308,122,893,1
122,183,931,122,183,931,122,183,931,1
183,190,907,183,190,907,183,190,907,1
190,229,909,190,229,909,190,229,909,1
229,194,946,229,194,946,229,194,946,1
194,121,933,194,121,933,194,121,933,1
121,184,945,121,184,945,121,184,945,1
184,186,911,184,186,911,184,186,911,1
186,229,907,186,229,907,186,229,907,1
229,190,952,229,190,952,229,190,952,1
190,305,902,190,305,902,190,305,902,1
305,307,904,305,307,904,305,307,904,1
307,193,907,307,193,907,307,193,907,1
193,229,897,193,229,897,193,229,897,1
229,189,946,229,189,946,229,189,946,1
189,122,905,189,122,905,189,122,905,1
122,185,933,122,185,933,122,185,933,1
185,187,900,185,187,900,185,187,900,1
187,240,912,187,240,912,187,240,912,1
240,185,934,240,185,934,240,185,934,1
185,188,907,185,188,907,185,188,907,1
188,239,904,188,239,904,188,239,904,1
239,187,937,239,187,937,239,187,937,1
187,122,908,187,122,908,187,122,908,1
122,182,937,122,182,937,122,182,937,1
182,297,904,182,297,904,182,297,904,1
297,124,898,297,124,898,297,124,898,1
124,186,940,124,186,940,124,186,940,1
186,125,902,186,125,902,186,125,902,1
125,180,943,125,180,943,125,180,943,1
180,121,917,180,121,917,180,121,917,1
121,173,936,121,173,936,121,173,936,1
173,300,906,173,300,906,173,300,906,1
300,189,906,300,189,906,300,189,906,1
189,226,892,189,226,892,189,226,892,1
226,182,939,226,182,939,226,182,939,1
182,297,903,182,297,903,182,297,903,1
297,182,906,297,182,906,297,182,906,1
182,229,906,182,229,906,182,229,906,1
229,187,934,229,187,934,229,187,934,1
187,123,893,187,123,893,187,123,893,1
123,186,947,123,186,947,123,186,947,1
186,187,913,186,187,913,186,187,913,1
187,226,914,187,226,914,187,226,914,1
226,183,942,226,183,942,226,183,942,1
183,297,920,183,297,920,183,297,920,1
297,301,908,297,301,908,297,301,908,1
301,298,905,301,298,905,301,298,905,1
298,295,909,298,295,909,298,295,909,1
295,303,916,295,303,916,295,303,916,1
303,298,914,303,298,914,303,298,914,1
298,291,915,298,291,915,298,291,915,1
291,299,893,291,299,893,291,299,893,1
299,188,899,299,188,899,299,188,899,1
188,230,902,188,230,902,188,230,902,1
230,190,939,230,190,939,230,190,939,1
190,306,887,190,306,887,190,306,887,1
306,186,880,306,186,880,306,186,880,1
186,240,893,186,240,893,186,240,893,1
240,192,929,240,192,929,240,192,929,1
192,192,893,192,192,893,192,192,893,1
192,229,896,192,229,896,192,229,896,1
229,190,939,229,190,939,229,190,939,1
190,122,892,190,122,892,190,122,892,1
122,184,940,122,184,940,122,184,940,1
184,311,894,184,311,894,184,311,894,1
311,127,906,311,127,906,311,127,906,1
127,181,916,127,181,916,127,181,916,1
181,192,898,181,192,898,181,192,898,1
192,232,901,192,232,901,192,232,901,1
232,193,947,232,193,947,232,193,947,1
193,122,907,193,122,907,193,122,907,1
122,187,938,122,187,938,122,187,938,1
187,303,907,187,303,907,187,303,907,1
303,189,915,303,189,915,303,189,915,1
189,240,908,189,240,908,189,240,908,1
240,185,946,240,185,946,240,185,946,1
185,309,914,185,309,914,185,309,914,1
309,190,923,309,190,923,309,190,923,1
190,219,909,190,219,909,190,219,909,1
219,199,901,219,199,901,219,199,901,1
199,121,906,199,121,906,199,121,906,1
121,190,932,121,190,932,121,190,932,1
190,122,901,190,122,901,190,122,901,1
122,179,929,122,179,929,122,179,929,1
179,122,897,179,122,897,179,122,897,1
122,175,918,122,175,918,122,175,918,1
175,123,901,175,123,901,175,123,901,1
123,186,919,123,186,919,123,186,919,1
186,188,904,186,188,904,186,188,904,1
188,220,902,188,220,902,188,220,902,1
220,199,908,220,199,908,220,199,908,1
199,298,908,199,298,908,199,298,908,1
298,297,913,298,297,913,298,297,913,1
297,188,913,297,188,913,297,188,913,1
188,239,908,188,239,908,188,239,908,1
239,181,940,239,181,940,239,181,940,1
181,299,907,181,299,907,181,299,907,1
299,181,911,299,181,911,299,181,911,1
181,239,910,181,239,910,181,239,910,1
239,188,923,239,188,923,239,188,923,1
188,197,893,188,197,893,188,197,893,1
197,227,899,197,227,899,197,227,899,1
227,182,938,227,182,938,227,182,938,1
182,301,906,182,301,906,182,301,906,1
301,202,913,301,202,913,301,202,913,1
202,227,899,202,227,899,202,227,899,1
227,185,931,227,185,931,227,185,931,1
185,188,902,185,188,902,185,188,902,1
188,229,908,188,229,908,188,229,908,1
229,179,942,229,179,942,229,179,942,1
179,192,918,179,192,918,179,192,918,1
192,228,918,192,228,918,192,228,918,1
228,181,952,228,181,952,228,181,952,1
181,182,925,181,182,925,181,182,925,1
182,230,924,182,230,924,182,230,924,1
230,181,949,230,181,949,230,181,949,1
181,307,940,181,307,940,181,307,940,1
307,301,934,307,301,934,307,301,934,1
301,300,918,301,300,918,301,300,918,1
300,299,914,300,299,914,300,299,914,1
299,121,924,299,121,924,299,121,924,1
121,184,948,121,184,948,121,184,948,1
184,128,921,184,128,921,184,128,921,1
128,180,937,128,180,937,128,180,937,1
180,192,913,180,192,913,180,192,913,1
192,229,913,192,229,913,192,229,913,1
229,186,949,229,186,949,229,186,949,1
186,125,919,186,125,919,186,125,919,1
125,180,931,125,180,931,125,180,931,1
180,193,914,180,193,914,180,193,914,1
193,224,913,193,224,913,193,224,913,1
224,179,933,224,179,933,224,179,933,1
179,122,905,179,122,905,179,122,905,1
122,179,936,122,179,936,122,179,936,1
179,124,909,179,124,909,179,124,909,1
124,178,936,124,178,936,124,178,936,1
178,122,908,178,122,908,178,122,908,1
122,182,941,122,182,941,122,182,941,1
182,189,915,182,189,915,182,189,915,1
189,231,907,189,231,907,189,231,907,1
231,185,945,231,185,945,231,185,945,1
185,124,906,185,124,906,185,124,906,1
124,183,934,124,183,934,124,183,934,1
183,299,915,183,299,915,183,299,915,1
299,192,922,299,192,922,299,192,922,1
192,230,925,192,230,925,192,230,925,1
230,192,950,230,192,950,230,192,950,1
192,190,922,192,190,922,192,190,922,1
190,236,919,190,236,919,190,236,919,1
236,179,940,236,179,940,236,179,940,1
179,296,916,179,296,916,179,296,916,1
296,310,928,296,310,928,296,310,928,1
310,192,928,310,192,928,310,192,928,1
192,229,927,192,229,927,192,229,927,1
229,179,963,229,179,963,229,179,963,1
179,121,935,179,121,935,179,121,935,1
121,178,954,121,178,954,121,178,954,1
178,183,926,178,183,926,178,183,926,1
183,239,932,183,239,932,183,239,932,1
239,188,962,239,188,962,239,188,962,1
188,298,928,188,298,928,188,298,928,1
298,299,917,298,299,917,298,299,917,1
299,122,927,299,122,927,299,122,927,1
122,189,948,122,189,948,122,189,948,1
189,189,925,189,189,925,189,189,925,1
189,228,921,189,228,921,189,228,921,1
228,184,953,228,184,953,228,184,953,1
184,125,913,184,125,913,184,125,913,1
125,179,945,125,179,945,125,179,945,1
179,122,927,179,122,927,179,122,927,1
122,181,943,122,181,943,122,181,943,1
181,121,934,181,121,934,181,121,934,1
121,180,952,121,180,952,121,180,952,1
180,299,938,180,299,938,180,299,938,1
299,193,922,299,193,922,299,193,922,1
193,227,916,193,227,916,193,227,916,1
227,180,955,227,180,955,227,180,955,1
180,298,921,180,298,921,180,298,921,1
298,296,917,298,296,917,298,296,917,1
296,121,923,296,121,923,296,121,923,1
121,182,962,121,182,962,121,182,962,1
182,124,921,182,124,921,182,124,921,1
124,184,956,124,184,956,124,184,956,1
184,299,922,184,299,922,184,299,922,1
299,190,928,299,190,928,299,190,928,1
190,229,924,190,229,924,190,229,924,1
229,195,951,229,195,951,229,195,951,1
195,199,913,195,199,913,195,199,913,1
199,229,907,199,229,907,199,229,907,1
229,176,940,229,176,940,229,176,940,1
176,299,911,176,299,911,176,299,911,1
299,185,919,299,185,919,299,185,919,1
185,239,920,185,239,920,185,239,920,1
239,190,960,239,190,960,239,190,960,1
190,293,930,190,293,930,190,293,930,1
293,190,932,293,190,932,293,190,932,1
190,219,927,190,219,927,190,219,927,1
219,198,940,219,198,940,219,198,940,1
198,184,930,198,184,930,198,184,930,1
184,230,935,184,230,935,184,230,935,1
230,184,975,230,184,975,230,184,975,1
184,298,932,184,298,932,184,298,932,1
298,301,933,298,301,933,298,301,933,1
301,121,941,301,121,941,301,121,941,1
121,186,959,121,186,959,121,186,959,1
186,192,931,186,192,931,186,192,931,1
192,226,927,192,226,927,192,226,927,1
226,183,948,226,183,948,226,183,948,1
183,121,937,183,121,937,183,121,937,1
121,188,943,121,188,943,121,188,943,1
188,121,916,188,121,916,188,121,916,1
121,177,935,121,177,935,121,177,935,1
177,298,907,177,298,907,177,298,907,1
298,298,919,298,298,919,298,298,919,1
298,123,921,298,123,921,298,123,921,1
123,179,943,123,179,943,123,179,943,1
179,302,920,179,302,920,179,302,920,1
302,122,912,302,122,912,302,122,912,1
122,175,950,122,175,950,122,175,950,1
175,302,924,175,302,924,175,302,924,1
302,124,930,302,124,930,302,124,930,1
124,181,951,124,181,951,124,181,951,1
181,124,928,181,124,928,181,124,928,1
124,174,944,124,174,944,124,174,944,1
174,122,911,174,122,911,174,122,911,1
122,178,935,122,178,935,122,178,935,1
178,123,910,178,123,910,178,123,910,1
123,180,950,123,180,950,123,180,950,1
180,123,923,180,123,923,180,123,923,1
123,180,952,123,180,952,123,180,952,1
180,121,926,180,121,926,180,121,926,1
121,179,944,121,179,944,121,179,944,1
179,300,926,179,300,926,179,300,926,1
300,192,928,300,192,928,300,192,928,1
192,235,910,192,235,910,192,235,910,1
235,176,939,235,176,939,235,176,939,1
176,295,917,176,295,917,176,295,917,1
295,300,930,295,300,930,295,300,930,1
300,299,920,300,299,920,300,299,920,1
299,121,911,299,121,911,299,121,911,1
121,182,949,121,182,949,121,182,949,1
182,296,925,182,296,925,182,296,925,1
296,294,922,296,294,922,296,294,922,1
294,121,927,294,121,927,294,121,927,1
121,193,947,121,193,947,121,193,947,1
193,188,920,193,188,920,193,188,920,1
188,220,919,188,220,919,188,220,919,1
220,195,920,220,195,920,220,195,920,1
195,304,935,195,304,935,195,304,935,1
304,181,925,304,181,925,304,181,925,1
181,121,921,181,121,921,181,121,921,1
121,203,915,121,203,915,121,203,915,1
203,227,906,203,227,906,203,227,906,1
227,180,942,227,180,942,227,180,942,1
180,182,916,180,182,916,180,182,916,1
182,238,916,182,238,916,182,238,916,1
238,186,935,238,186,935,238,186,935,1
186,309,915,186,309,915,186,309,915,1
309,298,928,309,298,928,309,298,928,1
298,302,927,298,302,927,298,302,927,1
302,305,927,302,305,927,302,305,927,1
305,124,933,305,124,933,305,124,933,1
124,188,954,124,188,954,124,188,954,1
188,197,928,188,197,928,188,197,928,1
197,209,929,197,209,929,197,209,929,-1
209,200,930,209,200,930,209,200,930,1
200,193,946,200,193,946,200,193,946,1
193,238,922,193,238,922,193,238,922,1
238,187,948,238,187,948,238,187,948,1
187,300,921,187,300,921,187,300,921,-1
300,307,924,300,307,924,300,307,924,1
307,191,928,307,191,928,307,191,928,1
191,240,937,191,240,937,191,240,937,1
240,182,966,240,182,966,240,182,966,1
182,192,924,182,192,924,182,192,924,1
192,235,920,192,235,920,192,235,920,1
235,189,940,235,189,940,235,189,940,1
189,126,931,189,126,931,189,126,931,1
126,187,941,126,187,941,126,187,941,1
187,125,917,187,125,917,187,125,917,1
125,187,949,125,187,949,125,187,949,1
187,316,920,187,316,920,187,316,920,1
316,123,959,316,123,959,316,123,959,1
123,187,950,123,187,950,123,187,950,-1
187,124,957,187,124,957,187,124,957,1
124,191,951,124,191,951,124,191,951,1
191,300,949,191,300,949,191,300,949,1
300,298,940,300,298,940,300,298,940,1
298,124,930,298,124,930,298,124,930,1
124,196,938,124,196,938,124,196,938,1
196,188,929,196,188,929,196,188,929,1
188,240,918,188,240,918,188,240,918,1
240,187,934,240,187,934,240,187,934,1
187,185,910,187,185,910,187,185,910,1
185,125,912,185,125,912,185,125,912,1
125,189,917,125,189,917,125,189,917,1
189,222,911,189,222,911,189,222,911,1
222,215,906,222,215,906,222,215,906,1
215,186,923,215,186,923,215,186,923,1
186,128,918,186,128,918,186,128,918,1
128,197,920,128,197,920,128,197,920,1
197,239,908,197,239,908,197,239,908,1
239,193,943,239,193,943,239,193,943,1
193,191,915,193,191,915,193,191,915,1
191,123,911,191,123,911,191,123,911,1
123,315,914,123,315,914,123,315,914,1
315,124,909,315,124,909,315,124,909,1
124,195,937,124,195,937,124,195,937,1
195,329,922,195,329,922,195,329,922,1
329,187,917,329,187,917,329,187,917,1
187,135,919,187,135,919,187,135,919,1
135,322,916,135,322,916,135,322,916,1
322,123,930,322,123,930,322,123,930,1
123,210,942,123,210,942,123,210,942,1
210,121,918,210,121,918,210,121,918,1
121,201,937,121,201,937,121,201,937,1
201,184,917,201,184,917,201,184,917,1
184,125,915,184,125,915,184,125,915,1
125,315,914,125,315,914,125,315,914,1
315,126,905,315,126,905,315,126,905,1
126,195,946,126,195,946,126,195,946,1
195,128,925,195,128,925,195,128,925,1
128,189,937,128,189,937,128,189,937,1
189,121,923,189,121,923,189,121,923,1
121,190,939,121,190,939,121,190,939,1
190,124,912,190,124,912,190,124,912,1
124,194,936,124,194,936,124,194,936,1
194,123,923,194,123,923,194,123,923,1
123,189,947,123,189,947,123,189,947,1
189,306,924,189,306,924,189,306,924,1
306,196,926,306,196,926,306,196,926,1
196,228,904,196,228,904,196,228,904,1
228,188,933,228,188,933,228,188,933,1
188,122,909,188,122,909,188,122,909,1
122,191,943,122,191,943,122,191,943,1
191,121,909,191,121,909,191,121,909,1
121,185,943,121,185,943,121,185,943,1
185,189,908,185,189,908,185,189,908,1
189,121,906,189,121,906,189,121,906,1
121,191,917,121,191,917,121,191,917,1
191,126,912,191,126,912,191,126,912,1
126,198,898,126,198,898,126,198,898,1
198,229,906,198,229,906,198,229,906,1
229,194,950,229,194,950,229,194,950,1
194,122,919,194,122,919,194,122,919,1
122,186,945,122,186,945,122,186,945,1
186,195,912,186,195,912,186,195,912,1
195,241,925,195,241,925,195,241,925,1
241,190,960,241,190,960,241,190,960,1
190,121,921,190,121,921,190,121,921,1
121,185,954,121,185,954,121,185,954,1
185,187,919,185,187,919,185,187,919,1
187,124,914,187,124,914,187,124,914,1
124,313,914,124,313,914,124,313,914,1
313,123,911,313,123,911,313,123,911,1
123,184,931,123,184,931,123,184,931,1
184,192,913,184,192,913,184,192,913,1
192,124,903,192,124,903,192,124,903,1
124,188,902,124,188,902,124,188,902,1
188,123,911,188,123,911,188,123,911,1
123,191,913,123,191,913,123,191,913,-1
191,123,914,191,123,914,191,123,914,1
123,312,923,123,312,923,123,312,923,1
312,316,908,312,316,908,312,316,908,1
316,124,908,316,124,908,316,124,908,-1
124,195,952,124,195,952,124,195,952,1
195,190,914,195,190,914,195,190,914,1
190,124,920,190,124,920,190,124,920,1
124,187,919,124,187,919,124,187,919,1
187,128,920,187,128,920,187,128,920,1
128,124,919,128,124,919,128,124,919,-1
124,194,956,124,194,956,124,194,956,-1
194,334,926,194,334,926,194,334,926,-1
334,326,941,334,326,941,334,326,941,-1
326,328,935,326,328,935,326,328,935,-1
328,211,920,328,211,920,328,211,920,-1
211,138,915,211,138,915,211,138,915,1
138,197,918,138,197,918,138,197,918,1
197,134,923,197,134,923,197,134,923,-1
134,191,933,134,191,933,134,191,933,-1
191,135,926,191,135,926,191,135,926,-1
135,328,936,135,328,936,135,328,936,-1
328,127,911,328,127,911,328,127,911,-1
127,202,948,127,202,948,127,202,948,1
202,125,925,202,125,925,202,125,925,1
125,203,953,125,203,953,125,203,953,1
203,318,925,203,318,925,203,318,925,-1
318,123,931,318,123,931,318,123,931,-1
123,208,941,123,208,941,123,208,941,-1
208,121,927,208,121,927,208,121,927,-1
121,197,949,121,197,949,121,197,949,-1
197,121,922,197,121,922,197,121,922,-1
121,190,955,121,190,955,121,190,955,1
190,122,925,190,122,925,190,122,925,1
122,193,946,122,193,946,122,193,946,-1
193,193,936,193,193,936,193,193,936,-1
193,240,929,193,240,929,193,240,929,-1
240,192,953,240,192,953,240,192,953,-1
192,121,914,192,121,914,192,121,914,-1
121,189,963,121,189,963,121,189,963,1
189,121,920,189,121,920,189,121,920,1
121,189,956,121,189,956,121,189,956,1
189,124,933,189,124,933,189,124,933,-1
124,189,950,124,189,950,124,189,950,1
189,306,922,189,306,922,189,306,922,1
306,189,902,306,189,902,306,189,902,1
189,240,907,189,240,907,189,240,907,1
240,183,947,240,183,947,240,183,947,1
183,315,919,183,315,919,183,315,919,1
315,304,925,315,304,925,315,304,925,1
304,123,913,304,123,913,304,123,913,1
123,184,940,123,184,940,123,184,940,-1
184,126,913,184,126,913,184,126,913,-1
126,197,951,126,197,951,126,197,951,-1
197,316,937,197,316,937,197,316,937,-1
316,185,911,316,185,911,316,185,911,-1
185,125,919,185,125,919,185,125,919,1
125,309,914,125,309,914,125,309,914,1
309,191,914,309,191,914,309,191,914,1
191,124,913,191,124,913,191,124,913,1
124,212,918,124,212,918,124,212,918,1
212,226,900,212,226,900,212,226,900,1
226,188,936,226,188,936,226,188,936,1
188,186,903,188,186,903,188,186,903,-1
186,131,909,186,131,909,186,131,909,1
131,321,925,131,321,925,131,321,925,1
321,123,906,321,123,906,321,123,906,1
123,190,942,123,190,942,123,190,942,1
190,123,898,190,123,898,190,123,898,1
123,191,944,123,191,944,123,191,944,1
191,313,931,191,313,931,191,313,931,1
313,308,933,313,308,933,313,308,933,1
308,126,908,308,126,908,308,126,908,1
126,180,950,126,180,950,126,180,950,1
180,191,913,180,191,913,180,191,913,1
191,232,915,191,232,915,191,232,915,1
232,182,943,232,182,943,232,182,943,1
182,199,925,182,199,925,182,199,925,1
199,217,919,199,217,919,199,217,919,1
217,188,911,217,188,911,217,188,911,1
188,308,857,188,308,857,188,308,857,1
308,307,915,308,307,915,308,307,915,1
307,121,911,307,121,911,307,121,911,1
121,192,961,121,192,961,121,192,961,1
192,307,913,192,307,913,192,307,913,1
307,299,913,307,299,913,307,299,913,1
299,121,925,299,121,925,299,121,925,1
121,186,947,121,186,947,121,186,947,1
186,122,917,186,122,917,186,122,917,1
122,188,968,122,188,968,122,188,968,1
188,121,915,188,121,915,188,121,915,1
121,178,967,121,178,967,121,178,967,1
178,297,918,178,297,918,178,297,918,1
297,197,927,297,197,927,297,197,927,1
197,357,890,197,357,890,197,357,890,1
357,196,903,357,196,903,357,196,903,1
196,228,915,196,228,915,196,228,915,1
228,193,956,228,193,956,228,193,956,1
193,121,919,193,121,919,193,121,919,1
121,156,968,121,156,968,121,156,968,1
156,152,878,156,152,878,156,152,878,1
152,321,933,152,321,933,152,321,933,1
321,322,905,321,322,905,321,322,905,1
322,187,921,322,187,921,322,187,921,1
187,238,931,187,238,931,187,238,931,1
238,184,959,238,184,959,238,184,959,1
184,311,943,184,311,943,184,311,943,1
311,191,931,311,191,931,311,191,931,1
191,232,926,191,232,926,191,232,926,1
232,198,974,232,198,974,232,198,974,1
198,121,937,198,121,937,198,121,937,1
121,190,964,121,190,964,121,190,964,1
190,308,924,190,308,924,190,308,924,1
308,309,914,308,309,914,308,309,914,1
309,302,916,309,302,916,309,302,916,1
302,305,928,302,305,928,302,305,928,1
305,299,924,305,299,924,305,299,924,1
299,188,917,299,188,917,299,188,917,1
188,177,896,188,177,896,188,177,896,1
177,186,911,177,186,911,177,186,911,1
186,324,913,186,324,913,186,324,913,1
324,300,911,324,300,911,324,300,911,1
300,302,924,300,302,924,300,302,924,1
302,123,919,302,123,919,302,123,919,1
123,180,942,123,180,942,123,180,942,1
180,123,921,180,123,921,180,123,921,1
123,178,961,123,178,961,123,178,961,1
178,121,919,178,121,919,178,121,919,1
121,179,955,121,179,955,121,179,955,1
179,298,935,179,298,935,179,298,935,1
298,122,935,298,122,935,298,122,935,1
122,180,944,122,180,944,122,180,944,1
180,298,930,180,298,930,180,298,930,1
298,183,924,298,183,924,298,183,924,1
183,230,920,183,230,920,183,230,920,1
230,176,950,230,176,950,230,176,950,1
176,122,915,176,122,915,176,122,915,1
122,181,949,122,181,949,122,181,949,1
181,121,928,181,121,928,181,121,928,1
121,177,952,121,177,952,121,177,952,1
177,295,915,177,295,915,177,295,915,1
295,301,906,295,301,906,295,301,906,1
301,127,909,301,127,909,301,127,909,1
127,180,945,127,180,945,127,180,945,1
180,304,925,180,304,925,180,304,925,1
304,187,915,304,187,915,304,187,915,1
187,125,924,187,125,924,187,125,924,1
125,188,928,125,188,928,125,188,928,1
188,129,921,188,129,921,188,129,921,1
129,122,921,129,122,921,129,122,921,1
122,211,953,122,211,953,122,211,953,1
211,321,924,211,321,924,211,321,924,1
321,314,929,321,314,929,321,314,929,1
314,124,925,314,124,925,314,124,925,1
124,202,954,124,202,954,124,202,954,1
202,312,929,202,312,929,202,312,929,1
312,197,919,312,197,919,312,197,919,1
197,230,915,197,230,915,197,230,915,1
230,194,951,230,194,951,230,194,951,1
194,316,919,194,316,919,194,316,919,1
316,124,924,316,124,924,316,124,924,1
124,186,946,124,186,946,124,186,946,1
186,308,923,186,308,923,186,308,923,1
308,121,924,308,121,924,308,121,924,1
121,198,945,121,198,945,121,198,945,1
198,124,916,198,124,916,198,124,916,1
124,197,953,124,197,953,124,197,953,1
197,122,918,197,122,918,197,122,918,1
122,191,944,122,191,944,122,191,944,1
191,314,919,191,314,919,191,314,919,1
314,196,916,314,196,916,314,196,916,1
196,240,913,196,240,913,196,240,913,1
240,203,945,240,203,945,240,203,945,1
203,121,906,203,121,906,203,121,906,1
121,200,941,121,200,941,121,200,941,1
200,335,906,200,335,906,200,335,906,1
335,126,920,335,126,920,335,126,920,1
126,218,935,126,218,935,126,218,935,1
218,123,907,218,123,907,218,123,907,1
123,210,938,123,210,938,123,210,938,1
210,121,920,210,121,920,210,121,920,1
121,211,948,121,211,948,121,211,948,1
211,323,922,211,323,922,211,323,922,1
323,330,921,323,330,921,323,330,921,1
330,122,915,330,122,915,330,122,915,1
122,204,953,122,204,953,122,204,953,1
204,191,921,204,191,921,204,191,921,1
191,132,926,191,132,926,191,132,926,1
132,131,921,132,131,921,132,131,921,1
131,192,942,131,192,942,131,192,942,1
192,124,920,192,124,920,192,124,920,1
124,193,947,124,193,947,124,193,947,-1
193,121,905,193,121,905,193,121,905,1
121,201,936,121,201,936,121,201,936,1
201,126,919,201,126,919,201,126,919,1
126,192,929,126,192,929,126,192,929,1
192,125,912,192,125,912,192,125,912,1
125,200,927,125,200,927,125,200,927,1
200,123,907,200,123,907,200,123,907,1
123,195,926,123,195,926,123,195,926,1
195,121,902,195,121,902,195,121,902,1
121,193,929,121,193,929,121,193,929,1
193,199,901,193,199,901,193,199,901,1
199,126,897,199,126,897,199,126,897,1
126,187,912,126,187,912,126,187,912,1
187,126,903,187,126,903,187,126,903,1
126,186,900,126,186,900,126,186,900,1
186,240,899,186,240,899,186,240,899,1
240,196,931,240,196,931,240,196,931,1
196,125,896,196,125,896,196,125,896,1
125,191,919,125,191,919,125,191,919,1
191,125,906,191,125,906,191,125,906,1
125,184,933,125,184,933,125,184,933,1
184,310,908,184,310,908,184,310,908,1
310,190,916,310,190,916,310,190,916,1
190,126,903,190,126,903,190,126,903,1
126,125,902,126,125,902,126,125,902,1
125,191,942,125,191,942,125,191,942,1
191,124,912,191,124,912,191,124,912,1
124,192,946,124,192,946,124,192,946,1
192,316,918,192,316,918,192,316,918,1
316,185,912,316,185,912,316,185,912,1
185,126,909,185,126,909,185,126,909,1
126,126,903,126,126,903,126,126,903,1
126,196,934,126,196,934,126,196,934,1
196,316,907,196,316,907,196,316,907,1
316,312,928,316,312,928,316,312,928,1
312,126,923,312,126,923,312,126,923,1
126,197,951,126,197,951,126,197,951,1
197,187,918,197,187,918,197,187,918,1
187,126,919,187,126,919,187,126,919,1
126,309,914,126,309,914,126,309,914,1
309,313,915,309,313,915,309,313,915,1
313,199,921,313,199,921,313,199,921,1
199,231,924,199,231,924,199,231,924,1
231,187,951,231,187,951,231,187,951,1
187,195,916,187,195,916,187,195,916,1
195,226,914,195,226,914,195,226,914,1
226,180,952,226,180,952,226,180,952,1
180,122,922,180,122,922,180,122,922,1
122,185,950,122,185,950,122,185,950,1
185,191,908,185,191,908,185,191,908,1
191,339,897,191,339,897,191,339,897,1
339,197,891,339,197,891,339,197,891,1
197,220,921,197,220,921,197,220,921,1
220,203,926,220,203,926,220,203,926,1
203,129,901,203,129,901,203,129,901,1
129,178,909,129,178,909,129,178,909,1
178,208,869,178,208,869,178,208,869,1
208,203,903,208,203,903,208,203,903,1
203,174,921,203,174,921,203,174,921,1
174,297,872,174,297,872,174,297,872,1
297,202,888,297,202,888,297,202,888,1
202,289,909,202,289,909,202,289,909,1
289,213,900,289,213,900,289,213,900,1
213,160,915,213,160,915,213,160,915,1
160,165,954,160,165,954,160,165,954,1
165,161,952,165,161,952,165,161,952,1
161,128,912,161,128,912,161,128,912,1
128,165,987,128,165,987,128,165,987,1
165,219,923,165,219,923,165,219,923,1
219,150,901,219,150,901,219,150,901,1
150,139,922,150,139,922,150,139,922,1
139,221,978,139,221,978,139,221,978,1
221,185,864,221,185,864,221,185,864,-1
185,140,900,185,140,900,185,140,900,1
140,310,881,140,310,881,140,310,881,1
310,195,907,310,195,907,310,195,907,1
195,144,882,195,144,882,195,144,882,1
144,138,936,144,138,936,144,138,936,-1
138,151,978,138,151,978,138,151,978,1
151,295,887,151,295,887,151,295,887,1
295,339,895,295,339,895,295,339,895,1
339,180,918,339,180,918,339,180,918,1
180,152,927,180,152,927,180,152,927,1
152,139,980,152,139,980,152,139,980,1
139,403,1000,139,403,1000,139,403,1000,1
403,328,904,403,328,904,403,328,904,1
328,325,905,328,325,905,328,325,905,-1
325,123,917,325,123,917,325,123,917,-1
123,142,959,123,142,959,123,142,959,1
142,374,889,142,374,889,142,374,889,1
374,328,925,374,328,925,374,328,925,1
328,340,920,328,340,920,328,340,920,-1
340,322,918,340,322,918,340,322,918,1
322,313,877,322,313,877,322,313,877,1
313,321,901,313,321,901,313,321,901,1
321,322,901,321,322,901,321,322,901,1
322,318,912,322,318,912,322,318,912,1
318,196,912,318,196,912,318,196,912,1
196,146,894,196,146,894,196,146,894,1
146,231,940,146,231,940,146,231,940,-1
231,278,867,231,278,867,231,278,867,-1
278,234,879,278,234,879,278,234,879,-1
234,218,945,234,218,945,234,218,945,-1
218,334,919,218,334,919,218,334,919,-1
334,333,908,334,333,908,334,333,908,-1
333,336,907,333,336,907,333,336,907,1
336,196,903,336,196,903,336,196,903,1
196,134,911,196,134,911,196,134,911,1
134,335,911,134,335,911,134,335,911,-1
335,276,903,335,276,903,335,276,903,-1
276,257,871,276,257,871,276,257,871,-1
257,130,877,257,130,877,257,130,877,-1
130,332,896,130,332,896,130,332,896,-1
332,328,901,332,328,901,332,328,901,1
328,327,914,328,327,914,328,327,914,1
327,313,907,327,313,907,327,313,907,1
313,321,907,313,321,907,313,321,907,1
321,323,901,321,323,901,321,323,901,1
323,315,904,323,315,904,323,315,904,1
315,327,903,315,327,903,315,327,903,1
327,196,907,327,196,907,327,196,907,1
196,122,895,196,122,895,196,122,895,1
122,321,889,122,321,889,122,321,889,1
321,181,875,321,181,875,321,181,875,1
181,131,901,181,131,901,181,131,901,1
131,306,915,131,306,915,131,306,915,1
306,313,914,306,313,914,306,313,914,1
313,306,902,313,306,902,313,306,902,1
306,298,909,306,298,909,306,298,909,1
298,310,906,298,310,906,298,310,906,1
310,316,904,310,316,904,310,316,904,1
316,315,911,316,315,911,316,315,911,1
315,320,897,315,320,897,315,320,897,1
320,217,906,320,217,906,320,217,906,1
217,227,893,217,227,893,217,227,893,1
227,198,954,227,198,954,227,198,954,1
198,322,911,198,322,911,198,322,911,1
322,323,903,322,323,903,322,323,903,1
323,321,912,323,321,912,323,321,912,1
321,121,921,321,121,921,321,121,921,1
121,207,965,121,207,965,121,207,965,1
207,322,923,207,322,923,207,322,923,1
322,323,917,322,323,917,322,323,917,1
323,123,914,323,123,914,323,123,914,1
123,200,953,123,200,953,123,200,953,1
200,312,911,200,312,911,200,312,911,1
312,321,915,312,321,915,312,321,915,1
321,315,913,321,315,913,321,315,913,1
315,324,919,315,324,919,315,324,919,1
324,321,927,324,321,927,324,321,927,1
321,320,916,321,320,916,321,320,916,1
320,121,943,320,121,943,320,121,943,1
121,213,960,121,213,960,121,213,960,1
213,121,925,213,121,925,213,121,925,1
121,206,964,121,206,964,121,206,964,1
206,331,922,206,331,922,206,331,922,1
331,122,924,331,122,924,331,122,924,1
122,215,968,122,215,968,122,215,968,1
215,121,934,215,121,934,215,121,934,1
121,208,968,121,208,968,121,208,968,1
208,327,937,208,327,937,208,327,937,1
327,318,929,327,318,929,327,318,929,1
318,122,936,318,122,936,318,122,936,1
122,207,963,122,207,963,122,207,963,1
207,321,933,207,321,933,207,321,933,1
321,312,929,321,312,929,321,312,929,1
312,326,929,312,326,929,312,326,929,1
326,336,937,326,336,937,326,336,937,1
336,123,932,336,123,932,336,123,932,1
123,203,967,123,203,967,123,203,967,1
203,320,933,203,320,933,203,320,933,1
320,121,924,320,121,924,320,121,924,1
121,214,968,121,214,968,121,214,968,1
214,121,925,214,121,925,214,121,925,1
121,212,963,121,212,963,121,212,963,1
212,327,911,212,327,911,212,327,911,1
327,322,931,327,322,931,327,322,931,1
322,324,919,322,324,919,322,324,919,1
324,122,931,324,122,931,324,122,931,1
122,206,957,122,206,957,122,206,957,1
206,324,927,206,324,927,206,324,927,1
324,326,939,324,326,939,324,326,939,1
326,127,929,326,127,929,326,127,929,1
127,210,960,127,210,960,127,210,960,1
210,320,930,210,320,930,210,320,930,1
320,121,921,320,121,921,320,121,921,1
121,215,974,121,215,974,121,215,974,1
215,332,928,215,332,928,215,332,928,1
332,122,923,332,122,923,332,122,923,1
122,212,955,122,212,955,122,212,955,1
212,328,927,212,328,927,212,328,927,1
328,331,918,328,331,918,328,331,918,1
331,126,933,331,126,933,331,126,933,1
126,217,963,126,217,963,126,217,963,1
217,122,928,217,122,928,217,122,928,1
122,214,969,122,214,969,122,214,969,1
214,342,926,214,342,926,214,342,926,1
342,337,923,342,337,923,342,337,923,1
337,336,919,337,336,919,337,336,919,1
336,329,917,336,329,917,336,329,917,1
329,331,915,329,331,915,329,331,915,1
331,125,916,331,125,916,331,125,916,1
125,218,959,125,218,959,125,218,959,1
218,123,923,218,123,923,218,123,923,1
123,213,956,123,213,956,123,213,956,1
213,123,913,213,123,913,213,123,913,1
123,216,950,123,216,950,123,216,950,1
216,340,918,216,340,918,216,340,918,1
340,340,918,340,340,918,340,340,918,1
340,325,920,340,325,920,340,325,920,1
325,332,923,325,332,923,325,332,923,1
332,124,913,332,124,913,332,124,913,1
124,216,962,124,216,962,124,216,962,1
216,122,910,216,122,910,216,122,910,1
122,210,960,122,210,960,122,210,960,1
210,126,919,210,126,919,210,126,919,1
126,203,954,126,203,954,126,203,954,1
203,323,943,203,323,943,203,323,943,1
323,121,914,323,121,914,323,121,914,1
121,213,970,121,213,970,121,213,970,1
213,322,918,213,322,918,213,322,918,1
322,323,918,322,323,918,322,323,918,1
323,126,929,323,126,929,323,126,929,1
126,212,944,126,212,944,126,212,944,1
212,322,918,212,322,918,212,322,918,1
322,330,915,322,330,915,322,330,915,1
330,123,915,330,123,915,330,123,915,1
123,205,964,123,205,964,123,205,964,1
205,334,919,205,334,919,205,334,919,1
334,121,916,334,121,916,334,121,916,1
121,201,950,121,201,950,121,201,950,1
201,122,904,201,122,904,201,122,904,1
122,203,960,122,203,960,122,203,960,1
203,123,902,203,123,902,203,123,902,1
123,213,958,123,213,958,123,213,958,1
213,121,912,213,121,912,213,121,912,1
121,196,941,121,196,941,121,196,941,1
196,312,918,196,312,918,196,312,918,1
312,126,906,312,126,906,312,126,906,1
126,204,952,126,204,952,126,204,952,1
204,124,914,204,124,914,204,124,914,1
124,213,949,124,213,949,124,213,949,1
213,124,910,213,124,910,213,124,910,1
124,213,942,124,213,942,124,213,942,1
213,332,911,213,332,911,213,332,911,1
332,126,906,332,126,906,332,126,906,1
126,216,961,126,216,961,126,216,961,1
216,121,905,216,121,905,216,121,905,1
121,219,958,121,219,958,121,219,958,1
219,127,916,219,127,916,219,127,916,1
127,208,936,127,208,936,127,208,936,1
208,124,916,208,124,916,208,124,916,1
124,213,946,124,213,946,124,213,946,1
213,121,921,213,121,921,213,121,921,1
121,218,962,121,218,962,121,218,962,1
218,334,916,218,334,916,218,334,916,1
334,326,914,334,326,914,334,326,914,1
326,125,921,326,125,921,326,125,921,1
125,212,942,125,212,942,125,212,942,1
212,324,902,212,324,902,212,324,902,1
324,328,903,324,328,903,324,328,903,1
328,124,913,328,124,913,328,124,913,1
124,203,949,124,203,949,124,203,949,1
203,121,920,203,121,920,203,121,920,1
121,209,955,121,209,955,121,209,955,1
209,326,905,209,326,905,209,326,905,1
326,323,913,326,323,913,326,323,913,1
323,124,915,323,124,915,323,124,915,1
124,215,953,124,215,953,124,215,953,1
215,122,925,215,122,925,215,122,925,1
122,209,947,122,209,947,122,209,947,1
209,326,908,209,326,908,209,326,908,1
326,125,906,326,125,906,326,125,906,1
125,208,958,125,208,958,125,208,958,1
208,126,904,208,126,904,208,126,904,1
126,206,937,126,206,937,126,206,937,1
206,329,916,206,329,916,206,329,916,1
329,329,900,329,329,900,329,329,900,1
329,123,892,329,123,892,329,123,892,1
123,216,943,123,216,943,123,216,943,1
216,192,890,216,192,890,216,192,890,1
192,135,904,192,135,904,192,135,904,1
135,318,901,135,318,901,135,318,901,1
318,124,897,318,124,897,318,124,897,1
124,196,936,124,196,936,124,196,936,1
196,125,892,196,125,892,196,125,892,1
125,213,942,125,213,942,125,213,942,1
213,124,890,213,124,890,213,124,890,1
124,201,942,124,201,942,124,201,942,1
201,123,904,201,123,904,201,123,904,1
123,196,935,123,196,935,123,196,935,1
196,121,914,196,121,914,196,121,914,1
121,237,940,121,237,940,121,237,940,1
237,257,956,237,257,956,237,257,956,1
257,125,903,257,125,903,257,125,903,1
125,210,932,125,210,932,125,210,932,1
210,317,911,210,317,911,210,317,911,1
317,121,895,317,121,895,317,121,895,-1
121,201,934,121,201,934,121,201,934,1
201,126,909,201,126,909,201,126,909,1
126,201,943,126,201,943,126,201,943,1
201,121,901,201,121,901,201,121,901,1
121,198,948,121,198,948,121,198,948,1
198,325,911,198,325,911,198,325,911,1
325,128,911,325,128,911,325,128,911,1
128,201,951,128,201,951,128,201,951,-1
201,122,924,201,122,924,201,122,924,1
122,200,950,122,200,950,122,200,950,1
200,185,911,200,185,911,200,185,911,1
185,139,914,185,139,914,185,139,914,1
139,122,907,139,122,907,139,122,907,-1
122,204,949,122,204,949,122,204,949,1
204,121,928,204,121,928,204,121,928,1
121,205,952,121,205,952,121,205,952,1
205,326,915,205,326,915,205,326,915,1
326,322,919,326,322,919,326,322,919,1
322,125,914,322,125,914,322,125,914,1
125,209,959,125,209,959,125,209,959,1
209,122,923,209,122,923,209,122,923,1
122,202,954,122,202,954,122,202,954,1
202,121,908,202,121,908,202,121,908,1
121,201,945,121,201,945,121,201,945,1
201,126,907,201,126,907,201,126,907,1
126,204,958,126,204,958,126,204,958,1
204,326,922,204,326,922,204,326,922,-1
326,314,928,326,314,928,326,314,928,1
314,316,923,314,316,923,314,316,923,1
316,123,920,316,123,920,316,123,920,1
123,206,952,123,206,952,123,206,952,1
206,192,923,206,192,923,206,192,923,-1
192,133,922,192,133,922,192,133,922,1
133,323,922,133,323,922,133,323,922,1
323,121,922,323,121,922,323,121,922,1
121,204,955,121,204,955,121,204,955,-1
204,128,923,204,128,923,204,128,923,-1
128,209,951,128,209,951,128,209,951,-1
209,128,930,209,128,930,209,128,930,1
128,209,961,128,209,961,128,209,961,1
209,332,928,209,332,928,209,332,928,1
332,122,933,332,122,933,332,122,933,1
122,224,959,122,224,959,122,224,959,-1
224,124,925,224,124,925,224,124,925,1
124,215,959,124,215,959,124,215,959,1
215,331,929,215,331,929,215,331,929,1
331,124,917,331,124,917,331,124,917,1
124,205,952,124,205,952,124,205,952,1
205,333,919,205,333,919,205,333,919,1
333,123,913,333,123,913,333,123,913,1
123,214,966,123,214,966,123,214,966,1
214,122,929,214,122,929,214,122,929,1
122,203,951,122,203,951,122,203,951,1
203,122,923,203,122,923,203,122,923,1
122,215,956,122,215,956,122,215,956,1
215,121,921,215,121,921,215,121,921,1
121,216,958,121,216,958,121,216,958,1
216,326,912,216,326,912,216,326,912,1
326,329,922,326,329,922,326,329,922,1
329,124,924,329,124,924,329,124,924,1
124,211,943,124,211,943,124,211,943,1
211,128,912,211,128,912,211,128,912,1
128,207,947,128,207,947,128,207,947,1
207,126,908,207,126,908,207,126,908,1
126,207,945,126,207,945,126,207,945,1
207,124,918,207,124,918,207,124,918,1
124,217,938,124,217,938,124,217,938,1
217,125,913,217,125,913,217,125,913,1
125,214,948,125,214,948,125,214,948,1
214,327,919,214,327,919,214,327,919,1
327,336,916,327,336,916,327,336,916,1
336,122,928,336,122,928,336,122,928,1
122,213,954,122,213,954,122,213,954,1
213,124,921,213,124,921,213,124,921,1
124,207,954,124,207,954,124,207,954,1
207,124,925,207,124,925,207,124,925,1
124,210,958,124,210,958,124,210,958,1
210,123,927,210,123,927,210,123,927,1
123,216,963,123,216,963,123,216,963,1
216,126,924,216,126,924,216,126,924,1
126,209,949,126,209,949,126,209,949,1
209,124,931,209,124,931,209,124,931,1
124,205,946,124,205,946,124,205,946,1
205,122,917,205,122,917,205,122,917,1
122,211,962,122,211,962,122,211,962,1
211,124,909,211,124,909,211,124,909,1
124,210,954,124,210,954,124,210,954,1
210,128,913,210,128,913,210,128,913,1
128,206,948,128,206,948,128,206,948,1
206,325,916,206,325,916,206,325,916,1
325,127,907,325,127,907,325,127,907,1
127,210,949,127,210,949,127,210,949,1
210,125,915,210,125,915,210,125,915,1
125,210,957,125,210,957,125,210,957,1
210,319,930,210,319,930,210,319,930,1
319,324,919,319,324,919,319,324,919,1
324,317,908,324,317,908,324,317,908,1
317,128,911,317,128,911,317,128,911,1
128,200,953,128,200,953,128,200,953,-1
200,124,906,200,124,906,200,124,906,1
124,187,945,124,187,945,124,187,945,1
187,123,898,187,123,898,187,123,898,1
123,190,930,123,190,930,123,190,930,1
190,126,899,190,126,899,190,126,899,1
126,199,949,126,199,949,126,199,949,1
199,123,898,199,123,898,199,123,898,1
123,192,958,123,192,958,123,192,958,1
192,121,906,192,121,906,192,121,906,1
121,198,962,121,198,962,121,198,962,1
198,305,921,198,305,921,198,305,921,1
305,121,880,305,121,880,305,121,880,1
121,205,939,121,205,939,121,205,939,1
205,311,908,205,311,908,205,311,908,1
311,311,920,311,311,920,311,311,920,-1
311,122,933,311,122,933,311,122,933,1
122,195,970,122,195,970,122,195,970,1
195,195,922,195,195,922,195,195,922,1
195,351,905,195,351,905,195,351,905,1
351,122,906,351,122,906,351,122,906,1
122,182,962,122,182,962,122,182,962,1
182,308,918,182,308,918,182,308,918,1
308,123,923,308,123,923,308,123,923,1
123,182,959,123,182,959,123,182,959,1
182,206,917,182,206,917,182,206,917,1
206,341,879,206,341,879,206,341,879,1
341,124,898,341,124,898,341,124,898,1
124,193,976,124,193,976,124,193,976,1
193,305,909,193,305,909,193,305,909,1
305,302,915,305,302,915,305,302,915,1
302,122,918,302,122,918,302,122,918,1
122,182,955,122,182,955,122,182,955,1
182,316,914,182,316,914,182,316,914,1
316,317,913,316,317,913,316,317,913,1
317,304,915,317,304,915,317,304,915,1
304,186,927,304,186,927,304,186,927,1
186,145,932,186,145,932,186,145,932,1
145,316,951,145,316,951,145,316,951,1
316,122,897,316,122,897,316,122,897,1
122,203,943,122,203,943,122,203,943,1
203,317,922,203,317,922,203,317,922,1
317,203,917,317,203,917,317,203,917,1
203,231,894,203,231,894,203,231,894,1
231,146,887,231,146,887,231,146,887,1
146,122,912,146,122,912,146,122,912,1
122,202,963,122,202,963,122,202,963,1
202,320,908,202,320,908,202,320,908,1
320,324,924,320,324,924,320,324,924,1
324,316,920,324,316,920,324,316,920,1
316,319,916,316,319,916,316,319,916,1
319,327,919,319,327,919,319,327,919,1
327,191,925,327,191,925,327,191,925,1
191,147,944,191,147,944,191,147,944,1
147,152,968,147,152,968,147,152,968,1
152,173,981,152,173,981,152,173,981,1
173,252,887,173,252,887,173,252,887,1
252,387,884,252,387,884,252,387,884,1
387,327,914,387,327,914,387,327,914,1
327,173,906,327,173,906,327,173,906,1
173,146,965,173,146,965,173,146,965,1
146,147,976,146,147,976,146,147,976,1
147,335,966,147,335,966,147,335,966,1
335,359,896,335,359,896,335,359,896,1
359,329,903,359,329,903,359,329,903,1
329,338,913,329,338,913,329,338,913,1
338,125,906,338,125,906,338,125,906,1
125,215,962,125,215,962,125,215,962,1
215,326,903,215,326,903,215,326,903,1
326,121,918,326,121,918,326,121,918,1
121,216,953,121,216,953,121,216,953,1
216,333,907,216,333,907,216,333,907,1
333,341,915,333,341,915,333,341,915,1
341,345,914,341,345,914,341,345,914,1
345,344,900,345,344,900,345,344,900,1
344,125,918,344,125,918,344,125,918,1
125,216,949,125,216,949,125,216,949,1
216,122,917,216,122,917,216,122,917,1
122,219,960,122,219,960,122,219,960,1
219,346,907,219,346,907,219,346,907,1
346,214,915,346,214,915,346,214,915,1
214,124,905,214,124,905,214,124,905,1
124,121,918,124,121,918,124,121,918,1
121,220,954,121,220,954,121,220,954,1
220,332,913,220,332,913,220,332,913,1
332,332,919,332,332,919,332,332,919,1
332,122,917,332,122,917,332,122,917,1
122,212,952,122,212,952,122,212,952,1
212,333,906,212,333,906,212,333,906,1
333,353,893,333,353,893,333,353,893,1
353,341,899,353,341,899,353,341,899,1
341,338,904,341,338,904,341,338,904,1
338,342,891,338,342,891,338,342,891,1
342,349,897,342,349,897,342,349,897,1
349,125,921,349,125,921,349,125,921,-1
125,221,942,125,221,942,125,221,942,1
221,341,910,221,341,910,221,341,910,1
341,348,900,341,348,900,341,348,900,1
348,349,908,348,349,908,348,349,908,1
349,127,919,349,127,919,349,127,919,1
127,221,945,127,221,945,127,221,945,1
221,125,911,221,125,911,221,125,911,1
125,216,931,125,216,931,125,216,931,1
216,123,892,216,123,892,216,123,892,1
123,237,938,123,237,938,123,237,938,1
237,124,904,237,124,904,237,124,904,1
124,221,944,124,221,944,124,221,944,1
221,333,908,221,333,908,221,333,908,-1
333,121,911,333,121,911,333,121,911,-1
121,221,939,121,221,939,121,221,939,1
221,123,899,221,123,899,221,123,899,1
123,222,949,123,222,949,123,222,949,1
222,127,907,222,127,907,222,127,907,1
127,224,949,127,224,949,127,224,949,-1
224,123,920,224,123,920,224,123,920,1
123,210,945,123,210,945,123,210,945,1
210,342,910,210,342,910,210,342,910,1
342,121,911,342,121,911,342,121,911,1
121,224,958,121,224,958,121,224,958,1
224,341,908,224,341,908,224,341,908,1
341,121,914,341,121,914,341,121,914,1
121,223,957,121,223,957,121,223,957,1
223,125,923,223,125,923,223,125,923,1
125,221,955,125,221,955,125,221,955,1
221,121,919,221,121,919,221,121,919,1
121,223,966,121,223,966,121,223,966,1
223,344,922,223,344,922,223,344,922,1
344,124,927,344,124,927,344,124,927,1
124,224,962,124,224,962,124,224,962,1
224,121,931,224,121,931,224,121,931,1
121,221,962,121,221,962,121,221,962,1
221,346,918,221,346,918,221,346,918,1
346,354,929,346,354,929,346,354,929,1
354,123,934,354,123,934,354,123,934,1
123,230,954,123,230,954,123,230,954,1
230,343,927,230,343,927,230,343,927,1
343,121,923,343,121,923,343,121,923,1
121,227,970,121,227,970,121,227,970,1
227,127,932,227,127,932,227,127,932,1
127,224,973,127,224,973,127,224,973,1
224,123,936,224,123,936,224,123,936,1
123,214,966,123,214,966,123,214,966,1
214,123,928,214,123,928,214,123,928,1
123,221,972,123,221,972,123,221,972,1
221,123,916,221,123,916,221,123,916,1
123,222,960,123,222,960,123,222,960,1
222,128,930,222,128,930,222,128,930,1
128,220,951,128,220,951,128,220,951,1
220,127,931,220,127,931,220,127,931,1
127,209,945,127,209,945,127,209,945,1
209,122,930,209,122,930,209,122,930,1
122,223,972,122,223,972,122,223,972,1
223,123,928,223,123,928,223,123,928,1
123,220,974,123,220,974,123,220,974,1
220,334,930,220,334,930,220,334,930,1
334,211,928,334,211,928,334,211,928,1
211,126,924,211,126,924,211,126,924,1
126,211,918,126,211,918,126,211,918,1
211,135,919,211,135,919,211,135,919,1
135,126,933,135,126,933,135,126,933,1
126,213,967,126,213,967,126,213,967,1
213,126,942,213,126,942,213,126,942,1
126,211,964,126,211,964,126,211,964,1
211,124,933,211,124,933,211,124,933,1
124,222,967,124,222,967,124,222,967,1
222,126,943,222,126,943,222,126,943,1
126,226,966,126,226,966,126,226,966,1
226,343,923,226,343,923,226,343,923,1
343,127,931,343,127,931,343,127,931,1
127,223,960,127,223,960,127,223,960,1
223,126,947,223,126,947,223,126,947,1
126,235,968,126,235,968,126,235,968,1
235,341,937,235,341,937,235,341,937,1
341,121,933,341,121,933,341,121,933,1
121,215,976,121,215,976,121,215,976,1
215,125,926,215,125,926,215,125,926,1
125,229,969,125,229,969,125,229,969,1
229,121,937,229,121,937,229,121,937,1
121,216,968,121,216,968,121,216,968,1
216,125,927,216,125,927,216,125,927,1
125,206,965,125,206,965,125,206,965,1
206,121,940,206,121,940,206,121,940,1
121,203,970,121,203,970,121,203,970,1
203,121,941,203,121,941,203,121,941,1
121,215,974,121,215,974,121,215,974,1
215,205,931,215,205,931,215,205,931,1
205,236,913,205,236,913,205,236,913,1
236,206,965,236,206,965,236,206,965,1
206,124,930,206,124,930,206,124,930,1
124,212,969,124,212,969,124,212,969,-1
212,317,938,212,317,938,212,317,938,-1
317,188,940,317,188,940,317,188,940,1
188,139,942,188,139,942,188,139,942,1
139,126,932,139,126,932,139,126,932,1
126,205,990,126,205,990,126,205,990,1
205,328,960,205,328,960,205,328,960,1
328,124,938,328,124,938,328,124,938,1
124,202,965,124,202,965,124,202,965,1
202,326,925,202,326,925,202,326,925,-1
326,123,933,326,123,933,326,123,933,-1
123,212,978,123,212,978,123,212,978,1
212,123,933,212,123,933,212,123,933,1
123,202,963,123,202,963,123,202,963,1
202,316,922,202,316,922,202,316,922,-1
316,121,932,316,121,932,316,121,932,-1
121,205,983,121,205,983,121,205,983,1
205,127,926,205,127,926,205,127,926,1
127,206,974,127,206,974,127,206,974,1
206,122,923,206,122,923,206,122,923,1
122,204,973,122,204,973,122,204,973,1
204,121,935,204,121,935,204,121,935,1
121,201,968,121,201,968,121,201,968,1
201,122,936,201,122,936,201,122,936,-1
122,216,966,122,216,966,122,216,966,-1
216,191,925,216,191,925,216,191,925,1
191,140,930,191,140,930,191,140,930,1
140,320,915,140,320,915,140,320,915,1
320,126,921,320,126,921,320,126,921,1
126,193,950,126,193,950,126,193,950,1
193,124,916,193,124,916,193,124,916,1
124,217,967,124,217,967,124,217,967,1
217,333,915,217,333,915,217,333,915,1
333,192,912,333,192,912,333,192,912,1
192,138,916,192,138,916,192,138,916,1
138,126,910,138,126,910,138,126,910,1
126,228,952,126,228,952,126,228,952,1
228,348,928,228,348,928,228,348,928,1
348,336,914,348,336,914,348,336,914,1
336,126,920,336,126,920,336,126,920,1
126,213,951,126,213,951,126,213,951,1
213,127,921,213,127,921,213,127,921,1
127,214,938,127,214,938,127,214,938,1
214,125,914,214,125,914,214,125,914,1
125,216,956,125,216,956,125,216,956,1
216,121,912,216,121,912,216,121,912,1
121,214,974,121,214,974,121,214,974,1
214,123,929,214,123,929,214,123,929,1
123,218,962,123,218,962,123,218,962,1
218,325,931,218,325,931,218,325,931,1
325,321,919,325,321,919,325,321,919,1
321,124,907,321,124,907,321,124,907,1
124,209,955,124,209,955,124,209,955,1
209,123,920,209,123,920,209,123,920,1
123,214,959,123,214,959,123,214,959,1
214,124,931,214,124,931,214,124,931,1
124,214,947,124,214,947,124,214,947,1
214,122,918,214,122,918,214,122,918,1
122,219,942,122,219,942,122,219,942,1
219,124,904,219,124,904,219,124,904,1
124,225,946,124,225,946,124,225,946,1
225,124,899,225,124,899,225,124,899,1
124,222,947,124,222,947,124,222,947,1
222,336,910,222,336,910,222,336,910,1
336,126,913,336,126,913,336,126,913,1
126,220,940,126,220,940,126,220,940,1
220,128,906,220,128,906,220,128,906,1
128,219,945,128,219,945,128,219,945,1
219,124,909,219,124,909,219,124,909,1
124,215,944,124,215,944,124,215,944,1
215,332,918,215,332,918,215,332,918,1
332,129,917,332,129,917,332,129,917,1
129,218,935,129,218,935,129,218,935,1
218,121,905,218,121,905,218,121,905,1
121,212,951,121,212,951,121,212,951,1
212,328,902,212,328,902,212,328,902,-1
328,131,909,328,131,909,328,131,909,1
131,202,935,131,202,935,131,202,935,1
202,125,920,202,125,920,202,125,920,1
125,213,949,125,213,949,125,213,949,1
213,125,912,213,125,912,213,125,912,1
125,212,953,125,212,953,125,212,953,1
212,121,909,212,121,909,212,121,909,1
121,206,949,121,206,949,121,206,949,1
206,128,924,206,128,924,206,128,924,1
128,215,939,128,215,939,128,215,939,1
215,124,917,215,124,917,215,124,917,1
124,206,943,124,206,943,124,206,943,1
206,334,914,206,334,914,206,334,914,1
334,131,910,334,131,910,334,131,910,1
131,202,948,131,202,948,131,202,948,1
202,124,920,202,124,920,202,124,920,1
124,207,963,124,207,963,124,207,963,1
207,127,930,207,127,930,207,127,930,1
127,203,949,127,203,949,127,203,949,1
203,121,928,203,121,928,203,121,928,1
121,208,947,121,208,947,121,208,947,1
208,192,921,208,192,921,208,192,921,1
192,152,919,192,152,919,192,152,919,1
152,121,922,152,121,922,152,121,922,1
121,213,959,121,213,959,121,213,959,1
213,327,916,213,327,916,213,327,916,1
327,123,909,327,123,909,327,123,909,1
123,206,940,123,206,940,123,206,940,1
206,127,901,206,127,901,206,127,901,1
127,207,942,127,207,942,127,207,942,1
207,122,899,207,122,899,207,122,899,1
122,212,951,122,212,951,122,212,951,1
212,122,916,212,122,916,212,122,916,1
122,205,942,122,205,942,122,205,942,1
205,129,907,205,129,907,205,129,907,1
129,207,931,129,207,931,129,207,931,1
207,123,911,207,123,911,207,123,911,1
123,213,950,123,213,950,123,213,950,1
213,329,905,213,329,905,213,329,905,1
329,186,912,329,186,912,329,186,912,1
186,133,917,186,133,917,186,133,917,1
133,128,907,133,128,907,133,128,907,1
128,204,929,128,204,929,128,204,929,1
204,124,911,204,124,911,204,124,911,1
124,206,954,124,206,954,124,206,954,1
206,317,902,206,317,902,206,317,902,1
317,122,922,317,122,922,317,122,922,1
122,205,950,122,205,950,122,205,950,1
205,122,921,205,122,921,205,122,921,1
122,206,954,122,206,954,122,206,954,1
206,121,918,206,121,918,206,121,918,1
121,210,956,121,210,956,121,210,956,1
210,122,905,210,122,905,210,122,905,1
122,208,951,122,208,951,122,208,951,1
208,126,913,208,126,913,208,126,913,1
126,217,942,126,217,942,126,217,942,1
217,127,913,217,127,913,217,127,913,1
127,219,932,127,219,932,127,219,932,1
219,124,908,219,124,908,219,124,908,1
124,207,951,124,207,951,124,207,951,-1
207,128,917,207,128,917,207,128,917,1
128,221,948,128,221,948,128,221,948,1
221,126,925,221,126,925,221,126,925,1
126,209,940,126,209,940,126,209,940,-1
209,321,923,209,321,923,209,321,923,1
321,124,906,321,124,906,321,124,906,1
124,211,959,124,211,959,124,211,959,1
211,124,926,211,124,926,211,124,926,1
124,217,963,124,217,963,124,217,963,1
217,127,935,217,127,935,217,127,935,1
127,201,944,127,201,944,127,201,944,1
201,124,914,201,124,914,201,124,914,1
124,201,945,124,201,945,124,201,945,1
201,125,906,201,125,906,201,125,906,1
125,219,954,125,219,954,125,219,954,1
219,344,914,219,344,914,219,344,914,-1
344,328,918,344,328,918,344,328,918,1
328,129,916,328,129,916,328,129,916,1
129,209,939,129,209,939,129,209,939,1
209,126,916,209,126,916,209,126,916,-1
126,215,942,126,215,942,126,215,942,-1
215,123,903,215,123,903,215,123,903,1
123,218,954,123,218,954,123,218,954,1
218,127,905,218,127,905,218,127,905,1
127,209,929,127,209,929,127,209,929,-1
209,129,918,209,129,918,209,129,918,-1
129,217,927,129,217,927,129,217,927,-1
217,337,906,217,337,906,217,337,906,-1
337,328,903,337,328,903,337,328,903,-1
328,128,900,328,128,900,328,128,900,-1
128,199,938,128,199,938,128,199,938,1
199,125,898,199,125,898,199,125,898,1
125,207,937,125,207,937,125,207,937,-1
207,122,912,207,122,912,207,122,912,-1
122,197,931,122,197,931,122,197,931,1
197,314,898,197,314,898,197,314,898,1
314,128,902,314,128,902,314,128,902,1
128,207,936,128,207,936,128,207,936,-1
207,321,912,207,321,912,207,321,912,-1
321,323,898,321,323,898,321,323,898,1
323,123,915,323,123,915,323,123,915,1
123,206,945,123,206,945,123,206,945,1
206,124,904,206,124,904,206,124,904,1
124,207,956,124,207,956,124,207,956,1
207,127,908,207,127,908,207,127,908,1
127,201,950,127,201,950,127,201,950,1
201,122,910,201,122,910,201,122,910,-1
122,198,943,122,198,943,122,198,943,-1
198,198,906,198,198,906,198,198,906,1
198,191,900,198,191,900,198,191,900,1
191,182,898,191,182,898,191,182,898,1
182,129,896,182,129,896,182,129,896,1
129,201,938,129,201,938,129,201,938,1
201,122,907,201,122,907,201,122,907,1
122,199,927,122,199,927,122,199,927,1
199,322,901,199,322,901,199,322,901,1
322,332,882,322,332,882,322,332,882,1
332,122,904,332,122,904,332,122,904,1
122,210,967,122,210,967,122,210,967,1
210,199,906,210,199,906,210,199,906,1
199,135,911,199,135,911,199,135,911,-1
135,224,925,135,224,925,135,224,925,1
224,182,883,224,182,883,224,182,883,1
182,189,902,182,189,902,182,189,902,1
189,125,903,189,125,903,189,125,903,-1
125,219,963,125,219,963,125,219,963,1
219,187,895,219,187,895,219,187,895,1
187,146,902,187,146,902,187,146,902,1
146,325,911,146,325,911,146,325,911,1
325,238,874,325,238,874,325,238,874,1
238,361,862,238,361,862,238,361,862,1
361,128,895,361,128,895,361,128,895,1
128,206,964,128,206,964,128,206,964,-1
206,121,896,206,121,896,206,121,896,-1
121,199,942,121,199,942,121,199,942,1
199,311,898,199,311,898,199,311,898,1
311,123,907,311,123,907,311,123,907,1
123,193,943,123,193,943,123,193,943,1
193,122,903,193,122,903,193,122,903,1
122,213,966,122,213,966,122,213,966,1
213,123,896,213,123,896,213,123,896,1
123,213,970,123,213,970,123,213,970,1
213,315,897,213,315,897,213,315,897,1
315,121,911,315,121,911,315,121,911,1
121,210,962,121,210,962,121,210,962,1
210,330,911,210,330,911,210,330,911,1
330,328,916,330,328,916,330,328,916,1
328,336,914,328,336,914,328,336,914,1
336,334,916,336,334,916,336,334,916,1
334,121,934,334,121,934,334,121,934,1
121,221,980,121,221,980,121,221,980,1
221,271,966,221,271,966,221,271,966,1
271,124,913,271,124,913,271,124,913,1
124,217,982,124,217,982,124,217,982,1
217,126,910,217,126,910,217,126,910,1
126,209,968,126,209,968,126,209,968,1
209,124,927,209,124,927,209,124,927,1
124,200,964,124,200,964,124,200,964,1
200,302,917,200,302,917,200,302,917,1
302,350,886,302,350,886,302,350,886,1
350,121,908,350,121,908,350,121,908,1
121,210,971,121,210,971,121,210,971,1
210,197,911,210,197,911,210,197,911,-1
197,130,917,197,130,917,197,130,917,1
130,185,928,130,185,928,130,185,928,1
185,149,939,185,149,939,185,149,939,1
149,240,958,149,240,958,149,240,958,1
240,355,887,240,355,887,240,355,887,1
355,121,894,355,121,894,355,121,894,1
121,227,930,121,227,930,121,227,930,1
227,129,911,227,129,911,227,129,911,1
129,213,936,129,213,936,129,213,936,1
213,122,919,213,122,919,213,122,919,1
122,222,941,122,222,941,122,222,941,1
222,200,914,222,200,914,222,200,914,1
200,193,883,200,193,883,200,193,883,1
193,185,891,193,185,891,193,185,891,1
185,128,908,185,128,908,185,128,908,1
128,232,958,128,232,958,128,232,958,1
232,342,914,232,342,914,232,342,914,1
342,336,918,342,336,918,342,336,918,1
336,124,927,336,124,927,336,124,927,1
124,223,962,124,223,962,124,223,962,1
223,123,913,223,123,913,223,123,913,1
123,232,962,123,232,962,123,232,962,1
232,344,923,232,344,923,232,344,923,1
344,121,918,344,121,918,344,121,918,1
121,215,950,121,215,950,121,215,950,1
215,124,937,215,124,937,215,124,937,1
124,226,948,124,226,948,124,226,948,1
226,121,914,226,121,914,226,121,914,1
121,218,967,121,218,967,121,218,967,1
218,335,909,218,335,909,218,335,909,1
335,122,930,335,122,930,335,122,930,1
122,220,949,122,220,949,122,220,949,1
220,122,923,220,122,923,220,122,923,1
122,225,945,122,225,945,122,225,945,1
225,345,903,225,345,903,225,345,903,1
345,349,918,345,349,918,345,349,918,1
349,126,924,349,126,924,349,126,924,1
126,233,957,126,233,957,126,233,957,1
233,121,927,233,121,927,233,121,927,1
121,232,963,121,232,963,121,232,963,1
232,123,923,232,123,923,232,123,923,1
123,229,958,123,229,958,123,229,958,1
229,204,918,229,204,918,229,204,918,1
204,147,914,204,147,914,204,147,914,1
147,129,924,147,129,924,147,129,924,1
129,217,949,129,217,949,129,217,949,1
217,121,914,217,121,914,217,121,914,1
121,217,955,121,217,955,121,217,955,1
217,128,910,217,128,910,217,128,910,1
128,228,944,128,228,944,128,228,944,1
228,124,910,228,124,910,228,124,910,1
124,226,960,124,226,960,124,226,960,1
226,205,925,226,205,925,226,205,925,1
205,134,910,205,134,910,205,134,910,1
134,127,912,134,127,912,134,127,912,1
127,215,938,127,215,938,127,215,938,1
215,125,912,215,125,912,215,125,912,1
125,224,958,125,224,958,125,224,958,1
224,125,911,224,125,911,224,125,911,1
125,222,963,125,222,963,125,222,963,1
222,122,927,222,122,927,222,122,927,1
122,212,950,122,212,950,122,212,950,-1
212,126,922,212,126,922,212,126,922,1
126,223,955,126,223,955,126,223,955,1
223,337,914,223,337,914,223,337,914,1
337,197,909,337,197,909,337,197,909,1
197,140,908,197,140,908,197,140,908,1
140,125,926,140,125,926,140,125,926,1
125,216,952,125,216,952,125,216,952,1
216,122,938,216,122,938,216,122,938,1
122,223,955,122,223,955,122,223,955,1
223,123,921,223,123,921,223,123,921,1
123,216,961,123,216,961,123,216,961,1
216,337,917,216,337,917,216,337,917,1
337,128,935,337,128,935,337,128,935,1
128,207,941,128,207,941,128,207,941,1
207,121,928,207,121,928,207,121,928,1
121,211,960,121,211,960,121,211,960,1
211,123,908,211,123,908,211,123,908,1
123,210,958,123,210,958,123,210,958,1
210,126,921,210,126,921,210,126,921,1
126,207,963,126,207,963,126,207,963,1
207,129,937,207,129,937,207,129,937,1
129,203,950,129,203,950,129,203,950,1
203,322,933,203,322,933,203,322,933,1
322,320,925,322,320,925,322,320,925,1
320,127,923,320,127,923,320,127,923,1
127,210,963,127,210,963,127,210,963,1
210,324,918,210,324,918,210,324,918,1
324,323,907,324,323,907,324,323,907,1
323,127,931,323,127,931,323,127,931,1
127,207,930,127,207,930,127,207,930,1
207,123,913,207,123,913,207,123,913,1
123,225,953,123,225,953,123,225,953,1
225,191,916,225,191,916,225,191,916,1
191,142,922,191,142,922,191,142,922,1
142,121,924,142,121,924,142,121,924,1
121,205,945,121,205,945,121,205,945,1
205,130,935,205,130,935,205,130,935,1
130,210,949,130,210,949,130,210,949,1
210,189,923,210,189,923,210,189,923,1
189,138,927,189,138,927,189,138,927,1
138,124,910,138,124,910,138,124,910,1
124,215,954,124,215,954,124,215,954,1
215,122,930,215,122,930,215,122,930,1
122,206,958,122,206,958,122,206,958,1
206,336,940,206,336,940,206,336,940,1
336,329,933,336,329,933,336,329,933,1
329,216,929,329,216,929,329,216,929,1
216,259,898,216,259,898,216,259,898,1
259,136,907,259,136,907,259,136,907,1
136,349,941,136,349,941,136,349,941,1
349,124,933,349,124,933,349,124,933,1
124,212,953,124,212,953,124,212,953,1
212,128,930,212,128,930,212,128,930,1
128,212,972,128,212,972,128,212,972,1
212,123,938,212,123,938,212,123,938,1
123,212,964,123,212,964,123,212,964,1
212,122,934,212,122,934,212,122,934,1
122,207,958,122,207,958,122,207,958,1
207,335,942,207,335,942,207,335,942,1
335,123,929,335,123,929,335,123,929,1
123,221,977,123,221,977,123,221,977,1
221,123,923,221,123,923,221,123,923,1
123,222,964,123,222,964,123,222,964,1
222,332,928,222,332,928,222,332,928,1
332,122,938,332,122,938,332,122,938,1
122,211,960,122,211,960,122,211,960,1
211,122,926,211,122,926,211,122,926,1
122,228,973,122,228,973,122,228,973,1
228,191,928,228,191,928,228,191,928,1
191,141,922,191,141,922,191,141,922,1
141,330,917,141,330,917,141,330,917,1
330,123,955,330,123,955,330,123,955,1
123,191,960,123,191,960,123,191,960,-1
191,276,966,191,276,966,191,276,966,-1
276,340,912,276,340,912,276,340,912,1
340,126,908,340,126,908,340,126,908,1
126,210,950,126,210,950,126,210,950,1
210,126,920,210,126,920,210,126,920,1
126,210,953,126,210,953,126,210,953,1
210,126,916,210,126,916,210,126,916,1
126,206,935,126,206,935,126,206,935,1
206,191,910,206,191,910,206,191,910,1
191,134,907,191,134,907,191,134,907,1
134,121,918,134,121,918,134,121,918,1
121,220,957,121,220,957,121,220,957,1
220,121,908,220,121,908,220,121,908,1
121,207,951,121,207,951,121,207,951,1
207,315,915,207,315,915,207,315,915,1
315,121,904,315,121,904,315,121,904,1
121,209,947,121,209,947,121,209,947,1
209,124,900,209,124,900,209,124,900,1
124,217,963,124,217,963,124,217,963,1
217,124,904,217,124,904,217,124,904,1
124,209,961,124,209,961,124,209,961,1
209,122,911,209,122,911,209,122,911,1
122,203,956,122,203,956,122,203,956,-1
203,121,917,203,121,917,203,121,917,1
121,221,954,121,221,954,121,221,954,-1
221,338,916,221,338,916,221,338,916,1
338,337,898,338,337,898,338,337,898,1
337,333,909,337,333,909,337,333,909,1
333,122,911,333,122,911,333,122,911,1
122,226,954,122,226,954,122,226,954,-1
226,127,914,226,127,914,226,127,914,1
127,221,961,127,221,961,127,221,961,1
221,123,921,221,123,921,221,123,921,1
123,225,964,123,225,964,123,225,964,1
225,127,918,225,127,918,225,127,918,1
127,224,947,127,224,947,127,224,947,1
224,199,927,224,199,927,224,199,927,1
199,157,928,199,157,928,199,157,928,1
157,349,922,157,349,922,157,349,922,1
349,129,929,349,129,929,349,129,929,1
129,229,966,129,229,966,129,229,966,1
229,128,935,229,128,935,229,128,935,1
128,242,957,128,242,957,128,242,957,1
242,122,923,242,122,923,242,122,923,1
122,248,953,122,248,953,122,248,953,1
248,378,914,248,378,914,248,378,914,1
378,132,934,378,132,934,378,132,934,1
132,233,964,132,233,964,132,233,964,1
233,126,934,233,126,934,233,126,934,1
126,229,962,126,229,962,126,229,962,1
229,122,942,229,122,942,229,122,942,1
122,241,958,122,241,958,122,241,958,1
241,121,922,241,121,922,241,121,922,1
121,239,967,121,239,967,121,239,967,1
239,129,931,239,129,931,239,129,931,1
129,226,965,129,226,965,129,226,965,1
226,124,938,226,124,938,226,124,938,1
124,215,962,124,215,962,124,215,962,1
215,123,947,215,123,947,215,123,947,1
123,230,953,123,230,953,123,230,953,1
230,125,922,230,125,922,230,125,922,1
125,234,956,125,234,956,125,234,956,1
234,338,912,234,338,912,234,338,912,1
338,128,921,338,128,921,338,128,921,1
128,218,948,128,218,948,128,218,948,1
218,127,932,218,127,932,218,127,932,1
127,224,940,127,224,940,127,224,940,1
224,124,917,224,124,917,224,124,917,1
124,211,954,124,211,954,124,211,954,1
211,126,909,211,126,909,211,126,909,1
126,211,952,126,211,952,126,211,952,1
211,126,928,211,126,928,211,126,928,1
126,213,950,126,213,950,126,213,950,1
213,121,932,213,121,932,213,121,932,1
121,216,951,121,216,951,121,216,951,1
216,121,914,216,121,914,216,121,914,1
121,213,952,121,213,952,121,213,952,1
213,124,917,213,124,917,213,124,917,1
124,223,960,124,223,960,124,223,960,-1
223,125,920,223,125,920,223,125,920,1
125,232,959,125,232,959,125,232,959,1
232,349,919,232,349,919,232,349,919,1
349,124,919,349,124,919,349,124,919,1
124,241,942,124,241,942,124,241,942,1
241,127,917,241,127,917,241,127,917,1
127,243,963,127,243,963,127,243,963,1
243,128,934,243,128,934,243,128,934,1
128,235,969,128,235,969,128,235,969,1
235,122,940,235,122,940,235,122,940,1
122,248,967,122,248,967,122,248,967,1
248,125,923,248,125,923,248,125,923,1
125,252,971,125,252,971,125,252,971,1
252,131,944,252,131,944,252,131,944,1
131,243,973,131,243,973,131,243,973,1
243,362,953,243,362,953,243,362,953,1
362,129,950,362,129,950,362,129,950,1
129,244,963,129,244,963,129,244,963,1
244,126,933,244,126,933,244,126,933,1
126,232,972,126,232,972,126,232,972,1
232,127,935,232,127,935,232,127,935,1
127,223,966,127,223,966,127,223,966,1
223,127,940,223,127,940,223,127,940,1
127,225,964,127,225,964,127,225,964,1
225,124,939,225,124,939,225,124,939,1
124,224,963,124,224,963,124,224,963,1
224,123,926,224,123,926,224,123,926,1
123,222,971,123,222,971,123,222,971,1
222,123,922,222,123,922,222,123,922,1
123,222,960,123,222,960,123,222,960,1
222,129,936,222,129,936,222,129,936,1
129,213,966,129,213,966,129,213,966,1
213,126,948,213,126,948,213,126,948,1
126,206,970,126,206,970,126,206,970,1
206,341,941,206,341,941,206,341,941,1
341,122,928,341,122,928,341,122,928,1
122,216,960,122,216,960,122,216,960,1
216,126,944,216,126,944,216,126,944,1
126,207,972,126,207,972,126,207,972,1
207,126,944,207,126,944,207,126,944,1
126,210,973,126,210,973,126,210,973,1
210,124,948,210,124,948,210,124,948,1
124,232,968,124,232,968,124,232,968,1
232,127,947,232,127,947,232,127,947,1
127,223,973,127,223,973,127,223,973,1
223,124,944,223,124,944,223,124,944,1
124,220,980,124,220,980,124,220,980,1
220,130,951,220,130,951,220,130,951,1
130,216,968,130,216,968,130,216,968,1
216,123,958,216,123,958,216,123,958,1
123,234,977,123,234,977,123,234,977,1
234,125,955,234,125,955,234,125,955,1
125,224,991,125,224,991,125,224,991,1
224,122,935,224,122,935,224,122,935,1
122,214,978,122,214,978,122,214,978,1
214,130,937,214,130,937,214,130,937,1
130,222,961,130,222,961,130,222,961,1
222,121,957,222,121,957,222,121,957,1
121,213,964,121,213,964,121,213,964,1
213,122,930,213,122,930,213,122,930,1
122,214,970,122,214,970,122,214,970,1
214,126,926,214,126,926,214,126,926,-1
126,215,970,126,215,970,126,215,970,1
215,121,962,215,121,962,215,121,962,1
121,217,970,121,217,970,121,217,970,1
217,245,945,217,245,945,217,245,945,-1
245,371,904,245,371,904,245,371,904,1
371,124,938,371,124,938,371,124,938,1
124,225,980,124,225,980,124,225,980,1
225,123,935,225,123,935,225,123,935,1
123,212,961,123,212,961,123,212,961,1
212,124,931,212,124,931,212,124,931,1
124,198,965,124,198,965,124,198,965,1
198,127,946,198,127,946,198,127,946,-1
127,204,965,127,204,965,127,204,965,-1
204,124,940,204,124,940,204,124,940,1
124,220,981,124,220,981,124,220,981,1
220,122,931,220,122,931,220,122,931,1
122,207,980,122,207,980,122,207,980,1
207,121,931,207,121,931,207,121,931,1
121,208,975,121,208,975,121,208,975,1
208,124,939,208,124,939,208,124,939,1
124,210,959,124,210,959,124,210,959,1
210,127,928,210,127,928,210,127,928,1
127,215,949,127,215,949,127,215,949,1
215,196,929,215,196,929,215,196,929,1
196,142,922,196,142,922,196,142,922,1
142,124,943,142,124,943,142,124,943,1
124,207,975,124,207,975,124,207,975,1
207,196,941,207,196,941,207,196,941,1
196,158,946,196,158,946,196,158,946,1
158,371,996,158,371,996,158,371,996,1
371,348,938,371,348,938,371,348,938,1
348,194,948,348,194,948,348,194,948,1
194,150,948,194,150,948,194,150,948,1
150,125,952,150,125,952,150,125,952,1
125,205,981,125,205,981,125,205,981,1
205,198,955,205,198,955,205,198,955,1
198,187,928,198,187,928,198,187,928,1
187,201,933,187,201,933,187,201,933,1
201,345,938,201,345,938,201,345,938,1
345,122,940,345,122,940,345,122,940,1
122,217,970,122,217,970,122,217,970,1
217,329,939,217,329,939,217,329,939,1
329,121,912,329,121,912,329,121,912,1
121,224,966,121,224,966,121,224,966,1
224,121,927,224,121,927,224,121,927,1
121,217,979,121,217,979,121,217,979,1
217,335,917,217,335,917,217,335,917,1
335,122,937,335,122,937,335,122,937,1
122,213,964,122,213,964,122,213,964,1
213,125,923,213,125,923,213,125,923,1
125,219,959,125,219,959,125,219,959,1
219,124,909,219,124,909,219,124,909,1
124,227,967,124,227,967,124,227,967,1
227,344,922,227,344,922,227,344,922,1
344,125,930,344,125,930,344,125,930,1
125,232,961,125,232,961,125,232,961,1
232,121,941,232,121,941,232,121,941,1
121,228,964,121,228,964,121,228,964,1
228,125,923,228,125,923,228,125,923,1
125,224,944,125,224,944,125,224,944,1
224,356,914,224,356,914,224,356,914,1
356,122,941,356,122,941,356,122,941,1
122,230,958,122,230,958,122,230,958,1
230,346,931,230,346,931,230,346,931,1
346,121,920,346,121,920,346,121,920,1
121,232,967,121,232,967,121,232,967,1
232,130,921,232,130,921,232,130,921,1
130,226,963,130,226,963,130,226,963,1
226,123,938,226,123,938,226,123,938,1
123,222,966,123,222,966,123,222,966,1
222,123,941,222,123,941,222,123,941,1
123,236,967,123,236,967,123,236,967,1
236,360,936,236,360,936,236,360,936,1
360,127,942,360,127,942,360,127,942,1
127,240,962,127,240,962,127,240,962,1
240,125,942,240,125,942,240,125,942,1
125,228,950,125,228,950,125,228,950,1
228,127,917,228,127,917,228,127,917,1
127,238,949,127,238,949,127,238,949,1
238,346,931,238,346,931,238,346,931,1
346,205,924,346,205,924,346,205,924,1
205,131,909,205,131,909,205,131,909,1
131,129,919,131,129,919,131,129,919,1
129,214,943,129,214,943,129,214,943,1
214,127,913,214,127,913,214,127,913,1
127,224,953,127,224,953,127,224,953,1
224,124,923,224,124,923,224,124,923,1
124,223,950,124,223,950,124,223,950,1
223,122,924,223,122,924,223,122,924,1
122,219,938,122,219,938,122,219,938,1
219,130,917,219,130,917,219,130,917,1
130,230,931,130,230,931,130,230,931,1
230,191,911,230,191,911,230,191,911,1
191,154,908,191,154,908,191,154,908,1
154,121,907,154,121,907,154,121,907,1
121,217,936,121,217,936,121,217,936,1
217,126,926,217,126,926,217,126,926,1
126,220,937,126,220,937,126,220,937,1
220,122,910,220,122,910,220,122,910,1
122,217,947,122,217,947,122,217,947,1
217,121,909,217,121,909,217,121,909,1
121,214,953,121,214,953,121,214,953,1
214,328,931,214,328,931,214,328,931,1
328,128,924,328,128,924,328,128,924,1
128,211,934,128,211,934,128,211,934,1
211,127,898,211,127,898,211,127,898,1
127,205,941,127,205,941,127,205,941,1
205,127,916,205,127,916,205,127,916,1
127,213,947,127,213,947,127,213,947,1
213,123,920,213,123,920,213,123,920,1
123,221,942,123,221,942,123,221,942,1
221,128,935,221,128,935,221,128,935,1
128,224,941,128,224,941,128,224,941,1
224,341,918,224,341,918,224,341,918,1
341,122,909,341,122,909,341,122,909,1
122,230,955,122,230,955,122,230,955,1
230,130,926,230,130,926,230,130,926,1
130,223,944,130,223,944,130,223,944,1
223,127,933,223,127,933,223,127,933,1
127,217,946,127,217,946,127,217,946,1
217,121,912,217,121,912,217,121,912,1
121,224,951,121,224,951,121,224,951,1
224,123,911,224,123,911,224,123,911,1
123,220,947,123,220,947,123,220,947,1
220,128,910,220,128,910,220,128,910,1
128,222,943,128,222,943,128,222,943,1
222,124,915,222,124,915,222,124,915,1
124,222,943,124,222,943,124,222,943,1
222,126,902,222,126,902,222,126,902,1
126,240,950,126,240,950,126,240,950,1
240,124,917,240,124,917,240,124,917,1
124,232,944,124,232,944,124,232,944,1
232,121,915,232,121,915,232,121,915,1
121,226,934,121,226,934,121,226,934,1
226,128,917,226,128,917,226,128,917,1
128,235,934,128,235,934,128,235,934,1
235,129,909,235,129,909,235,129,909,1
129,239,946,129,239,946,129,239,946,1
239,126,920,239,126,920,239,126,920,1
126,224,938,126,224,938,126,224,938,1
224,124,918,224,124,918,224,124,918,1
124,224,939,124,224,939,124,224,939,1
224,127,927,224,127,927,224,127,927,1
127,220,951,127,220,951,127,220,951,1
220,127,916,220,127,916,220,127,916,1
127,214,960,127,214,960,127,214,960,1
214,345,922,214,345,922,214,345,922,1
345,185,933,345,185,933,345,185,933,-1
185,155,925,185,155,925,185,155,925,1
155,124,921,155,124,921,155,124,921,1
124,215,952,124,215,952,124,215,952,1
215,122,912,215,122,912,215,122,912,1
122,214,956,122,214,956,122,214,956,1
214,192,929,214,192,929,214,192,929,1
192,146,932,192,146,932,192,146,932,1
146,128,936,146,128,936,146,128,936,1
128,207,957,128,207,957,128,207,957,1
207,128,939,207,128,939,207,128,939,1
128,212,945,128,212,945,128,212,945,1
212,124,908,212,124,908,212,124,908,1
124,212,946,124,212,946,124,212,946,1
212,125,901,212,125,901,212,125,901,1
125,210,956,125,210,956,125,210,956,1
210,128,927,210,128,927,210,128,927,1
128,206,952,128,206,952,128,206,952,1
206,126,929,206,126,929,206,126,929,1
126,168,948,126,168,948,126,168,948,1
168,122,892,168,122,892,168,122,892,1
122,230,950,122,230,950,122,230,950,1
230,131,918,230,131,918,230,131,918,1
131,200,964,131,200,964,131,200,964,1
200,125,914,200,125,914,200,125,914,1
125,196,951,125,196,951,125,196,951,1
196,187,920,196,187,920,196,187,920,1
187,135,927,187,135,927,187,135,927,1
135,193,927,135,193,927,135,193,927,1
193,145,913,193,145,913,193,145,913,1
145,368,923,145,368,923,145,368,923,1
368,192,901,368,192,901,368,192,901,1
192,129,919,192,129,919,192,129,919,1
129,335,903,129,335,903,129,335,903,-1
335,127,925,335,127,925,335,127,925,1
127,180,956,127,180,956,127,180,956,1
180,339,900,180,339,900,180,339,900,1
339,125,926,339,125,926,339,125,926,1
125,203,967,125,203,967,125,203,967,1
203,122,915,203,122,915,203,122,915,1
122,204,974,122,204,974,122,204,974,1
204,122,929,204,122,929,204,122,929,1
122,188,973,122,188,973,122,188,973,1
188,218,961,188,218,961,188,218,961,1
218,145,941,218,145,941,218,145,941,1
145,242,885,145,242,885,145,242,885,1
242,220,965,242,220,965,242,220,965,1
220,329,907,220,329,907,220,329,907,1
329,217,921,329,217,921,329,217,921,1
217,157,880,217,157,880,217,157,880,1
157,239,939,157,239,939,157,239,939,1
239,130,876,239,130,876,239,130,876,1
130,195,894,130,195,894,130,195,894,1
195,159,913,195,159,913,195,159,913,1
159,329,905,159,329,905,159,329,905,1
329,122,909,329,122,909,329,122,909,1
122,212,939,122,212,939,122,212,939,1
212,126,878,212,126,878,212,126,878,1
126,224,938,126,224,938,126,224,938,1
224,123,906,224,123,906,224,123,906,1
123,214,969,123,214,969,123,214,969,1
214,123,905,214,123,905,214,123,905,1
123,212,967,123,212,967,123,212,967,1
212,188,927,212,188,927,212,188,927,1
188,154,917,188,154,917,188,154,917,1
154,265,946,154,265,946,154,265,946,1
265,219,878,265,219,878,265,219,878,1
219,233,898,219,233,898,219,233,898,1
233,123,913,233,123,913,233,123,913,1
123,210,936,123,210,936,123,210,936,1
210,126,935,210,126,935,210,126,935,1
126,207,966,126,207,966,126,207,966,1
207,122,944,207,122,944,207,122,944,1
122,209,961,122,209,961,122,209,961,1
209,121,926,209,121,926,209,121,926,1
121,212,967,121,212,967,121,212,967,1
212,329,920,212,329,920,212,329,920,1
329,328,927,329,328,927,329,328,927,1
328,330,922,328,330,922,328,330,922,1
330,345,919,330,345,919,330,345,919,1
345,124,916,345,124,916,345,124,916,1
124,213,966,124,213,966,124,213,966,1
213,124,922,213,124,922,213,124,922,1
124,193,962,124,193,962,124,193,962,1
193,316,926,193,316,926,193,316,926,1
316,190,942,316,190,942,316,190,942,1
190,130,931,190,130,931,190,130,931,1
130,123,930,130,123,930,130,123,930,1
123,208,979,123,208,979,123,208,979,1
208,318,913,208,318,913,208,318,913,1
318,307,933,318,307,933,318,307,933,1
307,122,891,307,122,891,307,122,891,1
122,216,955,122,216,955,122,216,955,1
216,322,915,216,322,915,216,322,915,1
322,187,911,322,187,911,322,187,911,1
187,135,908,187,135,908,187,135,908,1
135,321,922,135,321,922,135,321,922,1
321,122,925,321,122,925,321,122,925,1
122,210,970,122,210,970,122,210,970,1
210,123,926,210,123,926,210,123,926,1
123,207,973,123,207,973,123,207,973,1
207,189,924,207,189,924,207,189,924,1
189,136,922,189,136,922,189,136,922,1
136,341,925,136,341,925,136,341,925,1
341,333,934,341,333,934,341,333,934,1
333,331,933,333,331,933,333,331,933,1
331,121,926,331,121,926,331,121,926,1
121,218,979,121,218,979,121,218,979,1
218,351,926,218,351,926,218,351,926,1
351,123,935,351,123,935,351,123,935,1
123,214,958,123,214,958,123,214,958,1
214,345,920,214,345,920,214,345,920,1
345,122,918,345,122,918,345,122,918,1
122,226,960,122,226,960,122,226,960,1
226,339,933,226,339,933,226,339,933,-1
339,327,926,339,327,926,339,327,926,1
327,127,920,327,127,920,327,127,920,1
127,222,968,127,222,968,127,222,968,1
222,124,934,222,124,934,222,124,934,1
124,232,970,124,232,970,124,232,970,1
232,336,937,232,336,937,232,336,937,1
336,125,923,336,125,923,336,125,923,1
125,213,942,125,213,942,125,213,942,1
213,124,913,213,124,913,213,124,913,1
124,223,948,124,223,948,124,223,948,1
223,124,900,223,124,900,223,124,900,1
124,213,943,124,213,943,124,213,943,1
213,125,908,213,125,908,213,125,908,1
125,209,947,125,209,947,125,209,947,1
209,124,926,209,124,926,209,124,926,1
124,203,949,124,203,949,124,203,949,1
203,124,921,203,124,921,203,124,921,1
124,215,958,124,215,958,124,215,958,1
215,121,913,215,121,913,215,121,913,1
121,203,954,121,203,954,121,203,954,1
203,121,923,203,121,923,203,121,923,-1
121,203,963,121,203,963,121,203,963,1
203,123,930,203,123,930,203,123,930,1
123,212,960,123,212,960,123,212,960,1
212,194,924,212,194,924,212,194,924,1
194,129,916,194,129,916,194,129,916,1
129,208,911,129,208,911,129,208,911,1
208,241,905,208,241,905,208,241,905,1
241,203,964,241,203,964,241,203,964,-1
203,121,933,203,121,933,203,121,933,1
121,149,953,121,149,953,121,149,953,1
149,160,885,149,160,885,149,160,885,1
160,345,929,160,345,929,160,345,929,1
345,351,903,345,351,903,345,351,903,1
351,125,927,351,125,927,351,125,927,1
125,216,956,125,216,956,125,216,956,1
216,321,936,216,321,936,216,321,936,1
321,121,925,321,121,925,321,121,925,1
121,219,952,121,219,952,121,219,952,1
219,342,918,219,342,918,219,342,918,1
342,123,921,342,123,921,342,123,921,1
123,211,969,123,211,969,123,211,969,1
