168,168,991,168,168,991,168,168,991,-1
168,209,940,168,209,940,168,209,940,1
209,188,1007,209,188,1007,209,188,1007,1
188,221,983,188,221,983,188,221,983,1
221,231,966,221,231,966,221,231,966,1
231,187,1008,231,187,1008,231,187,1008,1
187,286,940,187,286,940,187,286,940,1
286,284,951,286,284,951,286,284,951,1
284,287,969,284,287,969,284,287,969,1
287,173,950,287,173,950,287,173,950,1
173,217,961,173,217,961,173,217,961,1
217,181,1001,217,181,1001,217,181,1001,1
181,301,948,181,301,948,181,301,948,1
301,196,953,301,196,953,301,196,953,1
196,223,939,196,223,939,196,223,939,1
223,180,1028,223,180,1028,223,180,1028,1
180,215,939,180,215,939,180,215,939,1
215,183,969,215,183,969,215,183,969,1
183,184,1022,183,184,1022,183,184,1022,-1
184,175,974,184,175,974,184,175,974,1
175,192,953,175,192,953,175,192,953,1
192,178,1039,192,178,1039,192,178,1039,-1
178,166,982,178,166,982,178,166,982,1
166,233,942,166,233,942,166,233,942,-1
233,223,1049,233,223,1049,233,223,1049,1
223,166,1023,223,166,1023,223,166,1023,-1
166,174,1012,166,174,1012,166,174,1012,-1
174,122,971,174,122,971,174,122,971,1
122,180,1043,122,180,1043,122,180,1043,-1
180,224,994,180,224,994,180,224,994,1
224,253,1507,224,253,1507,224,253,1507,-1
253,272,1027,253,272,1027,253,272,1027,1
272,281,1480,272,281,1480,272,281,1480,-1
281,205,994,281,205,994,281,205,994,1
205,207,1048,205,207,1048,205,207,1048,-1
207,213,880,207,213,880,207,213,880,1
213,198,993,213,198,993,213,198,993,-1
198,195,1009,198,195,1009,198,195,1009,1
195,184,868,195,184,868,195,184,868,-1
184,179,977,184,179,977,184,179,977,1
179,183,1035,179,183,1035,179,183,1035,-1
183,180,876,183,180,876,183,180,876,1
180,281,971,180,281,971,180,281,971,-1
281,175,1531,281,175,1531,281,175,1531,1
175,190,1008,175,190,1008,175,190,1008,-1
190,216,1047,190,216,1047,190,216,1047,1
216,378,1515,216,378,1515,216,378,1515,-1
378,217,1071,378,217,1071,378,217,1071,-1
217,262,1520,217,262,1520,217,262,1520,1
262,148,988,262,148,988,262,148,988,1
148,128,1042,148,128,1042,148,128,1042,1
128,187,1555,128,187,1555,128,187,1555,1
187,160,976,187,160,976,187,160,976,1
160,202,1010,160,202,1010,160,202,1010,1
202,193,1532,202,193,1532,202,193,1532,1
193,182,1011,193,182,1011,193,182,1011,1
182,225,1013,182,225,1013,182,225,1013,1
225,309,1536,225,309,1536,225,309,1536,1
309,213,1015,309,213,1015,309,213,1015,1
213,189,1069,213,189,1069,213,189,1069,1
189,216,985,189,216,985,189,216,985,-1
216,182,990,216,182,990,216,182,990,-1
182,177,1052,182,177,1052,182,177,1052,1
177,193,966,177,193,966,177,193,966,-1
193,211,990,193,211,990,193,211,990,-1
211,204,1038,211,204,1038,211,204,1038,-1
204,234,992,204,234,992,204,234,992,1
234,235,1024,234,235,1024,234,235,1024,1
235,203,1041,235,203,1041,235,203,1041,-1
203,128,1009,203,128,1009,203,128,1009,-1
128,201,1055,128,201,1055,128,201,1055,1
201,207,1006,201,207,1006,201,207,1006,1
207,190,1007,207,190,1007,207,190,1007,1
190,171,1077,190,171,1077,190,171,1077,1
171,293,989,171,293,989,171,293,989,1
293,217,1052,293,217,1052,293,217,1052,-1
217,129,984,217,129,984,217,129,984,1
129,130,1074,129,130,1074,129,130,1074,1
130,163,1091,130,163,1091,130,163,1091,1
163,214,969,163,214,969,163,214,969,-1
214,213,1072,214,213,1072,214,213,1072,-1
213,179,1047,213,179,1047,213,179,1047,1
179,220,1113,179,220,1113,179,220,1113,1
220,172,1013,220,172,1013,220,172,1013,1
172,205,986,172,205,986,172,205,986,-1
205,188,959,205,188,959,205,188,959,1
188,208,1008,188,208,1008,188,208,1008,1
208,243,970,208,243,970,208,243,970,1
243,122,965,243,122,965,243,122,965,1
122,168,981,122,168,981,122,168,981,-1
168,153,979,168,153,979,168,153,979,-1
153,162,1006,153,162,1006,153,162,1006,1
162,184,1036,162,184,1036,162,184,1036,1
184,206,980,184,206,980,184,206,980,1
206,174,1018,206,174,1018,206,174,1018,-1
174,204,976,174,204,976,174,204,976,1
204,192,998,204,192,998,204,192,998,-1
192,243,1044,192,243,1044,192,243,1044,1
243,240,1087,243,240,1087,243,240,1087,1
240,204,904,240,204,904,240,204,904,1
204,154,995,204,154,995,204,154,995,1
154,245,1023,154,245,1023,154,245,1023,1
245,121,1060,245,121,1060,245,121,1060,1
121,228,1015,121,228,1015,121,228,1015,1
228,199,1038,228,199,1038,228,199,1038,1
199,183,987,199,183,987,199,183,987,1
183,192,981,183,192,981,183,192,981,1
192,186,1054,192,186,1054,192,186,1054,1
186,173,994,186,173,994,186,173,994,1
173,135,959,173,135,959,173,135,959,1
135,184,963,135,184,963,135,184,963,1
184,137,960,184,137,960,184,137,960,1
137,241,968,137,241,968,137,241,968,1
241,134,1057,241,134,1057,241,134,1057,-1
134,161,1081,134,161,1081,134,161,1081,1
161,241,996,161,241,996,161,241,996,1
241,196,1038,241,196,1038,241,196,1038,1
196,212,967,196,212,967,196,212,967,1
212,272,1016,212,272,1016,212,272,1016,1
272,162,1496,272,162,1496,272,162,1496,1
162,225,911,162,225,911,162,225,911,-1
225,121,945,225,121,945,225,121,945,1
121,216,1037,121,216,1037,121,216,1037,-1
216,216,1060,216,216,1060,216,216,1060,1
216,193,962,216,193,962,216,193,962,1
193,203,1015,193,203,1015,193,203,1015,1
203,225,971,203,225,971,203,225,971,-1
225,197,995,225,197,995,225,197,995,-1
197,178,1016,197,178,1016,197,178,1016,-1
178,198,951,178,198,951,178,198,951,1
198,188,972,198,188,972,198,188,972,-1
188,178,1020,188,178,1020,188,178,1020,-1
178,210,957,178,210,957,178,210,957,1
210,205,992,210,205,992,210,205,992,-1
205,126,1036,205,126,1036,205,126,1036,1
126,222,987,126,222,987,126,222,987,-1
222,208,1011,222,208,1011,222,208,1011,1
208,121,970,208,121,970,208,121,970,-1
121,212,1015,121,212,1015,121,212,1015,1
212,204,937,212,204,937,212,204,937,-1
204,172,974,204,172,974,204,172,974,-1
172,186,1008,172,186,1008,172,186,1008,1
186,200,936,186,200,936,186,200,936,-1
200,197,963,200,197,963,200,197,963,1
197,187,979,197,187,979,197,187,979,-1
187,228,937,187,228,937,187,228,937,1
228,197,957,228,197,957,228,197,957,-1
197,199,996,197,199,996,197,199,996,1
199,221,951,199,221,951,199,221,951,-1
221,270,1063,221,270,1063,221,270,1063,1
270,198,973,270,198,973,270,198,973,-1
198,185,1097,198,185,1097,198,185,1097,-1
185,296,1014,185,296,1014,185,296,1014,-1
296,193,1052,296,193,1052,296,193,1052,1
193,214,948,193,214,948,193,214,948,-1
214,196,1029,214,196,1029,214,196,1029,-1
196,218,1003,196,218,1003,196,218,1003,1
218,200,989,218,200,989,218,200,989,1
200,188,1030,200,188,1030,200,188,1030,1
188,207,889,188,207,889,188,207,889,1
207,187,1002,207,187,1002,207,187,1002,1
187,210,1034,187,210,1034,187,210,1034,1
210,168,1029,210,168,1029,210,168,1029,1
168,216,986,168,216,986,168,216,986,1
216,155,986,216,155,986,216,155,986,1
155,212,946,155,212,946,155,212,946,1
212,297,972,212,297,972,212,297,972,1
297,253,1456,297,253,1456,297,253,1456,1
253,173,977,253,173,977,253,173,977,1
173,227,937,173,227,937,173,227,937,1
227,169,1473,227,169,1473,227,169,1473,1
169,209,976,169,209,976,169,209,976,1
209,197,951,209,197,951,209,197,951,-1
197,287,1440,197,287,1440,197,287,1440,-1
287,203,1004,287,203,1004,287,203,1004,1
203,207,991,203,207,991,203,207,991,-1
207,225,854,207,225,854,207,225,854,1
225,237,980,225,237,980,225,237,980,-1
237,228,1008,237,228,1008,237,228,1008,-1
228,121,860,228,121,860,228,121,860,1
121,173,941,121,173,941,121,173,941,1
173,216,983,173,216,983,173,216,983,1
216,198,1445,216,198,1445,216,198,1445,1
198,170,943,198,170,943,198,170,943,1
170,122,959,170,122,959,170,122,959,1
122,121,1013,122,121,1013,122,121,1013,1
121,122,1451,121,122,1451,121,122,1451,1
122,225,892,122,225,892,122,225,892,1
225,253,1004,225,253,1004,225,253,1004,1
253,126,1018,253,126,1018,253,126,1018,1
126,195,1179,126,195,1179,126,195,1179,1
195,146,978,195,146,978,195,146,978,1
146,210,1006,146,210,1006,146,210,1006,-1
210,209,1041,210,209,1041,210,209,1041,-1
209,181,888,209,181,888,209,181,888,1
181,202,1012,181,202,1012,181,202,1012,-1
202,223,1026,202,223,1026,202,223,1026,1
223,206,945,223,206,945,223,206,945,-1
206,206,986,206,206,986,206,206,986,-1
206,189,1010,206,189,1010,206,189,1010,1
189,183,1444,189,183,1444,189,183,1444,1
183,161,969,183,161,969,183,161,969,1
161,228,982,161,228,982,161,228,982,-1
228,124,1050,228,124,1050,228,124,1050,1
124,184,1159,124,184,1159,124,184,1159,1
184,220,943,184,220,943,184,220,943,1
220,126,1036,220,126,1036,220,126,1036,1
126,218,1037,126,218,1037,126,218,1037,1
218,147,984,218,147,984,218,147,984,-1
147,287,1025,147,287,1025,147,287,1025,1
287,165,1018,287,165,1018,287,165,1018,1
165,247,1049,165,247,1049,165,247,1049,1
247,142,972,247,142,972,247,142,972,1
142,210,1017,142,210,1017,142,210,1017,-1
210,126,960,210,126,960,210,126,960,-1
126,197,1019,126,197,1019,126,197,1019,1
197,208,971,197,208,971,197,208,971,1
208,209,981,208,209,981,208,209,981,1
209,201,1025,209,201,1025,209,201,1025,-1
201,133,969,201,133,969,201,133,969,1
133,127,1023,133,127,1023,133,127,1023,1
127,258,995,127,258,995,127,258,995,1
258,138,1020,258,138,1020,258,138,1020,1
138,246,994,138,246,994,138,246,994,1
246,203,1004,246,203,1004,246,203,1004,-1
203,217,969,203,217,969,203,217,969,1
217,196,972,217,196,972,217,196,972,-1
196,197,1015,196,197,1015,196,197,1015,1
197,202,981,197,202,981,197,202,981,1
202,233,930,202,233,930,202,233,930,1
233,203,1010,233,203,1010,233,203,1010,1
203,214,965,203,214,965,203,214,965,1
214,129,969,214,129,969,214,129,969,1
129,127,1020,129,127,1020,129,127,1020,1
127,267,1077,127,267,1077,127,267,1077,1
267,189,963,267,189,963,267,189,963,1
189,198,1018,189,198,1018,189,198,1018,1
198,194,1058,198,194,1058,198,194,1058,-1
194,189,878,194,189,878,194,189,878,1
189,199,1025,189,199,1025,189,199,1025,1
199,245,1050,199,245,1050,199,245,1050,-1
245,161,1095,245,161,1095,245,161,1095,1
161,200,1040,161,200,1040,161,200,1040,-1
200,202,1017,200,202,1017,200,202,1017,1
202,123,1011,202,123,1011,202,123,1011,1
123,208,997,123,208,997,123,208,997,1
208,168,946,208,168,946,208,168,946,1
168,153,955,168,153,955,168,153,955,1
153,199,967,153,199,967,153,199,967,1
199,256,961,199,256,961,199,256,961,-1
256,214,949,256,214,949,256,214,949,1
214,184,1034,214,184,1034,214,184,1034,1
184,220,999,184,220,999,184,220,999,1
220,177,996,220,177,996,220,177,996,1
177,201,1057,177,201,1057,177,201,1057,1
201,123,1050,201,123,1050,201,123,1050,-1
123,200,1090,123,200,1090,123,200,1090,-1
200,203,1029,200,203,1029,200,203,1029,1
203,223,1055,203,223,1055,203,223,1055,1
223,194,1128,223,194,1128,223,194,1128,1
194,196,1049,194,196,1049,194,196,1049,1
196,174,1074,196,174,1074,196,174,1074,1
174,197,1032,174,197,1032,174,197,1032,1
197,201,875,197,201,875,197,201,875,1
201,214,1004,201,214,1004,201,214,1004,1
214,208,1027,214,208,1027,214,208,1027,-1
208,224,894,208,224,894,208,224,894,1
224,178,1021,224,178,1021,224,178,1021,1
178,122,1073,178,122,1073,178,122,1073,1
122,188,1508,122,188,1508,122,188,1508,1
188,207,992,188,207,992,188,207,992,1
207,190,1003,207,190,1003,207,190,1003,1
190,242,964,190,242,964,190,242,964,1
242,139,977,242,139,977,242,139,977,-1
139,235,978,139,235,978,139,235,978,1
235,123,1415,235,123,1415,235,123,1415,1
123,194,931,123,194,931,123,194,931,1
194,212,1013,194,212,1013,194,212,1013,1
212,201,1044,212,201,1044,212,201,1044,1
201,193,971,201,193,971,201,193,971,1
193,224,965,193,224,965,193,224,965,1
224,199,1021,224,199,1021,224,199,1021,1
199,205,965,199,205,965,199,205,965,1
205,195,966,205,195,966,205,195,966,-1
195,209,1031,195,209,1031,195,209,1031,1
209,183,871,209,183,871,209,183,871,-1
183,186,979,183,186,979,183,186,979,1
186,173,1028,186,173,1028,186,173,1028,1
173,200,972,173,200,972,173,200,972,1
200,190,989,200,190,989,200,190,989,-1
190,189,1024,190,189,1024,190,189,1024,1
189,232,1020,189,232,1020,189,232,1020,1
232,248,1513,232,248,1513,232,248,1513,1
248,202,1066,248,202,1066,248,202,1066,1
202,170,1250,202,170,1250,202,170,1250,1
170,266,1144,170,266,1144,170,266,1144,1
266,213,1070,266,213,1070,266,213,1070,1
213,208,1292,213,208,1292,213,208,1292,1
208,185,826,208,185,826,208,185,826,-1
185,159,909,185,159,909,185,159,909,1
159,172,917,159,172,917,159,172,917,-1
172,216,951,172,216,951,172,216,951,1
216,221,958,216,221,958,216,221,958,1
221,182,1080,221,182,1080,221,182,1080,1
182,182,1015,182,182,1015,182,182,1015,1
182,191,950,182,191,950,182,191,950,1
191,181,1004,191,181,1004,191,181,1004,-1
181,133,1034,181,133,1034,181,133,1034,1
133,149,1183,133,149,1183,133,149,1183,1
149,231,973,149,231,973,149,231,973,1
231,272,1354,231,272,1354,231,272,1354,1
272,168,1117,272,168,1117,272,168,1117,1
168,126,906,168,126,906,168,126,906,1
126,212,932,126,212,932,126,212,932,1
212,301,959,212,301,959,212,301,959,1
301,131,1007,301,131,1007,301,131,1007,1
131,148,1198,131,148,1198,131,148,1198,1
148,286,1262,148,286,1262,148,286,1262,1
286,122,1207,286,122,1207,286,122,1207,1
122,186,1133,122,186,1133,122,186,1133,1
186,138,902,186,138,902,186,138,902,1
138,126,945,138,126,945,138,126,945,1
126,234,881,126,234,881,126,234,881,1
234,205,769,234,205,769,234,205,769,-1
205,138,659,205,138,659,205,138,659,1
138,188,950,138,188,950,138,188,950,1
188,217,904,188,217,904,188,217,904,1
217,198,774,217,198,774,217,198,774,1
198,181,935,198,181,935,198,181,935,1
181,299,936,181,299,936,181,299,936,1
299,122,914,299,122,914,299,122,914,1
122,226,956,122,226,956,122,226,956,1
226,140,996,226,140,996,226,140,996,1
140,165,1006,140,165,1006,140,165,1006,1
165,276,1419,165,276,1419,165,276,1419,1
276,304,1014,276,304,1014,276,304,1014,1
304,144,1015,304,144,1015,304,144,1015,1
144,167,1013,144,167,1013,144,167,1013,1
167,152,1053,167,152,1053,167,152,1053,1
152,209,1024,152,209,1024,152,209,1024,1
209,198,1005,209,198,1005,209,198,1005,-1
198,205,1027,198,205,1027,198,205,1027,1
205,212,1161,205,212,1161,205,212,1161,1
212,128,966,212,128,966,212,128,966,1
128,134,991,128,134,991,128,134,991,1
134,225,1017,134,225,1017,134,225,1017,1
225,122,1047,225,122,1047,225,122,1047,1
122,192,1052,122,192,1052,122,192,1052,1
192,246,954,192,246,954,192,246,954,1
246,150,976,246,150,976,246,150,976,1
150,220,1015,150,220,1015,150,220,1015,1
220,153,1004,220,153,1004,220,153,1004,1
153,131,1026,153,131,1026,153,131,1026,1
131,218,1003,131,218,1003,131,218,1003,-1
218,131,1036,218,131,1036,218,131,1036,-1
131,172,1072,131,172,1072,131,172,1072,1
172,225,1010,172,225,1010,172,225,1010,-1
225,221,1034,225,221,1034,225,221,1034,1
221,128,1008,221,128,1008,221,128,1008,1
128,211,1030,128,211,1030,128,211,1030,1
211,168,988,211,168,988,211,168,988,1
168,141,1035,168,141,1035,168,141,1035,-1
141,140,996,141,140,996,141,140,996,1
140,136,1004,140,136,1004,140,136,1004,1
136,199,959,136,199,959,136,199,959,1
199,145,950,199,145,950,199,145,950,1
145,235,1006,145,235,1006,145,235,1006,1
235,181,1005,235,181,1005,235,181,1005,1
181,231,1081,181,231,1081,181,231,1081,1
231,160,1078,231,160,1078,231,160,1078,1
160,230,1396,160,230,1396,160,230,1396,1
230,159,999,230,159,999,230,159,999,1
159,303,953,159,303,953,159,303,953,-1
303,279,943,303,279,943,303,279,943,1
279,175,927,279,175,927,279,175,927,1
175,206,914,175,206,914,175,206,914,1
206,192,964,206,192,964,206,192,964,-1
192,121,943,192,121,943,192,121,943,1
121,199,961,121,199,961,121,199,961,1
199,246,987,199,246,987,199,246,987,1
246,240,1003,246,240,1003,246,240,1003,1
240,121,1081,240,121,1081,240,121,1081,1
121,142,1086,121,142,1086,121,142,1086,-1
142,167,1067,142,167,1067,142,167,1067,1
167,192,986,167,192,986,167,192,986,1
192,172,1000,192,172,1000,192,172,1000,1
172,176,925,172,176,925,172,176,925,1
176,211,908,176,211,908,176,211,908,1
211,188,988,211,188,988,211,188,988,1
188,123,967,188,123,967,188,123,967,-1
123,212,1028,123,212,1028,123,212,1028,1
212,245,985,212,245,985,212,245,985,-1
245,315,1032,245,315,1032,245,315,1032,1
315,247,1077,315,247,1077,315,247,1077,1
247,168,1125,247,168,1125,247,168,1125,-1
168,298,1042,168,298,1042,168,298,1042,1
298,208,952,298,208,952,298,208,952,-1
208,207,1504,208,207,1504,208,207,1504,-1
207,161,1019,207,161,1019,207,161,1019,1
161,210,996,161,210,996,161,210,996,1
210,310,1470,210,310,1470,210,310,1470,1
310,211,1012,310,211,1012,310,211,1012,1
211,189,1004,211,189,1004,211,189,1004,1
189,129,957,189,129,957,189,129,957,1
129,174,1006,129,174,1006,129,174,1006,1
174,186,997,174,186,997,174,186,997,1
186,361,1008,186,361,1008,186,361,1008,1
361,280,801,361,280,801,361,280,801,1
280,204,939,280,204,939,280,204,939,1
204,188,978,204,188,978,204,188,978,1
188,211,1017,188,211,1017,188,211,1017,1
211,130,981,211,130,981,211,130,981,1
130,218,1054,130,218,1054,130,218,1054,1
218,125,964,218,125,964,218,125,964,1
125,212,1014,125,212,1014,125,212,1014,-1
212,196,1012,212,196,1012,212,196,1012,1
196,184,981,196,184,981,196,184,981,-1
184,165,1017,184,165,1017,184,165,1017,1
165,204,976,165,204,976,165,204,976,1
204,293,1405,204,293,1405,204,293,1405,1
293,209,959,293,209,959,293,209,959,1
209,231,1048,209,231,1048,209,231,1048,1
231,213,877,231,213,877,231,213,877,1
213,240,982,213,240,982,213,240,982,-1
240,205,1027,240,205,1027,240,205,1027,1
205,203,946,205,203,946,205,203,946,1
203,187,957,203,187,957,203,187,957,1
187,170,997,187,170,997,187,170,997,1
170,192,1044,170,192,1044,170,192,1044,1
192,232,943,192,232,943,192,232,943,-1
232,259,1002,232,259,1002,232,259,1002,1
259,293,1033,259,293,1033,259,293,1033,1
293,167,994,293,167,994,293,167,994,1
167,144,1052,167,144,1052,167,144,1052,1
144,222,1022,144,222,1022,144,222,1022,1
222,212,961,222,212,961,222,212,961,1
212,169,1052,212,169,1052,212,169,1052,1
169,171,992,169,171,992,169,171,992,1
171,186,949,171,186,949,171,186,949,1
186,209,1088,186,209,1088,186,209,1088,1
209,215,1211,209,215,1211,209,215,1211,1
215,211,1071,215,211,1071,215,211,1071,1
211,221,1073,211,221,1073,211,221,1073,-1
221,131,999,221,131,999,221,131,999,-1
131,201,952,131,201,952,131,201,952,1
201,211,872,201,211,872,201,211,872,-1
211,142,861,211,142,861,211,142,861,1
142,133,914,142,133,914,142,133,914,-1
133,230,961,133,230,961,133,230,961,1
230,203,938,230,203,938,230,203,938,-1
203,217,949,203,217,949,203,217,949,1
217,192,1006,217,192,1006,217,192,1006,-1
192,132,966,192,132,966,192,132,966,1
132,194,977,132,194,977,132,194,977,-1
194,141,961,194,141,961,194,141,961,1
141,222,1025,141,222,1025,141,222,1025,-1
222,128,999,222,128,999,222,128,999,1
128,214,1005,128,214,1005,128,214,1005,-1
214,144,1005,214,144,1005,214,144,1005,1
144,129,1016,144,129,1016,144,129,1016,-1
129,160,1019,129,160,1019,129,160,1019,1
160,273,1074,160,273,1074,160,273,1074,-1
273,194,1017,273,194,1017,273,194,1017,1
194,239,968,194,239,968,194,239,968,-1
239,183,1053,239,183,1053,239,183,1053,1
183,237,1029,183,237,1029,183,237,1029,-1
237,231,1007,237,231,1007,237,231,1007,1
231,137,1048,231,137,1048,231,137,1048,-1
137,211,987,137,211,987,137,211,987,1
211,210,1048,211,210,1048,211,210,1048,-1
210,169,1028,210,169,1028,210,169,1028,1
169,159,1013,169,159,1013,169,159,1013,-1
159,294,985,159,294,985,159,294,985,1
294,201,993,294,201,993,294,201,993,-1
201,197,977,201,197,977,201,197,977,1
197,190,1053,197,190,1053,197,190,1053,-1
190,133,1031,190,133,1031,190,133,1031,1
133,176,1010,133,176,1010,133,176,1010,-1
176,224,1020,176,224,1020,176,224,1020,1
224,163,987,224,163,987,224,163,987,-1
163,232,1023,163,232,1023,163,232,1023,1
232,132,1034,232,132,1034,232,132,1034,-1
132,157,994,132,157,994,132,157,994,1
157,184,1024,157,184,1024,157,184,1024,-1
184,175,970,184,175,970,184,175,970,1
175,222,1031,175,222,1031,175,222,1031,-1
222,227,1014,222,227,1014,222,227,1014,1
227,143,1068,227,143,1068,227,143,1068,-1
143,123,1065,143,123,1065,143,123,1065,1
123,142,988,123,142,988,123,142,988,-1
142,196,1026,142,196,1026,142,196,1026,1
196,277,978,196,277,978,196,277,978,-1
277,121,942,277,121,942,277,121,942,1
121,204,979,121,204,979,121,204,979,-1
204,167,998,204,167,998,204,167,998,1
167,209,1019,167,209,1019,167,209,1019,-1
209,291,964,209,291,964,209,291,964,1
291,133,977,291,133,977,291,133,977,-1
133,166,981,133,166,981,133,166,981,1
166,322,964,166,322,964,166,322,964,-1
322,300,997,322,300,997,322,300,997,1
300,197,1035,300,197,1035,300,197,1035,-1
197,218,951,197,218,951,197,218,951,1
218,187,1004,218,187,1004,218,187,1004,-1
187,184,1011,187,184,1011,187,184,1011,1
184,307,964,184,307,964,184,307,964,-1
307,208,1026,307,208,1026,307,208,1026,1
208,155,920,208,155,920,208,155,920,-1
155,262,929,155,262,929,155,262,929,1
262,188,1385,262,188,1385,262,188,1385,-1
188,129,949,188,129,949,188,129,949,1
129,228,968,129,228,968,129,228,968,-1
228,155,999,228,155,999,228,155,999,1
155,132,936,155,132,936,155,132,936,-1
132,181,984,132,181,984,132,181,984,1
181,167,991,181,167,991,181,167,991,-1
167,171,937,167,171,937,167,171,937,1
171,219,1016,171,219,1016,171,219,1016,-1
219,147,1001,219,147,1001,219,147,1001,1
147,129,975,147,129,975,147,129,975,-1
129,141,988,129,141,988,129,141,988,1
141,167,1019,141,167,1019,141,167,1019,-1
167,222,1030,167,222,1030,167,222,1030,1
222,195,1039,222,195,1039,222,195,1039,-1
195,128,1090,195,128,1090,195,128,1090,1
128,150,1031,128,150,1031,128,150,1031,-1
150,221,1063,150,221,1063,150,221,1063,1
221,183,1012,221,183,1012,221,183,1012,-1
183,190,988,183,190,988,183,190,988,1
190,178,1067,190,178,1067,190,178,1067,-1
178,211,1012,178,211,1012,178,211,1012,1
211,174,1015,211,174,1015,211,174,1015,-1
174,216,1040,174,216,1040,174,216,1040,1
216,221,973,216,221,973,216,221,973,-1
221,270,1004,221,270,1004,221,270,1004,1
270,133,920,270,133,920,270,133,920,-1
133,194,965,133,194,965,133,194,965,1
194,205,991,194,205,991,194,205,991,-1
205,205,1090,205,205,1090,205,205,1090,1
205,183,959,205,183,959,205,183,959,-1
183,164,1055,183,164,1055,183,164,1055,1
164,241,1142,164,241,1142,164,241,1142,-1
241,209,1068,241,209,1068,241,209,1068,1
209,203,938,209,203,938,209,203,938,-1
203,212,996,203,212,996,203,212,996,-1
212,228,972,212,228,972,212,228,972,1
228,272,909,228,272,909,228,272,909,1
272,175,1085,272,175,1085,272,175,1085,1
175,132,1058,175,132,1058,175,132,1058,1
132,393,904,132,393,904,132,393,904,1
393,303,1015,393,303,1015,393,303,1015,1
303,206,915,303,206,915,303,206,915,-1
206,303,945,206,303,945,206,303,945,1
303,212,971,303,212,971,303,212,971,1
212,209,1017,212,209,1017,212,209,1017,1
209,226,988,209,226,988,209,226,988,1
226,161,1475,226,161,1475,226,161,1475,1
161,129,1044,161,129,1044,161,129,1044,-1
129,175,1050,129,175,1050,129,175,1050,1
175,189,1057,175,189,1057,175,189,1057,-1
189,184,961,189,184,961,189,184,961,1
184,214,1004,184,214,1004,184,214,1004,1
214,178,1018,214,178,1018,214,178,1018,1
178,213,916,178,213,916,178,213,916,1
213,284,995,213,284,995,213,284,995,1
284,161,1038,284,161,1038,284,161,1038,-1
161,122,1004,161,122,1004,161,122,1004,1
122,191,1059,122,191,1059,122,191,1059,1
191,214,990,191,214,990,191,214,990,1
214,180,953,214,180,953,214,180,953,1
180,160,1027,180,160,1027,180,160,1027,1
160,176,971,160,176,971,160,176,971,-1
176,225,1005,176,225,1005,176,225,1005,1
225,210,1074,225,210,1074,225,210,1074,1
210,308,1021,210,308,1021,210,308,1021,1
308,311,1062,308,311,1062,308,311,1062,1
311,296,1221,311,296,1221,311,296,1221,1
296,294,1090,296,294,1090,296,294,1090,1
294,141,1185,294,141,1185,294,141,1185,-1
141,122,1122,141,122,1122,141,122,1122,1
122,273,1081,122,273,1081,122,273,1081,1
273,220,856,273,220,856,273,220,856,1
220,223,739,220,223,739,220,223,739,1
223,193,790,223,193,790,223,193,790,1
193,144,682,193,144,682,193,144,682,-1
144,173,760,144,173,760,144,173,760,1
173,182,826,173,182,826,173,182,826,1
182,231,934,182,231,934,182,231,934,1
231,185,953,231,185,953,231,185,953,1
185,159,924,185,159,924,185,159,924,1
159,136,964,159,136,964,159,136,964,1
136,192,938,136,192,938,136,192,938,-1
192,193,982,192,193,982,192,193,982,1
193,171,1047,193,171,1047,193,171,1047,1
171,198,999,171,198,999,171,198,999,1
198,219,1012,198,219,1012,198,219,1012,1
219,121,1075,219,121,1075,219,121,1075,1
121,183,1032,121,183,1032,121,183,1032,1
183,182,1054,183,182,1054,183,182,1054,1
182,187,1032,182,187,1032,182,187,1032,1
187,332,1023,187,332,1023,187,332,1023,1
332,185,1009,332,185,1009,332,185,1009,1
185,162,1029,185,162,1029,185,162,1029,1
162,263,998,162,263,998,162,263,998,1
263,187,1027,263,187,1027,263,187,1027,1
187,276,1045,187,276,1045,187,276,1045,1
276,139,1028,276,139,1028,276,139,1028,1
139,142,1042,139,142,1042,139,142,1042,1
142,167,1023,142,167,1023,142,167,1023,1
167,135,989,167,135,989,167,135,989,-1
135,173,975,135,173,975,135,173,975,-1
173,206,976,173,206,976,173,206,976,1
206,172,988,206,172,988,206,172,988,-1
172,162,1042,172,162,1042,172,162,1042,1
162,131,992,162,131,992,162,131,992,-1
131,138,1020,131,138,1020,131,138,1020,1
138,132,1038,138,132,1038,138,132,1038,-1
132,141,1024,132,141,1024,132,141,1024,1
141,302,1024,141,302,1024,141,302,1024,-1
302,122,1047,302,122,1047,302,122,1047,1
122,217,1053,122,217,1053,122,217,1053,-1
217,204,1008,217,204,1008,217,204,1008,1
204,226,990,204,226,990,204,226,990,-1
226,183,1052,226,183,1052,226,183,1052,1
183,179,1011,183,179,1011,183,179,1011,-1
179,223,978,179,223,978,179,223,978,1
223,157,1030,223,157,1030,223,157,1030,-1
157,214,986,157,214,986,157,214,986,1
214,219,1420,214,219,1420,214,219,1420,-1
219,152,963,219,152,963,219,152,963,1
152,229,1023,152,229,1023,152,229,1023,-1
229,202,1472,229,202,1472,229,202,1472,1
202,183,1000,202,183,1000,202,183,1000,-1
183,222,1047,183,222,1047,183,222,1047,1
222,362,1432,222,362,1432,222,362,1432,-1
362,200,1033,362,200,1033,362,200,1033,1
200,352,1411,200,352,1411,200,352,1411,-1
352,206,983,352,206,983,352,206,983,1
206,246,1374,206,246,1374,206,246,1374,-1
246,131,926,246,131,926,246,131,926,1
131,121,947,131,121,947,131,121,947,-1
121,201,969,121,201,969,121,201,969,1
201,231,839,201,231,839,201,231,839,-1
231,200,965,231,200,965,231,200,965,1
200,206,1076,200,206,1076,200,206,1076,-1
206,157,963,206,157,963,206,157,963,1
157,167,1070,157,167,1070,157,167,1070,-1
167,129,1115,167,129,1115,167,129,1115,1
129,266,1535,129,266,1535,129,266,1535,-1
266,238,1098,266,238,1098,266,238,1098,1
238,201,1078,238,201,1078,238,201,1078,-1
201,175,938,201,175,938,201,175,938,-1
175,239,1020,175,239,1020,175,239,1020,1
239,122,1063,239,122,1063,239,122,1063,1
122,138,1087,122,138,1087,122,138,1087,1
138,162,1449,138,162,1449,138,162,1449,1
162,148,1017,162,148,1017,162,148,1017,1
148,194,1002,148,194,1002,148,194,1002,1
194,184,1079,194,184,1079,194,184,1079,1
184,208,878,184,208,878,184,208,878,1
208,192,993,208,192,993,208,192,993,1
192,160,1024,192,160,1024,192,160,1024,1
160,122,1389,160,122,1389,160,122,1389,1
122,127,881,122,127,881,122,127,881,1
127,180,989,127,180,989,127,180,989,-1
180,142,999,180,142,999,180,142,999,1
142,175,976,142,175,976,142,175,976,-1
175,130,1026,175,130,1026,175,130,1026,1
130,213,1414,130,213,1414,130,213,1414,1
213,206,980,213,206,980,213,206,980,1
206,199,980,206,199,980,206,199,980,1
199,152,1427,199,152,1427,199,152,1427,1
152,204,956,152,204,956,152,204,956,1
204,215,962,204,215,962,204,215,962,-1
215,343,1416,215,343,1416,215,343,1416,1
343,189,976,343,189,976,343,189,976,1
189,171,1026,189,171,1026,189,171,1026,1
171,133,1377,171,133,1377,171,133,1377,-1
133,161,900,133,161,900,133,161,900,1
161,185,979,161,185,979,161,185,979,-1
185,233,1014,185,233,1014,185,233,1014,1
233,184,1420,233,184,1420,233,184,1420,1
184,137,978,184,137,978,184,137,978,1
137,300,990,137,300,990,137,300,990,1
300,189,1431,300,189,1431,300,189,1431,1
189,128,1005,189,128,1005,189,128,1005,1
128,165,997,128,165,997,128,165,997,1
165,169,1007,165,169,1007,165,169,1007,1
169,254,1412,169,254,1412,169,254,1412,-1
254,230,994,254,230,994,254,230,994,1
230,136,1004,230,136,1004,230,136,1004,1
136,225,1032,136,225,1032,136,225,1032,1
225,203,883,225,203,883,225,203,883,1
203,183,992,203,183,992,203,183,992,-1
183,201,1035,183,201,1035,183,201,1035,1
201,144,897,201,144,897,201,144,897,1
144,144,996,144,144,996,144,144,996,1
144,227,961,144,227,961,144,227,961,1
227,202,1418,227,202,1418,227,202,1418,-1
202,202,1022,202,202,1022,202,202,1022,1
202,154,1027,202,154,1027,202,154,1027,1
154,237,995,154,237,995,154,237,995,1
237,157,918,237,157,918,237,157,918,1
157,182,985,157,182,985,157,182,985,1
182,216,1000,182,216,1000,182,216,1000,1
216,197,1416,216,197,1416,216,197,1416,1
197,164,1003,197,164,1003,197,164,1003,1
164,211,1005,164,211,1005,164,211,1005,-1
211,240,1391,211,240,1391,211,240,1391,1
240,150,1004,240,150,1004,240,150,1004,-1
150,223,1011,150,223,1011,150,223,1011,1
223,218,1428,223,218,1428,223,218,1428,1
218,134,995,218,134,995,218,134,995,1
134,317,1017,134,317,1017,134,317,1017,1
317,284,1419,317,284,1419,317,284,1419,-1
284,186,1017,284,186,1017,284,186,1017,1
186,187,1045,186,187,1045,186,187,1045,1
187,214,891,187,214,891,187,214,891,1
214,209,1015,214,209,1015,214,209,1015,1
209,208,1038,209,208,1038,209,208,1038,1
208,302,909,208,302,909,208,302,909,1
302,121,1015,302,121,1015,302,121,1015,1
121,212,1051,121,212,1051,121,212,1051,1
212,221,905,212,221,905,212,221,905,1
221,184,992,221,184,992,221,184,992,1
184,201,1035,184,201,1035,184,201,1035,-1
201,267,907,201,267,907,201,267,907,1
267,225,981,267,225,981,267,225,981,-1
225,232,1452,225,232,1452,225,232,1452,1
232,174,989,232,174,989,232,174,989,1
174,221,984,174,221,984,174,221,984,1
221,298,1448,221,298,1448,221,298,1448,1
298,219,999,298,219,999,298,219,999,1
219,122,1006,219,122,1006,219,122,1006,1
122,305,1415,122,305,1415,122,305,1415,1
305,192,982,305,192,982,305,192,982,1
192,188,1008,192,188,1008,192,188,1008,1
188,198,909,188,198,909,188,198,909,1
198,195,998,198,195,998,198,195,998,1
195,217,1007,195,217,1007,195,217,1007,1
217,203,911,217,203,911,217,203,911,1
203,205,1013,203,205,1013,203,205,1013,1
205,207,1010,205,207,1010,205,207,1010,1
207,233,893,207,233,893,207,233,893,1
233,195,1042,233,195,1042,233,195,1042,1
195,189,1037,195,189,1037,195,189,1037,1
189,183,891,189,183,891,189,183,891,1
183,186,998,183,186,998,183,186,998,1
186,202,1037,186,202,1037,186,202,1037,1
202,302,888,202,302,888,202,302,888,1
302,241,1031,302,241,1031,302,241,1031,-1
241,294,1327,241,294,1327,241,294,1327,1
294,192,985,294,192,985,294,192,985,1
192,208,1050,192,208,1050,192,208,1050,1
208,206,881,208,206,881,208,206,881,-1
206,179,980,206,179,980,206,179,980,-1
179,197,1037,179,197,1037,179,197,1037,1
197,189,884,197,189,884,197,189,884,-1
189,193,982,189,193,982,189,193,982,1
193,212,1041,193,212,1041,193,212,1041,-1
212,205,909,212,205,909,212,205,909,-1
205,198,993,205,198,993,205,198,993,1
198,207,1027,198,207,1027,198,207,1027,-1
207,214,906,207,214,906,207,214,906,-1
214,216,994,214,216,994,214,216,994,1
216,226,1017,216,226,1017,216,226,1017,1
226,200,920,226,200,920,226,200,920,1
200,198,1016,200,198,1016,200,198,1016,1
198,195,1020,198,195,1020,198,195,1020,1
195,207,915,195,207,915,195,207,915,1
207,204,1045,207,204,1045,207,204,1045,-1
204,210,1035,204,210,1035,204,210,1035,1
210,121,883,210,121,883,210,121,883,1
121,189,976,121,189,976,121,189,976,1
189,260,1005,189,260,1005,189,260,1005,1
260,232,1452,260,232,1452,260,232,1452,1
232,174,979,232,174,979,232,174,979,1
174,213,998,174,213,998,174,213,998,1
213,281,1404,213,281,1404,213,281,1404,1
281,186,1027,281,186,1027,281,186,1027,1
186,220,1041,186,220,1041,186,220,1041,1
220,236,915,220,236,915,220,236,915,-1
236,211,1041,236,211,1041,236,211,1041,1
211,124,1048,211,124,1048,211,124,1048,1
124,325,1436,124,325,1436,124,325,1436,1
325,194,1020,325,194,1020,325,194,1020,1
194,192,1026,194,192,1026,194,192,1026,1
192,196,1001,192,196,1001,192,196,1001,1
196,225,989,196,225,989,196,225,989,1
225,179,1017,225,179,1017,225,179,1017,1
179,268,997,179,268,997,179,268,997,1
268,211,968,268,211,968,268,211,968,1
211,216,1012,211,216,1012,211,216,1012,1
216,185,976,216,185,976,216,185,976,1
185,136,1029,185,136,1029,185,136,1029,1
136,207,1040,136,207,1040,136,207,1040,1
207,240,1006,207,240,1006,207,240,1006,1
240,162,992,240,162,992,240,162,992,1
162,316,1024,162,316,1024,162,316,1024,1
316,213,985,316,213,985,316,213,985,1
213,312,1007,213,312,1007,213,312,1007,1
312,223,987,312,223,987,312,223,987,-1
223,198,1022,223,198,1022,223,198,1022,1
198,225,896,198,225,896,198,225,896,-1
225,184,1015,225,184,1015,225,184,1015,1
184,182,1063,184,182,1063,184,182,1063,1
182,209,874,182,209,874,182,209,874,1
209,189,1012,209,189,1012,209,189,1012,1
189,218,1041,189,218,1041,189,218,1041,1
218,215,978,218,215,978,218,215,978,1
215,203,973,215,203,973,215,203,973,1
203,122,1019,203,122,1019,203,122,1019,1
122,182,962,122,182,962,122,182,962,1
182,200,1028,182,200,1028,182,200,1028,1
200,227,994,200,227,994,200,227,994,1
227,177,1474,227,177,1474,227,177,1474,1
177,153,982,177,153,982,177,153,982,1
153,193,1022,153,193,1022,153,193,1022,1
193,192,1045,193,192,1045,193,192,1045,1
192,220,993,192,220,993,192,220,993,1
220,180,1023,220,180,1023,220,180,1023,1
180,195,1058,180,195,1058,180,195,1058,-1
195,182,1055,195,182,1055,195,182,1055,1
182,232,973,182,232,973,182,232,973,1
232,192,1051,232,192,1051,232,192,1051,1
192,209,891,192,209,891,192,209,891,1
209,127,1003,209,127,1003,209,127,1003,1
127,299,992,127,299,992,127,299,992,1
299,147,993,299,147,993,299,147,993,-1
147,137,997,147,137,997,147,137,997,1
137,292,986,137,292,986,137,292,986,1
292,309,978,292,309,978,292,309,978,1
309,237,1007,309,237,1007,309,237,1007,-1
237,193,979,237,193,979,237,193,979,-1
193,524,1041,193,524,1041,193,524,1041,1
524,294,1035,524,294,1035,524,294,1035,-1
294,281,1011,294,281,1011,294,281,1011,1
281,206,1003,281,206,1003,281,206,1003,-1
206,195,956,206,195,956,206,195,956,1
195,202,1029,195,202,1029,195,202,1029,-1
202,216,995,202,216,995,202,216,995,-1
216,215,1422,216,215,1422,216,215,1422,1
215,190,997,215,190,997,215,190,997,1
190,153,999,190,153,999,190,153,999,1
153,158,1004,153,158,1004,153,158,1004,1
158,320,979,158,320,979,158,320,979,1
320,160,1027,320,160,1027,320,160,1027,1
160,127,1006,160,127,1006,160,127,1006,1
127,166,1003,127,166,1003,127,166,1003,1
166,129,1009,166,129,1009,166,129,1009,1
129,220,1036,129,220,1036,129,220,1036,1
220,290,991,220,290,991,220,290,991,1
290,207,1435,290,207,1435,290,207,1435,1
207,182,971,207,182,971,207,182,971,1
182,245,1023,182,245,1023,182,245,1023,1
245,227,1005,245,227,1005,245,227,1005,-1
227,168,1015,227,168,1015,227,168,1015,-1
168,286,1010,168,286,1010,168,286,1010,1
286,286,1041,286,286,1041,286,286,1041,-1
286,299,1049,286,299,1049,286,299,1049,1
299,329,1031,299,329,1031,299,329,1031,-1
329,323,1025,329,323,1025,329,323,1025,1
323,319,1025,323,319,1025,323,319,1025,-1
319,217,1005,319,217,1005,319,217,1005,1
217,187,977,217,187,977,217,187,977,-1
187,202,1032,187,202,1032,187,202,1032,1
202,297,1000,202,297,1000,202,297,1000,-1
297,321,988,297,321,988,297,321,988,1
321,122,1015,321,122,1015,321,122,1015,-1
122,211,1026,122,211,1026,122,211,1026,1
211,334,1001,211,334,1001,211,334,1001,-1
334,248,975,334,248,975,334,248,975,1
248,191,973,248,191,973,248,191,973,-1
191,209,988,191,209,988,191,209,988,1
209,122,949,209,122,949,209,122,949,-1
122,206,981,122,206,981,122,206,981,1
206,159,896,206,159,896,206,159,896,-1
159,186,968,159,186,968,159,186,968,1
186,224,981,186,224,981,186,224,981,-1
224,282,1400,224,282,1400,224,282,1400,1
282,158,981,282,158,981,282,158,981,-1
158,129,995,158,129,995,158,129,995,-1
129,205,1022,129,205,1022,129,205,1022,1
205,331,916,205,331,916,205,331,916,1
331,221,993,331,221,993,331,221,993,1
221,196,1446,221,196,1446,221,196,1446,1
196,208,1006,196,208,1006,196,208,1006,1
208,128,1002,208,128,1002,208,128,1002,1
128,121,1027,128,121,1027,128,121,1027,1
121,121,1443,121,121,1443,121,121,1443,1
121,266,935,121,266,935,121,266,935,1
266,223,981,266,223,981,266,223,981,1
223,141,1018,223,141,1018,223,141,1018,1
141,122,1417,141,122,1417,141,122,1417,1
122,203,913,122,203,913,122,203,913,-1
203,172,1011,203,172,1011,203,172,1011,1
172,124,1027,172,124,1027,172,124,1027,1
124,202,1037,124,202,1037,124,202,1037,1
202,193,907,202,193,907,202,193,907,1
193,201,1035,193,201,1035,193,201,1035,1
201,230,1083,201,230,1083,201,230,1083,1
230,129,959,230,129,959,230,129,959,-1
129,230,1018,129,230,1018,129,230,1018,1
230,130,1074,230,130,1074,230,130,1074,1
130,123,1107,130,123,1107,130,123,1107,1
123,199,1456,123,199,1456,123,199,1456,1
199,164,1004,199,164,1004,199,164,1004,1
164,211,1022,164,211,1022,164,211,1022,1
211,211,1089,211,211,1089,211,211,1089,1
211,279,922,211,279,922,211,279,922,1
279,207,1008,279,207,1008,279,207,1008,1
207,286,1462,207,286,1462,207,286,1462,-1
286,174,990,286,174,990,286,174,990,1
174,150,1035,174,150,1035,174,150,1035,1
150,129,1061,150,129,1061,150,129,1061,1
129,127,1441,129,127,1441,129,127,1441,1
127,238,913,127,238,913,127,238,913,1
238,226,1024,238,226,1024,238,226,1024,1
226,195,1095,226,195,1095,226,195,1095,1
195,205,903,195,205,903,195,205,903,1
205,282,1005,205,282,1005,205,282,1005,1
282,199,1378,282,199,1378,282,199,1378,1
199,194,953,199,194,953,199,194,953,1
194,122,958,194,122,958,194,122,958,1
122,126,1006,122,126,1006,122,126,1006,1
126,127,1421,126,127,1421,126,127,1421,1
127,345,927,127,345,927,127,345,927,-1
345,225,1073,345,225,1073,345,225,1073,1
225,187,1472,225,187,1472,225,187,1472,1
187,143,999,187,143,999,187,143,999,1
143,213,1059,143,213,1059,143,213,1059,1
213,189,1055,213,189,1055,213,189,1055,1
189,214,871,189,214,871,189,214,871,1
214,192,998,214,192,998,214,192,998,1
192,195,1022,192,195,1022,192,195,1022,1
195,224,853,195,224,853,195,224,853,-1
224,251,984,224,251,984,224,251,984,-1
251,210,1029,251,210,1029,251,210,1029,1
210,313,875,210,313,875,210,313,875,-1
313,123,1002,313,123,1002,313,123,1002,1
123,204,1030,123,204,1030,123,204,1030,-1
204,207,865,204,207,865,204,207,865,1
207,280,993,207,280,993,207,280,993,-1
280,291,1478,280,291,1478,280,291,1478,1
291,205,1035,291,205,1035,291,205,1035,-1
205,225,1055,205,225,1055,205,225,1055,1
225,146,987,225,146,987,225,146,987,-1
146,139,1018,146,139,1018,146,139,1018,1
139,216,979,139,216,979,139,216,979,-1
216,128,1024,216,128,1024,216,128,1024,1
128,192,985,128,192,985,128,192,985,-1
192,193,1038,192,193,1038,192,193,1038,1
193,191,957,193,191,957,193,191,957,-1
191,197,974,191,197,974,191,197,974,1
197,185,1029,197,185,1029,197,185,1029,-1
185,304,1021,185,304,1021,185,304,1021,1
304,127,986,304,127,986,304,127,986,-1
127,220,1004,127,220,1004,127,220,1004,1
220,124,986,220,124,986,220,124,986,-1
124,225,1029,124,225,1029,124,225,1029,1
225,231,986,225,231,986,225,231,986,-1
231,187,991,231,187,991,231,187,991,1
187,195,1018,187,195,1018,187,195,1018,-1
195,201,975,195,201,975,195,201,975,1
201,184,1408,201,184,1408,201,184,1408,-1
184,195,983,184,195,983,184,195,983,1
195,191,993,195,191,993,195,191,993,-1
191,241,1021,191,241,1021,191,241,1021,1
241,165,969,241,165,969,241,165,969,-1
165,132,974,165,132,974,165,132,974,1
132,201,1000,132,201,1000,132,201,1000,-1
201,314,958,201,314,958,201,314,958,1
314,300,988,314,300,988,314,300,988,-1
300,280,985,300,280,985,300,280,985,1
280,289,998,280,289,998,280,289,998,-1
289,188,1002,289,188,1002,289,188,1002,-1
188,227,1019,188,227,1019,188,227,1019,1
227,197,952,227,197,952,227,197,952,1
197,147,982,197,147,982,197,147,982,1
147,238,1002,147,238,1002,147,238,1002,1
238,341,988,238,341,988,238,341,988,1
341,197,1014,341,197,1014,341,197,1014,1
197,194,1440,197,194,1440,197,194,1440,-1
194,192,1018,194,192,1018,194,192,1018,1
192,128,1036,192,128,1036,192,128,1036,1
128,315,1028,128,315,1028,128,315,1028,1
315,153,938,315,153,938,315,153,938,1
153,168,956,153,168,956,153,168,956,1
168,175,937,168,175,937,168,175,937,1
175,155,935,175,155,935,175,155,935,-1
155,234,1007,155,234,1007,155,234,1007,1
234,325,1048,234,325,1048,234,325,1048,1
325,162,1067,325,162,1067,325,162,1067,1
162,128,1009,162,128,1009,162,128,1009,1
128,189,1040,128,189,1040,128,189,1040,1
189,227,987,189,227,987,189,227,987,1
227,179,1029,227,179,1029,227,179,1029,1
179,178,1023,179,178,1023,179,178,1023,1
178,146,999,178,146,999,178,146,999,1
146,239,1075,146,239,1075,146,239,1075,1
239,190,1490,239,190,1490,239,190,1490,1
190,146,1001,190,146,1001,190,146,1001,1
146,181,1011,146,181,1011,146,181,1011,1
181,232,1039,181,232,1039,181,232,1039,1
232,209,1009,232,209,1009,232,209,1009,1
209,203,1005,209,203,1005,209,203,1005,1
203,179,1015,203,179,1015,203,179,1015,1
179,232,1005,179,232,1005,179,232,1005,1
232,259,1451,232,259,1451,232,259,1451,1
259,234,1002,259,234,1002,259,234,1002,1
234,182,1012,234,182,1012,234,182,1012,1
182,121,982,182,121,982,182,121,982,1
121,239,1030,121,239,1030,121,239,1030,1
239,133,997,239,133,997,239,133,997,1
133,218,1036,133,218,1036,133,218,1036,1
218,224,997,218,224,997,218,224,997,1
224,193,1444,224,193,1444,224,193,1444,1
193,154,977,193,154,977,193,154,977,-1
154,221,997,154,221,997,154,221,997,1
221,180,984,221,180,984,221,180,984,1
180,201,1047,180,201,1047,180,201,1047,1
201,309,1007,201,309,1007,201,309,1007,1
309,343,1008,309,343,1008,309,343,1008,1
343,134,1008,343,134,1008,343,134,1008,1
134,208,1046,134,208,1046,134,208,1046,1
208,216,1007,208,216,1007,208,216,1007,1
216,176,1003,216,176,1003,216,176,1003,1
176,172,1031,176,172,1031,176,172,1031,1
172,208,998,172,208,998,172,208,998,1
208,164,1440,208,164,1440,208,164,1440,1
164,232,974,164,232,974,164,232,974,1
232,215,992,232,215,992,232,215,992,1
215,406,1427,215,406,1427,215,406,1427,1
406,123,995,406,123,995,406,123,995,1
123,194,1043,123,194,1043,123,194,1043,1
194,287,1010,194,287,1010,194,287,1010,1
287,159,970,287,159,970,287,159,970,1
159,205,973,159,205,973,159,205,973,1
205,121,1047,205,121,1047,205,121,1047,1
121,186,1430,121,186,1430,121,186,1430,1
186,190,994,186,190,994,186,190,994,1
190,146,1046,190,146,1046,190,146,1046,1
146,176,994,146,176,994,146,176,994,1
176,190,1030,176,190,1030,176,190,1030,1
190,227,944,190,227,944,190,227,944,1
227,218,1017,227,218,1017,227,218,1017,-1
218,185,993,218,185,993,218,185,993,1
185,123,943,185,123,943,185,123,943,1
123,280,982,123,280,982,123,280,982,1
280,286,980,280,286,980,280,286,980,1
286,126,991,286,126,991,286,126,991,1
126,174,985,126,174,985,126,174,985,1
174,313,1009,174,313,1009,174,313,1009,1
313,304,982,313,304,982,313,304,982,1
304,213,1011,304,213,1011,304,213,1011,-1
213,171,1430,213,171,1430,213,171,1430,1
171,128,973,171,128,973,171,128,973,1
128,132,971,128,132,971,128,132,971,1
132,205,996,132,205,996,132,205,996,1
205,231,1436,205,231,1436,205,231,1436,1
231,132,971,231,132,971,231,132,971,1
132,303,958,132,303,958,132,303,958,1
303,182,1044,303,182,1044,303,182,1044,1
182,146,969,182,146,969,182,146,969,1
146,320,993,146,320,993,146,320,993,1
320,314,1058,320,314,1058,320,314,1058,1
314,295,1001,314,295,1001,314,295,1001,1
295,285,1011,295,285,1011,295,285,1011,1
285,192,1001,285,192,1001,285,192,1001,1
192,191,968,192,191,968,192,191,968,1
191,190,1040,191,190,1040,191,190,1040,1
190,241,1054,190,241,1054,190,241,1054,1
241,184,992,241,184,992,241,184,992,1
184,131,1036,184,131,1036,184,131,1036,1
131,181,977,131,181,977,131,181,977,1
181,188,1033,181,188,1033,181,188,1033,1
188,150,1001,188,150,1001,188,150,1001,-1
150,167,963,150,167,963,150,167,963,1
167,298,951,167,298,951,167,298,951,1
298,208,990,298,208,990,298,208,990,1
208,171,1032,208,171,1032,208,171,1032,1
171,196,1059,171,196,1059,171,196,1059,1
196,228,1021,196,228,1021,196,228,1021,1
228,182,994,228,182,994,228,182,994,1
182,128,1030,182,128,1030,182,128,1030,1
128,393,993,128,393,993,128,393,993,1
393,325,1036,393,325,1036,393,325,1036,1
325,306,1017,325,306,1017,325,306,1017,1
306,286,988,306,286,988,306,286,988,1
286,199,998,286,199,998,286,199,998,1
199,317,1434,199,317,1434,199,317,1434,1
317,218,1046,317,218,1046,317,218,1046,1
218,126,1054,218,126,1054,218,126,1054,1
126,177,1026,126,177,1026,126,177,1026,1
177,154,1044,177,154,1044,177,154,1044,1
154,215,1029,154,215,1029,154,215,1029,1
215,200,1026,215,200,1026,215,200,1026,1
200,288,896,200,288,896,200,288,896,1
288,203,998,288,203,998,288,203,998,1
203,293,1426,203,293,1426,203,293,1426,1
293,204,1010,293,204,1010,293,204,1010,1
204,208,1043,204,208,1043,204,208,1043,1
208,131,913,208,131,913,208,131,913,1
131,195,993,131,195,993,131,195,993,1
195,128,986,195,128,986,195,128,986,1
128,122,1057,128,122,1057,128,122,1057,1
122,221,1426,122,221,1426,122,221,1426,1
221,205,991,221,205,991,221,205,991,1
205,206,963,205,206,963,205,206,963,1
206,221,948,206,221,948,206,221,948,1
221,207,1010,221,207,1010,221,207,1010,1
207,207,947,207,207,947,207,207,947,-1
207,126,953,207,126,953,207,126,953,1
126,122,938,126,122,938,126,122,938,1
122,204,1008,122,204,1008,122,204,1008,1
204,226,950,204,226,950,204,226,950,1
226,211,1006,226,211,1006,226,211,1006,1
211,235,1049,211,235,1049,211,235,1049,1
235,188,1077,235,188,1077,235,188,1077,1
188,220,981,188,220,981,188,220,981,1
220,179,1033,220,179,1033,220,179,1033,1
179,224,990,179,224,990,179,224,990,1
224,186,988,224,186,988,224,186,988,1
186,124,1030,186,124,1030,186,124,1030,1
124,195,974,124,195,974,124,195,974,1
195,201,1036,195,201,1036,195,201,1036,1
201,210,979,201,210,979,201,210,979,1
210,242,967,210,242,967,210,242,967,1
242,216,1005,242,216,1005,242,216,1005,1
216,218,963,216,218,963,216,218,963,1
218,388,962,218,388,962,218,388,962,1
388,201,926,388,201,926,388,201,926,1
201,166,977,201,166,977,201,166,977,1
166,124,1025,166,124,1025,166,124,1025,1
124,127,1070,124,127,1070,124,127,1070,1
127,209,1108,127,209,1108,127,209,1108,1
209,204,1034,209,204,1034,209,204,1034,1
204,200,1053,204,200,1053,204,200,1053,1
200,239,1012,200,239,1012,200,239,1012,1
239,185,999,239,185,999,239,185,999,1
185,196,1043,185,196,1043,185,196,1043,1
196,207,992,196,207,992,196,207,992,1
207,184,997,207,184,997,207,184,997,1
184,194,1037,184,194,1037,184,194,1037,1
194,246,1009,194,246,1009,194,246,1009,-1
246,197,1006,246,197,1006,246,197,1006,1
197,133,1045,197,133,1045,197,133,1045,1
133,193,993,133,193,993,133,193,993,1
193,194,1029,193,194,1029,193,194,1029,1
194,307,977,194,307,977,194,307,977,1
307,303,967,307,303,967,307,303,967,1
303,298,963,303,298,963,303,298,963,1
298,305,945,298,305,945,298,305,945,1
305,321,950,305,321,950,305,321,950,1
321,194,956,321,194,956,321,194,956,1
194,128,956,194,128,956,194,128,956,1
128,305,966,128,305,966,128,305,966,1
305,319,971,305,319,971,305,319,971,1
319,317,970,319,317,970,319,317,970,1
317,310,964,317,310,964,317,310,964,1
310,216,965,310,216,965,310,216,965,1
216,322,1435,216,322,1435,216,322,1435,-1
322,199,986,322,199,986,322,199,986,1
199,195,1045,199,195,1045,199,195,1045,1
195,320,907,195,320,907,195,320,907,1
320,121,996,320,121,996,320,121,996,1
121,214,1047,121,214,1047,121,214,1047,1
214,297,975,214,297,975,214,297,975,1
297,298,979,297,298,979,297,298,979,1
298,301,971,298,301,971,298,301,971,1
301,180,970,301,180,970,301,180,970,1
180,157,960,180,157,960,180,157,960,1
157,328,973,157,328,973,157,328,973,1
328,121,985,328,121,985,328,121,985,1
121,197,1009,121,197,1009,121,197,1009,1
197,302,972,197,302,972,197,302,972,1
302,207,968,302,207,968,302,207,968,1
207,198,965,207,198,965,207,198,965,1
198,202,1029,198,202,1029,198,202,1029,1
202,300,970,202,300,970,202,300,970,1
300,319,986,300,319,986,300,319,986,1
319,329,1017,319,329,1017,319,329,1017,1
329,318,1003,329,318,1003,329,318,1003,1
318,324,1019,318,324,1019,318,324,1019,1
324,313,988,324,313,988,324,313,988,1
313,225,957,313,225,957,313,225,957,1
225,222,1395,225,222,1395,225,222,1395,1
222,177,963,222,177,963,222,177,963,1
177,243,989,177,243,989,177,243,989,1
243,210,983,243,210,983,243,210,983,1
210,198,1014,210,198,1014,210,198,1014,1
198,237,1012,198,237,1012,198,237,1012,1
237,208,990,237,208,990,237,208,990,1
208,212,1033,208,212,1033,208,212,1033,1
212,219,1018,212,219,1018,212,219,1018,1
219,187,987,219,187,987,219,187,987,1
187,201,1020,187,201,1020,187,201,1020,1
201,135,870,201,135,870,201,135,870,1
135,172,970,135,172,970,135,172,970,-1
172,126,1032,172,126,1032,172,126,1032,1
126,128,1027,126,128,1027,126,128,1027,1
128,214,985,128,214,985,128,214,985,1
214,121,1003,214,121,1003,214,121,1003,1
121,211,984,121,211,984,121,211,984,1
211,194,1034,211,194,1034,211,194,1034,1
194,144,911,194,144,911,194,144,911,1
144,166,986,144,166,986,144,166,986,1
166,234,1019,166,234,1019,166,234,1019,1
234,306,1454,234,306,1454,234,306,1454,1
306,215,1000,306,215,1000,306,215,1000,1
215,226,1023,215,226,1023,215,226,1023,1
226,155,901,226,155,901,226,155,901,-1
155,188,1006,155,188,1006,155,188,1006,1
188,122,1085,188,122,1085,188,122,1085,1
122,213,1049,122,213,1049,122,213,1049,1
213,203,924,213,203,924,213,203,924,1
203,207,1011,203,207,1011,203,207,1011,1
207,193,1076,207,193,1076,207,193,1076,1
193,230,1036,193,230,1036,193,230,1036,-1
230,202,1036,230,202,1036,230,202,1036,1
202,218,1055,202,218,1055,202,218,1055,1
218,316,1052,218,316,1052,218,316,1052,1
316,241,993,316,241,993,316,241,993,1
241,197,995,241,197,995,241,197,995,1
197,125,1048,197,125,1048,197,125,1048,1
125,185,998,125,185,998,125,185,998,1
185,200,1028,185,200,1028,185,200,1028,1
200,228,974,200,228,974,200,228,974,1
228,187,1005,228,187,1005,228,187,1005,1
187,203,1036,187,203,1036,187,203,1036,1
203,237,988,203,237,988,203,237,988,1
237,188,990,237,188,990,237,188,990,1
188,203,1023,188,203,1023,188,203,1023,1
203,249,993,203,249,993,203,249,993,-1
249,221,986,249,221,986,249,221,986,-1
221,125,1019,221,125,1019,221,125,1019,1
125,193,988,125,193,988,125,193,988,-1
193,212,1030,193,212,1030,193,212,1030,1
212,201,916,212,201,916,212,201,916,-1
201,182,1013,201,182,1013,201,182,1013,-1
182,199,1056,182,199,1056,182,199,1056,1
199,221,880,199,221,880,199,221,880,1
221,198,1018,221,198,1018,221,198,1018,1
198,212,1056,198,212,1056,198,212,1056,1
212,236,919,212,236,919,212,236,919,1
236,199,1013,236,199,1013,236,199,1013,1
199,196,1043,199,196,1043,199,196,1043,1
196,288,900,196,288,900,196,288,900,1
288,200,1038,288,200,1038,288,200,1038,-1
200,222,1483,200,222,1483,200,222,1483,1
222,177,998,222,177,998,222,177,998,1
177,123,1021,177,123,1021,177,123,1021,1
123,201,1043,123,201,1043,123,201,1043,1
201,227,906,201,227,906,201,227,906,1
227,197,1011,227,197,1011,227,197,1011,1
197,211,1042,197,211,1042,197,211,1042,1
211,221,902,211,221,902,211,221,902,1
221,191,1010,221,191,1010,221,191,1010,1
191,181,1045,191,181,1045,191,181,1045,1
181,209,889,181,209,889,181,209,889,1
209,187,1018,209,187,1018,209,187,1018,1
187,201,1048,187,201,1048,187,201,1048,1
201,224,901,201,224,901,201,224,901,-1
224,212,1011,224,212,1011,224,212,1011,1
212,130,1054,212,130,1054,212,130,1054,1
130,303,1449,130,303,1449,130,303,1449,1
303,207,1010,303,207,1010,303,207,1010,1
207,214,1046,207,214,1046,207,214,1046,1
214,301,887,214,301,887,214,301,887,1
301,207,1020,301,207,1020,301,207,1020,1
207,222,1468,207,222,1468,207,222,1468,1
222,147,985,222,147,985,222,147,985,1
147,212,992,147,212,992,147,212,992,1
212,399,1458,212,399,1458,212,399,1458,1
399,318,1002,399,318,1002,399,318,1002,1
318,328,1000,318,328,1000,318,328,1000,1
328,294,999,328,294,999,328,294,999,1
294,276,979,294,276,979,294,276,979,1
276,286,976,276,286,976,276,286,976,1
286,321,1007,286,321,1007,286,321,1007,-1
321,251,995,321,251,995,321,251,995,1
251,198,975,251,198,975,251,198,975,-1
198,206,1035,198,206,1035,198,206,1035,1
206,309,1000,206,309,1000,206,309,1000,1
309,299,991,309,299,991,309,299,991,1
299,278,982,299,278,982,299,278,982,1
278,216,991,278,216,991,278,216,991,1
216,325,1459,216,325,1459,216,325,1459,1
325,205,994,325,205,994,325,205,994,-1
205,221,1052,205,221,1052,205,221,1052,1
221,251,1010,221,251,1010,221,251,1010,1
251,187,977,251,187,977,251,187,977,1
187,205,1025,187,205,1025,187,205,1025,1
205,326,988,205,326,988,205,326,988,1
326,297,986,326,297,986,326,297,986,1
297,184,970,297,184,970,297,184,970,1
184,281,1003,184,281,1003,184,281,1003,1
281,143,968,281,143,968,281,143,968,1
143,123,986,143,123,986,143,123,986,1
123,133,1017,123,133,1017,123,133,1017,1
133,203,963,133,203,963,133,203,963,1
203,196,1007,203,196,1007,203,196,1007,1
196,315,963,196,315,963,196,315,963,1
315,309,967,315,309,967,315,309,967,1
309,283,977,309,283,977,309,283,977,1
283,296,976,283,296,976,283,296,976,1
296,310,979,296,310,979,296,310,979,1
310,128,986,310,128,986,310,128,986,1
128,278,1023,128,278,1023,128,278,1023,1
278,129,1011,278,129,1011,278,129,1011,1
129,223,1037,129,223,1037,129,223,1037,1
223,160,1076,223,160,1076,223,160,1076,1
160,160,971,160,160,971,160,160,971,1
160,293,982,160,293,982,160,293,982,1
293,289,1003,293,289,1003,293,289,1003,1
289,297,976,289,297,976,289,297,976,1
297,318,991,297,318,991,297,318,991,1
318,127,1014,318,127,1014,318,127,1014,1
127,262,1046,127,262,1046,127,262,1046,1
262,121,1004,262,121,1004,262,121,1004,1
121,223,1028,121,223,1028,121,223,1028,1
223,305,989,223,305,989,223,305,989,1
305,292,1009,305,292,1009,305,292,1009,1
292,324,991,292,324,991,292,324,991,1
324,335,1015,324,335,1015,324,335,1015,1
335,338,1042,335,338,1042,335,338,1042,1
338,129,1017,338,129,1017,338,129,1017,1
129,223,1030,129,223,1030,129,223,1030,1
223,333,1001,223,333,1001,223,333,1001,1
333,170,1008,333,170,1008,333,170,1008,1
170,273,1033,170,273,1033,170,273,1033,1
273,155,983,273,155,983,273,155,983,1
155,312,1051,155,312,1051,155,312,1051,-1
312,311,1001,312,311,1001,312,311,1001,1
311,327,990,311,327,990,311,327,990,1
327,122,1032,327,122,1032,327,122,1032,1
122,237,1025,122,237,1025,122,237,1025,1
237,136,1007,237,136,1007,237,136,1007,1
136,207,1014,136,207,1014,136,207,1014,1
207,307,1007,207,307,1007,207,307,1007,1
307,144,1001,307,144,1001,307,144,1001,1
144,150,979,144,150,979,144,150,979,1
150,175,987,150,175,987,150,175,987,1
175,137,1023,175,137,1023,175,137,1023,1
137,311,1044,137,311,1044,137,311,1044,1
311,217,1023,311,217,1023,311,217,1023,1
217,233,1473,217,233,1473,217,233,1473,1
233,186,1003,233,186,1003,233,186,1003,1
186,200,1004,186,200,1004,186,200,1004,1
200,201,1062,200,201,1062,200,201,1062,1
201,290,904,201,290,904,201,290,904,1
290,200,1018,290,200,1018,290,200,1018,1
200,242,1425,200,242,1425,200,242,1425,1
242,186,986,242,186,986,242,186,986,-1
186,228,1023,186,228,1023,186,228,1023,1
228,276,1447,228,276,1447,228,276,1447,1
276,190,992,276,190,992,276,190,992,1
190,132,1025,190,132,1025,190,132,1025,1
132,213,1063,132,213,1063,132,213,1063,1
213,311,918,213,311,918,213,311,918,1
311,201,984,311,201,984,311,201,984,1
201,397,1451,201,397,1451,201,397,1451,-1
397,126,1012,397,126,1012,397,126,1012,1
126,201,1026,126,201,1026,126,201,1026,-1
201,232,891,201,232,891,201,232,891,1
232,202,1007,232,202,1007,232,202,1007,1
202,219,1027,202,219,1027,202,219,1027,1
219,249,891,219,249,891,219,249,891,1
249,206,1018,249,206,1018,249,206,1018,1
206,189,1046,206,189,1046,206,189,1046,1
189,207,883,189,207,883,189,207,883,1
207,179,995,207,179,995,207,179,995,-1
179,197,1049,179,197,1049,179,197,1049,1
197,215,877,197,215,877,197,215,877,1
215,203,1005,215,203,1005,215,203,1005,1
203,199,1062,203,199,1062,203,199,1062,1
199,238,895,199,238,895,199,238,895,1
238,168,1018,238,168,1018,238,168,1018,1
168,187,1034,168,187,1034,168,187,1034,1
187,184,1471,187,184,1471,187,184,1471,1
184,127,976,184,127,976,184,127,976,-1
127,183,1009,127,183,1009,127,183,1009,1
183,184,1047,183,184,1047,183,184,1047,1
184,216,882,184,216,882,184,216,882,1
216,218,1001,216,218,1001,216,218,1001,-1
218,234,1027,218,234,1027,218,234,1027,1
234,121,898,234,121,898,234,121,898,1
121,121,980,121,121,980,121,121,980,1
121,251,1007,121,251,1007,121,251,1007,1
251,232,1027,251,232,1027,251,232,1027,1
232,156,888,232,156,888,232,156,888,1
156,160,985,156,160,985,156,160,985,1
160,207,1000,160,207,1000,160,207,1000,1
207,290,1467,207,290,1467,207,290,1467,1
290,199,1009,290,199,1009,290,199,1009,1
199,217,1045,199,217,1045,199,217,1045,1
217,229,879,217,229,879,217,229,879,1
229,241,992,229,241,992,229,241,992,1
241,215,1052,241,215,1052,241,215,1052,1
215,225,919,215,225,919,215,225,919,1
225,206,1035,225,206,1035,225,206,1035,1
206,217,1067,206,217,1067,206,217,1067,1
217,282,904,217,282,904,217,282,904,1
282,212,993,282,212,993,282,212,993,1
212,192,993,212,192,993,212,192,993,1
192,199,1046,192,199,1046,192,199,1046,1
199,125,989,199,125,989,199,125,989,1
125,206,1009,125,206,1009,125,206,1009,1
206,125,971,206,125,971,206,125,971,1
125,196,1022,125,196,1022,125,196,1022,1
196,254,994,196,254,994,196,254,994,1
254,236,992,254,236,992,254,236,992,1
236,233,1033,236,233,1033,236,233,1033,1
233,260,1093,233,260,1093,233,260,1093,1
260,297,980,260,297,980,260,297,980,1
297,312,969,297,312,969,297,312,969,1
312,251,975,312,251,975,312,251,975,1
251,204,966,251,204,966,251,204,966,1
204,199,1019,204,199,1019,204,199,1019,1
199,334,975,199,334,975,199,334,975,1
334,195,979,334,195,979,334,195,979,1
195,387,1033,195,387,1033,195,387,1033,1
387,288,1011,387,288,1011,387,288,1011,1
288,312,985,288,312,985,288,312,985,1
312,254,1002,312,254,1002,312,254,1002,1
254,198,977,254,198,977,254,198,977,1
198,127,1040,198,127,1040,198,127,1040,1
127,197,987,127,197,987,127,197,987,1
197,203,1032,197,203,1032,197,203,1032,1
203,302,984,203,302,984,203,302,984,1
302,295,984,302,295,984,302,295,984,-1
295,303,976,295,303,976,295,303,976,-1
303,325,1012,303,325,1012,303,325,1012,1
325,312,994,325,312,994,325,312,994,1
312,307,995,312,307,995,312,307,995,1
307,306,1000,307,306,1000,307,306,1000,1
306,312,1005,306,312,1005,306,312,1005,1
312,293,994,312,293,994,312,293,994,1
293,287,998,293,287,998,293,287,998,1
287,301,1011,287,301,1011,287,301,1011,1
301,311,1005,301,311,1005,301,311,1005,-1
311,331,975,311,331,975,311,331,975,1
331,317,1003,331,317,1003,331,317,1003,1
317,310,998,317,310,998,317,310,998,1
310,280,990,310,280,990,310,280,990,1
280,292,991,280,292,991,280,292,991,1
292,219,990,292,219,990,292,219,990,1
219,192,975,219,192,975,219,192,975,-1
192,201,1030,192,201,1030,192,201,1030,1
201,326,1003,201,326,1003,201,326,1003,1
326,313,981,326,313,981,326,313,981,1
313,174,984,313,174,984,313,174,984,-1
174,332,1039,174,332,1039,174,332,1039,1
332,190,971,332,190,971,332,190,971,1
190,204,1042,190,204,1042,190,204,1042,1
204,312,987,204,312,987,204,312,987,1
312,310,1036,312,310,1036,312,310,1036,1
310,311,984,310,311,984,310,311,984,-1
311,314,1005,311,314,1005,311,314,1005,1
314,304,1002,314,304,1002,314,304,1002,1
304,292,988,304,292,988,304,292,988,-1
292,293,1021,292,293,1021,292,293,1021,1
293,316,987,293,316,987,293,316,987,1
316,310,994,316,310,994,316,310,994,1
310,323,1040,310,323,1040,310,323,1040,1
323,333,1015,323,333,1015,323,333,1015,1
333,318,1046,333,318,1046,333,318,1046,1
318,286,1012,318,286,1012,318,286,1012,1
286,222,1015,286,222,1015,286,222,1015,-1
222,195,1009,222,195,1009,222,195,1009,1
195,205,1027,195,205,1027,195,205,1027,1
205,225,1001,205,225,1001,205,225,1001,1
225,220,982,225,220,982,225,220,982,1
220,149,1048,220,149,1048,220,149,1048,1
149,205,985,149,205,985,149,205,985,-1
205,214,1031,205,214,1031,205,214,1031,1
214,323,1023,214,323,1023,214,323,1023,1
323,297,1024,323,297,1024,323,297,1024,1
297,334,1006,297,334,1006,297,334,1006,1
334,127,1076,334,127,1076,334,127,1076,-1
127,144,1039,127,144,1039,127,144,1039,1
144,229,992,144,229,992,144,229,992,1
229,137,1013,229,137,1013,229,137,1013,1
137,191,979,137,191,979,137,191,979,1
191,128,1045,191,128,1045,191,128,1045,1
128,196,999,128,196,999,128,196,999,-1
196,121,1027,196,121,1027,196,121,1027,1
121,251,992,121,251,992,121,251,992,1
251,122,1063,251,122,1063,251,122,1063,-1
122,131,1095,122,131,1095,122,131,1095,1
131,190,1004,131,190,1004,131,190,1004,1
190,333,1017,190,333,1017,190,333,1017,1
333,257,1038,333,257,1038,333,257,1038,1
257,228,999,257,228,999,257,228,999,1
228,125,1010,228,125,1010,228,125,1010,-1
125,201,983,125,201,983,125,201,983,1
201,130,1038,201,130,1038,201,130,1038,-1
130,222,1005,130,222,1005,130,222,1005,1
222,133,1018,222,133,1018,222,133,1018,1
133,215,993,133,215,993,133,215,993,1
215,199,1030,215,199,1030,215,199,1030,1
199,221,1045,199,221,1045,199,221,1045,1
221,199,1038,221,199,1038,221,199,1038,1
199,363,1031,199,363,1031,199,363,1031,1
363,125,994,363,125,994,363,125,994,1
125,204,1034,125,204,1034,125,204,1034,1
204,211,1038,204,211,1038,204,211,1038,1
211,223,992,211,223,992,211,223,992,1
223,207,1011,223,207,1011,223,207,1011,1
207,204,1051,207,204,1051,207,204,1051,-1
204,232,991,204,232,991,204,232,991,1
232,176,991,232,176,991,232,176,991,1
176,125,1068,176,125,1068,176,125,1068,1
125,193,1019,125,193,1019,125,193,1019,1
193,133,1043,193,133,1043,193,133,1043,1
133,226,1003,133,226,1003,133,226,1003,1
226,232,1039,226,232,1039,226,232,1039,1
232,253,1037,232,253,1037,232,253,1037,1
253,198,1000,253,198,1000,253,198,1000,1
198,193,1028,198,193,1028,198,193,1028,1
193,224,1004,193,224,1004,193,224,1004,1
224,202,1000,224,202,1000,224,202,1000,-1
202,192,1023,202,192,1023,202,192,1023,1
192,331,954,192,331,954,192,331,954,1
331,265,1035,331,265,1035,331,265,1035,1
265,207,975,265,207,975,265,207,975,1
207,213,1026,207,213,1026,207,213,1026,1
213,305,1028,213,305,1028,213,305,1028,-1
305,291,992,305,291,992,305,291,992,-1
291,332,985,291,332,985,291,332,985,1
332,318,1025,332,318,1025,332,318,1025,-1
318,325,980,318,325,980,318,325,980,1
325,315,983,325,315,983,325,315,983,-1
315,223,1027,315,223,1027,315,223,1027,-1
223,127,1014,223,127,1014,223,127,1014,1
127,273,1046,127,273,1046,127,273,1046,1
273,302,980,273,302,980,273,302,980,1
302,186,982,302,186,982,302,186,982,1
186,142,947,186,142,947,186,142,947,1
142,312,986,142,312,986,142,312,986,-1
312,306,1011,312,306,1011,312,306,1011,-1
306,325,996,306,325,996,306,325,996,1
325,122,1012,325,122,1012,325,122,1012,1
122,220,1047,122,220,1047,122,220,1047,1
220,324,1006,220,324,1006,220,324,1006,1
324,285,1001,324,285,1001,324,285,1001,1
285,315,990,285,315,990,285,315,990,1
315,320,1004,315,320,1004,315,320,1004,-1
320,327,997,320,327,997,320,327,997,-1
327,339,996,327,339,996,327,339,996,1
339,122,1022,339,122,1022,339,122,1022,-1
122,203,1031,122,203,1031,122,203,1031,1
203,294,985,203,294,985,203,294,985,-1
294,279,978,294,279,978,294,279,978,-1
279,321,970,279,321,970,279,321,970,-1
321,121,984,321,121,984,321,121,984,1
121,203,1013,121,203,1013,121,203,1013,1
203,220,990,203,220,990,203,220,990,1
220,217,957,220,217,957,220,217,957,1
217,216,1032,217,216,1032,217,216,1032,1
216,315,1000,216,315,1000,216,315,1000,1
315,291,990,315,291,990,315,291,990,-1
291,299,973,291,299,973,291,299,973,-1
299,338,982,299,338,982,299,338,982,1
338,326,972,338,326,972,338,326,972,1
326,252,974,326,252,974,326,252,974,1
252,196,971,252,196,971,252,196,971,-1
196,233,1019,196,233,1019,196,233,1019,1
233,127,1008,233,127,1008,233,127,1008,1
127,227,1026,127,227,1026,127,227,1026,1
227,313,1010,227,313,1010,227,313,1010,1
313,304,1028,313,304,1028,313,304,1028,1
304,124,996,304,124,996,304,124,996,1
124,233,1016,124,233,1016,124,233,1016,-1
233,124,994,233,124,994,233,124,994,-1
124,221,1032,124,221,1032,124,221,1032,1
221,361,1029,221,361,1029,221,361,1029,-1
361,127,1018,361,127,1018,361,127,1018,1
127,252,1030,127,252,1030,127,252,1030,-1
252,186,1010,252,186,1010,252,186,1010,-1
186,122,1047,186,122,1047,186,122,1047,1
122,324,1096,122,324,1096,122,324,1096,1
324,328,997,324,328,997,324,328,997,1
328,133,1009,328,133,1009,328,133,1009,1
133,162,1037,133,162,1037,133,162,1037,1
162,222,989,162,222,989,162,222,989,1
222,237,1028,222,237,1028,222,237,1028,1
237,123,1002,237,123,1002,237,123,1002,1
123,250,1036,123,250,1036,123,250,1036,1
250,342,1031,250,342,1031,250,342,1031,-1
342,306,989,342,306,989,342,306,989,1
306,203,977,306,203,977,306,203,977,1
203,254,976,203,254,976,203,254,976,1
254,295,1018,254,295,1018,254,295,1018,1
295,139,985,295,139,985,295,139,985,1
139,131,1004,139,131,1004,139,131,1004,1
131,198,958,131,198,958,131,198,958,1
198,253,1032,198,253,1032,198,253,1032,1
253,125,992,253,125,992,253,125,992,1
125,217,997,125,217,997,125,217,997,1
217,314,990,217,314,990,217,314,990,1
314,323,1040,314,323,1040,314,323,1040,-1
323,256,972,323,256,972,323,256,972,1
256,246,997,256,246,997,256,246,997,1
246,162,1039,246,162,1039,246,162,1039,1
162,191,982,162,191,982,162,191,982,1
191,139,1030,191,139,1030,191,139,1030,1
139,197,975,139,197,975,139,197,975,1
197,210,1039,197,210,1039,197,210,1039,1
210,315,1062,210,315,1062,210,315,1062,1
315,322,996,315,322,996,315,322,996,1
322,241,1061,322,241,1061,322,241,1061,1
241,198,982,241,198,982,241,198,982,1
198,240,1028,198,240,1028,198,240,1028,1
240,251,1068,240,251,1068,240,251,1068,1
251,204,992,251,204,992,251,204,992,1
204,230,1025,204,230,1025,204,230,1025,1
230,218,1015,230,218,1015,230,218,1015,-1
218,217,973,218,217,973,218,217,973,1
217,190,1056,217,190,1056,217,190,1056,1
190,203,1085,190,203,1085,190,203,1085,1
203,209,967,203,209,967,203,209,967,1
209,205,1047,209,205,1047,209,205,1047,1
205,262,1070,205,262,1070,205,262,1070,1
262,216,1000,262,216,1000,262,216,1000,-1
216,230,1031,216,230,1031,216,230,1031,1
230,242,1063,230,242,1063,230,242,1063,1
242,188,974,242,188,974,242,188,974,1
188,197,1024,188,197,1024,188,197,1024,1
197,167,1025,197,167,1025,197,167,1025,1
167,263,1043,167,263,1043,167,263,1043,1
263,176,973,263,176,973,263,176,973,1
176,247,1020,176,247,1020,176,247,1020,1
247,216,991,247,216,991,247,216,991,1
216,251,1007,216,251,1007,216,251,1007,-1
251,317,1006,251,317,1006,251,317,1006,1
317,310,1052,317,310,1052,317,310,1052,1
310,288,988,310,288,988,310,288,988,1
288,300,1016,288,300,1016,288,300,1016,1
300,238,1030,300,238,1030,300,238,1030,1
238,184,982,238,184,982,238,184,982,1
184,219,1036,184,219,1036,184,219,1036,1
219,255,1059,219,255,1059,219,255,1059,1
255,192,968,255,192,968,255,192,968,1
192,219,1024,192,219,1024,192,219,1024,1
219,240,1023,219,240,1023,219,240,1023,1
240,191,1005,240,191,1005,240,191,1005,1
191,121,1015,191,121,1015,191,121,1015,1
121,180,984,121,180,984,121,180,984,1
180,187,1040,180,187,1040,180,187,1040,-1
187,299,1068,187,299,1068,187,299,1068,1
299,317,1005,299,317,1005,299,317,1005,1
317,261,1007,317,261,1007,317,261,1007,1
261,131,1094,261,131,1094,261,131,1094,1
131,265,1097,131,265,1097,131,265,1097,1
265,303,995,265,303,995,265,303,995,1
303,291,1065,303,291,1065,303,291,1065,-1
291,289,994,291,289,994,291,289,994,1
289,313,1048,289,313,1048,289,313,1048,1
313,247,1042,313,247,1042,313,247,1042,-1
247,202,996,247,202,996,247,202,996,1
202,233,1050,202,233,1050,202,233,1050,1
233,301,1058,233,301,1058,233,301,1058,1
301,225,1000,301,225,1000,301,225,1000,1
225,185,981,225,185,981,225,185,981,-1
185,184,1036,185,184,1036,185,184,1036,-1
184,297,1026,184,297,1026,184,297,1026,1
297,326,998,297,326,998,297,326,998,-1
326,243,1012,326,243,1012,326,243,1012,1
243,210,1011,243,210,1011,243,210,1011,-1
210,233,1050,210,233,1050,210,233,1050,1
233,315,989,233,315,989,233,315,989,-1
315,251,988,315,251,988,315,251,988,1
251,197,969,251,197,969,251,197,969,-1
197,199,1018,197,199,1018,197,199,1018,1
199,316,967,199,316,967,199,316,967,-1
316,318,974,316,318,974,316,318,974,1
318,335,1001,318,335,1001,318,335,1001,-1
335,346,997,335,346,997,335,346,997,1
346,239,1010,346,239,1010,346,239,1010,-1
239,192,978,239,192,978,239,192,978,1
192,208,1031,192,208,1031,192,208,1031,-1
208,314,1003,208,314,1003,208,314,1003,1
314,312,1006,314,312,1006,314,312,1006,-1
312,335,994,312,335,994,312,335,994,1
335,132,1008,335,132,1008,335,132,1008,-1
132,163,1043,132,163,1043,132,163,1043,1
163,141,982,163,141,982,163,141,982,-1
141,140,1031,141,140,1031,141,140,1031,1
140,149,1059,140,149,1059,140,149,1059,-1
149,186,994,149,186,994,149,186,994,1
186,187,1045,186,187,1045,186,187,1045,-1
187,298,1013,187,298,1013,187,298,1013,1
298,313,1003,298,313,1003,298,313,1003,-1
313,320,1033,313,320,1033,313,320,1033,1
320,327,1003,320,327,1003,320,327,1003,-1
327,127,988,327,127,988,327,127,988,1
127,250,1034,127,250,1034,127,250,1034,-1
250,126,1027,250,126,1027,250,126,1027,1
126,200,1038,126,200,1038,126,200,1038,-1
200,290,970,200,290,970,200,290,970,1
290,215,982,290,215,982,290,215,982,-1
215,126,1012,215,126,1012,215,126,1012,1
126,295,1076,126,295,1076,126,295,1076,-1
295,121,1005,295,121,1005,295,121,1005,1
121,216,1015,121,216,1015,121,216,1015,-1
216,323,971,216,323,971,216,323,971,1
323,201,978,323,201,978,323,201,978,-1
201,147,968,201,147,968,201,147,968,1
147,303,1018,147,303,1018,147,303,1018,-1
303,312,966,303,312,966,303,312,966,1
312,330,974,312,330,974,312,330,974,-1
330,222,1031,330,222,1031,330,222,1031,1
222,223,972,222,223,972,222,223,972,-1
223,204,1023,223,204,1023,223,204,1023,1
204,326,978,204,326,978,204,326,978,-1
326,124,1049,326,124,1049,326,124,1049,1
124,246,1051,124,246,1051,124,246,1051,-1
246,307,991,246,307,991,246,307,991,1
307,167,978,307,167,978,307,167,978,-1
167,259,1058,167,259,1058,167,259,1058,1
259,194,973,259,194,973,259,194,973,-1
194,125,989,194,125,989,194,125,989,1
125,217,1015,125,217,1015,125,217,1015,-1
217,324,1025,217,324,1025,217,324,1025,1
324,264,1032,324,264,1032,324,264,1032,-1
264,215,972,264,215,972,264,215,972,1
215,215,1037,215,215,1037,215,215,1037,-1
215,292,1069,215,292,1069,215,292,1069,-1
292,164,1001,292,164,1001,292,164,1001,1
164,126,1026,164,126,1026,164,126,1026,1
126,144,1055,126,144,1055,126,144,1055,1
144,187,996,144,187,996,144,187,996,1
187,125,1040,187,125,1040,187,125,1040,1
125,235,1002,125,235,1002,125,235,1002,-1
235,347,991,235,347,991,235,347,991,1
347,332,1070,347,332,1070,347,332,1070,1
332,331,1000,332,331,1000,332,331,1000,1
331,214,1027,331,214,1027,331,214,1027,1
214,198,991,214,198,991,214,198,991,1
198,209,997,198,209,997,198,209,997,1
209,121,996,209,121,996,209,121,996,1
121,137,1047,121,137,1047,121,137,1047,-1
137,204,1014,137,204,1014,137,204,1014,-1
204,133,1012,204,133,1012,204,133,1012,1
133,186,967,133,186,967,133,186,967,1
186,213,1029,186,213,1029,186,213,1029,1
213,239,1054,213,239,1054,213,239,1054,1
239,220,976,239,220,976,239,220,976,1
220,199,1011,220,199,1011,220,199,1011,-1
199,227,1049,199,227,1049,199,227,1049,1
227,197,1004,227,197,1004,227,197,1004,1
197,203,1012,197,203,1012,197,203,1012,1
203,214,1003,203,214,1003,203,214,1003,-1
214,136,1065,214,136,1065,214,136,1065,-1
136,222,1069,136,222,1069,136,222,1069,1
222,204,979,222,204,979,222,204,979,-1
204,203,1035,204,203,1035,204,203,1035,1
203,270,911,203,270,911,203,270,911,1
270,277,982,270,277,982,270,277,982,-1
277,203,1492,277,203,1492,277,203,1492,1
203,192,1021,203,192,1021,203,192,1021,1
192,201,1015,192,201,1015,192,201,1015,-1
201,215,955,201,215,955,201,215,955,1
215,179,1058,215,179,1058,215,179,1058,1
179,216,1027,179,216,1027,179,216,1027,1
216,220,1011,216,220,1011,216,220,1011,1
220,121,983,220,121,983,220,121,983,1
121,128,1037,121,128,1037,121,128,1037,1
128,196,1020,128,196,1020,128,196,1020,-1
196,132,1043,196,132,1043,196,132,1043,1
132,180,969,132,180,969,132,180,969,1
180,194,1021,180,194,1021,180,194,1021,1
194,242,1052,194,242,1052,194,242,1052,-1
242,225,985,242,225,985,242,225,985,1
225,264,1015,225,264,1015,225,264,1015,1
264,146,1091,264,146,1091,264,146,1091,1
146,205,992,146,205,992,146,205,992,1
205,233,998,205,233,998,205,233,998,1
233,226,942,233,226,942,233,226,942,1
226,203,1030,226,203,1030,226,203,1030,1
203,236,1017,203,236,1017,203,236,1017,-1
236,190,973,236,190,973,236,190,973,1
190,122,1045,190,122,1045,190,122,1045,-1
122,227,989,122,227,989,122,227,989,-1
227,129,1034,227,129,1034,227,129,1034,1
129,134,952,129,134,952,129,134,952,1
134,133,998,134,133,998,134,133,998,1
133,156,1010,133,156,1010,133,156,1010,1
156,233,970,156,233,970,156,233,970,1
233,222,1008,233,222,1008,233,222,1008,1
222,235,1039,222,235,1039,222,235,1039,1
235,215,978,235,215,978,235,215,978,1
215,133,1014,215,133,1014,215,133,1014,1
133,196,984,133,196,984,133,196,984,1
196,135,1060,196,135,1060,196,135,1060,1
135,208,1030,135,208,1030,135,208,1030,1
208,245,1038,208,245,1038,208,245,1038,-1
245,140,1017,245,140,1017,245,140,1017,1
140,150,1056,140,150,1056,140,150,1056,1
150,229,1013,150,229,1013,150,229,1013,1
229,155,1034,229,155,1034,229,155,1034,1
155,138,1034,155,138,1034,155,138,1034,1
138,185,1090,138,185,1090,138,185,1090,1
185,193,1015,185,193,1015,185,193,1015,1
193,223,1044,193,223,1044,193,223,1044,1
223,310,1021,223,310,1021,223,310,1021,1
310,324,1016,310,324,1016,310,324,1016,-1
324,126,1020,324,126,1020,324,126,1020,1
126,230,1060,126,230,1060,126,230,1060,1
230,124,1022,230,124,1022,230,124,1022,1
124,124,1044,124,124,1044,124,124,1044,1
124,202,986,124,202,986,124,202,986,1
202,156,1053,202,156,1053,202,156,1053,-1
156,196,1006,156,196,1006,156,196,1006,1
196,192,1045,196,192,1045,196,192,1045,1
192,319,994,192,319,994,192,319,994,-1
319,298,1033,319,298,1033,319,298,1033,1
298,121,996,298,121,996,298,121,996,1
121,144,1034,121,144,1034,121,144,1034,1
144,208,967,144,208,967,144,208,967,1
208,128,1049,208,128,1049,208,128,1049,1
128,252,961,128,252,961,128,252,961,1
252,211,1022,252,211,1022,252,211,1022,-1
211,148,988,211,148,988,211,148,988,1
148,157,983,148,157,983,148,157,983,1
157,301,992,157,301,992,157,301,992,1
301,208,992,301,208,992,301,208,992,1
208,194,971,208,194,971,208,194,971,1
194,121,1051,194,121,1051,194,121,1051,1
121,131,1060,121,131,1060,121,131,1060,1
131,169,1076,131,169,1076,131,169,1076,1
169,140,978,169,140,978,169,140,978,1
140,122,1010,140,122,1010,140,122,1010,-1
122,198,1033,122,198,1033,122,198,1033,1
198,244,880,198,244,880,198,244,880,1
244,195,985,244,195,985,244,195,985,1
195,201,1051,195,201,1051,195,201,1051,1
201,172,1013,201,172,1013,201,172,1013,1
172,139,982,172,139,982,172,139,982,-1
139,218,1010,139,218,1010,139,218,1010,1
218,175,983,218,175,983,218,175,983,-1
175,227,1043,175,227,1043,175,227,1043,1
227,325,1031,227,325,1031,227,325,1031,1
325,193,983,325,193,983,325,193,983,1
193,127,1013,193,127,1013,193,127,1013,1
127,183,1065,127,183,1065,127,183,1065,1
183,141,979,183,141,979,183,141,979,1
141,193,1007,141,193,1007,141,193,1007,1
193,191,943,193,191,943,193,191,943,1
191,227,995,191,227,995,191,227,995,1
227,224,1019,227,224,1019,227,224,1019,1
224,202,961,224,202,961,224,202,961,1
202,198,1032,202,198,1032,202,198,1032,1
198,348,1019,198,348,1019,198,348,1019,-1
348,216,1022,348,216,1022,348,216,1022,1
216,142,972,216,142,972,216,142,972,1
142,121,1017,142,121,1017,142,121,1017,1
121,222,1043,121,222,1043,121,222,1043,1
222,293,977,222,293,977,222,293,977,-1
293,203,1022,293,203,1022,293,203,1022,1
203,174,978,203,174,978,203,174,978,1
174,123,1014,174,123,1014,174,123,1014,1
123,166,948,123,166,948,123,166,948,1
166,251,994,166,251,994,166,251,994,-1
251,352,1053,251,352,1053,251,352,1053,1
352,332,1009,352,332,1009,352,332,1009,1
332,305,1015,332,305,1015,332,305,1015,1
305,299,1041,305,299,1041,305,299,1041,1
299,326,992,299,326,992,299,326,992,1
326,330,1001,326,330,1001,326,330,1001,1
330,332,1034,330,332,1034,330,332,1034,1
332,333,975,332,333,975,332,333,975,1
333,345,1021,333,345,1021,333,345,1021,1
345,319,983,345,319,983,345,319,983,1
319,305,1003,319,305,1003,319,305,1003,1
305,329,1049,305,329,1049,305,329,1049,1
329,227,980,329,227,980,329,227,980,1
227,225,964,227,225,964,227,225,964,1
225,138,1041,225,138,1041,225,138,1041,1
138,204,961,138,204,961,138,204,961,1
204,235,1008,204,235,1008,204,235,1008,1
235,138,1006,235,138,1006,235,138,1006,1
138,231,1034,138,231,1034,138,231,1034,1
231,316,1011,231,316,1011,231,316,1011,1
316,298,958,316,298,958,316,298,958,1
298,335,1053,298,335,1053,298,335,1053,1
335,325,993,335,325,993,335,325,993,1
325,121,1062,325,121,1062,325,121,1062,1
121,131,1037,121,131,1037,121,131,1037,1
131,212,977,131,212,977,131,212,977,1
212,127,1010,212,127,1010,212,127,1010,1
127,225,964,127,225,964,127,225,964,-1
225,126,1042,225,126,1042,225,126,1042,1
126,193,979,126,193,979,126,193,979,1
193,163,1002,193,163,1002,193,163,1002,1
163,257,1001,163,257,1001,163,257,1001,1
257,221,1011,257,221,1011,257,221,1011,1
221,169,1022,221,169,1022,221,169,1022,1
169,257,988,169,257,988,169,257,988,-1
257,130,1045,257,130,1045,257,130,1045,-1
130,121,1004,130,121,1004,130,121,1004,1
121,123,1068,121,123,1068,121,123,1068,-1
123,126,1036,123,126,1036,123,126,1036,1
126,209,1001,126,209,1001,126,209,1001,-1
209,212,1051,209,212,1051,209,212,1051,-1
212,301,1074,212,301,1074,212,301,1074,1
301,219,960,301,219,960,301,219,960,1
219,186,991,219,186,991,219,186,991,1
186,234,1065,186,234,1065,186,234,1065,1
234,170,1096,234,170,1096,234,170,1096,1
170,136,970,170,136,970,170,136,970,-1
136,246,1002,136,246,1002,136,246,1002,-1
246,220,1027,246,220,1027,246,220,1027,1
220,246,1027,220,246,1027,220,246,1027,-1
246,200,982,246,200,982,246,200,982,1
200,125,1020,200,125,1020,200,125,1020,-1
125,189,994,125,189,994,125,189,994,1
189,122,1032,189,122,1032,189,122,1032,-1
122,188,985,122,188,985,122,188,985,1
188,217,1020,188,217,1020,188,217,1020,-1
217,263,1038,217,263,1038,217,263,1038,1
263,211,1006,263,211,1006,263,211,1006,-1
211,228,1043,211,228,1043,211,228,1043,-1
228,239,1011,228,239,1011,228,239,1011,1
239,204,1013,239,204,1013,239,204,1013,1
204,131,1043,204,131,1043,204,131,1043,1
131,187,981,131,187,981,131,187,981,1
187,198,1031,187,198,1031,187,198,1031,1
198,297,997,198,297,997,198,297,997,-1
297,310,1007,297,310,1007,297,310,1007,1
310,345,1002,310,345,1002,310,345,1002,-1
345,121,1064,345,121,1064,345,121,1064,1
121,157,1051,121,157,1051,121,157,1051,1
157,203,984,157,203,984,157,203,984,1
203,217,1042,203,217,1042,203,217,1042,1
217,299,1030,217,299,1030,217,299,1030,-1
299,285,1057,299,285,1057,299,285,1057,1
285,307,1014,285,307,1014,285,307,1014,1
307,325,1043,307,325,1043,307,325,1043,1
325,122,1016,325,122,1016,325,122,1016,1
122,238,1049,122,238,1049,122,238,1049,1
238,169,1101,238,169,1101,238,169,1101,1
169,170,1001,169,170,1001,169,170,1001,1
170,320,1020,170,320,1020,170,320,1020,1
320,290,1008,320,290,1008,320,290,1008,1
290,306,1011,290,306,1011,290,306,1011,1
306,314,1019,306,314,1019,306,314,1019,1
314,273,1021,314,273,1021,314,273,1021,-1
273,211,990,273,211,990,273,211,990,1
211,230,1045,211,230,1045,211,230,1045,-1
230,235,1004,230,235,1004,230,235,1004,1
235,402,1435,235,402,1435,235,402,1435,1
402,206,1005,402,206,1005,402,206,1005,1
206,226,1465,206,226,1465,206,226,1465,1
226,175,987,226,175,987,226,175,987,1
175,314,980,175,314,980,175,314,980,1
314,246,1007,314,246,1007,314,246,1007,-1
246,198,965,246,198,965,246,198,965,1
198,218,1028,198,218,1028,198,218,1028,1
218,347,1001,218,347,1001,218,347,1001,1
347,325,999,347,325,999,347,325,999,1
325,286,986,325,286,986,325,286,986,1
286,162,1013,286,162,1013,286,162,1013,1
162,222,1049,162,222,1049,162,222,1049,1
222,230,964,222,230,964,222,230,964,1
230,206,1019,230,206,1019,230,206,1019,-1
206,155,955,206,155,955,206,155,955,1
155,123,1014,155,123,1014,155,123,1014,-1
123,244,1044,123,244,1044,123,244,1044,1
244,123,1040,244,123,1040,244,123,1040,1
123,212,1048,123,212,1048,123,212,1048,1
212,306,1028,212,306,1028,212,306,1028,1
306,293,1011,306,293,1011,306,293,1011,-1
293,335,1039,293,335,1039,293,335,1039,1
335,126,1015,335,126,1015,335,126,1015,-1
126,240,1022,126,240,1022,126,240,1022,1
240,155,1023,240,155,1023,240,155,1023,1
155,259,1023,155,259,1023,155,259,1023,1
259,147,1085,259,147,1085,259,147,1085,1
147,182,987,147,182,987,147,182,987,-1
182,334,1017,182,334,1017,182,334,1017,1
334,299,1017,334,299,1017,334,299,1017,-1
299,169,1031,299,169,1031,299,169,1031,1
169,202,1028,169,202,1028,169,202,1028,1
202,176,1033,202,176,1033,202,176,1033,1
176,237,985,176,237,985,176,237,985,1
237,133,1054,237,133,1054,237,133,1054,-1
133,227,1000,133,227,1000,133,227,1000,-1
227,150,1006,227,150,1006,227,150,1006,1
150,222,954,150,222,954,150,222,954,-1
222,224,1041,222,224,1041,222,224,1041,1
224,327,1018,224,327,1018,224,327,1018,-1
327,324,968,327,324,968,327,324,968,-1
324,241,1007,324,241,1007,324,241,1007,1
241,211,955,241,211,955,241,211,955,1
211,236,1005,211,236,1005,211,236,1005,1
236,134,999,236,134,999,236,134,999,1
134,180,1022,134,180,1022,134,180,1022,1
180,246,965,180,246,965,180,246,965,1
246,142,1002,246,142,1002,246,142,1002,1
142,237,934,142,237,934,142,237,934,1
237,221,1000,237,221,1000,237,221,1000,1
221,235,998,221,235,998,221,235,998,1
235,197,942,235,197,942,235,197,942,1
197,219,1003,197,219,1003,197,219,1003,1
219,274,983,219,274,983,219,274,983,1
274,221,930,274,221,930,274,221,930,1
221,169,975,221,169,975,221,169,975,1
169,207,936,169,207,936,169,207,936,-1
207,328,974,207,328,974,207,328,974,-1
328,124,1018,328,124,1018,328,124,1018,1
124,200,993,124,200,993,124,200,993,-1
200,313,963,200,313,963,200,313,963,1
313,321,1043,313,321,1043,313,321,1043,-1
321,349,1017,321,349,1017,321,349,1017,1
349,121,1097,349,121,1097,349,121,1097,-1
121,166,1120,121,166,1120,121,166,1120,1
166,228,1028,166,228,1028,166,228,1028,-1
228,150,1075,228,150,1075,228,150,1075,1
150,241,1008,150,241,1008,150,241,1008,-1
241,210,1086,241,210,1086,241,210,1086,-1
210,308,1038,210,308,1038,210,308,1038,1
308,226,999,308,226,999,308,226,999,1
226,234,993,226,234,993,226,234,993,1
234,150,1052,234,150,1052,234,150,1052,1
150,218,983,150,218,983,150,218,983,1
218,222,1034,218,222,1034,218,222,1034,1
222,123,1033,222,123,1033,222,123,1033,-1
123,220,1028,123,220,1028,123,220,1028,1
220,123,998,220,123,998,220,123,998,1
123,213,1026,123,213,1026,123,213,1026,1
213,311,1030,213,311,1030,213,311,1030,1
311,242,1024,311,242,1024,311,242,1024,1
242,199,993,242,199,993,242,199,993,1
199,216,1054,199,216,1054,199,216,1054,-1
216,121,1041,216,121,1041,216,121,1041,1
121,133,1039,121,133,1039,121,133,1039,1
133,195,1009,133,195,1009,133,195,1009,1
195,219,1029,195,219,1029,195,219,1029,1
219,274,989,219,274,989,219,274,989,1
274,198,982,274,198,982,274,198,982,1
198,208,1025,198,208,1025,198,208,1025,1
208,307,973,208,307,973,208,307,973,1
307,226,980,307,226,980,307,226,980,1
226,199,985,226,199,985,226,199,985,-1
199,124,1045,199,124,1045,199,124,1045,1
124,196,1002,124,196,1002,124,196,1002,1
196,223,1044,196,223,1044,196,223,1044,1
223,253,980,223,253,980,223,253,980,1
253,203,1003,253,203,1003,253,203,1003,1
203,132,1027,203,132,1027,203,132,1027,-1
132,184,997,132,184,997,132,184,997,1
184,202,1061,184,202,1061,184,202,1061,1
202,199,1027,202,199,1027,202,199,1027,1
199,216,999,199,216,999,199,216,999,1
216,122,1058,216,122,1058,216,122,1058,1
122,217,1033,122,217,1033,122,217,1033,1
217,219,1064,217,219,1064,217,219,1064,-1
219,208,883,219,208,883,219,208,883,1
208,135,966,208,135,966,208,135,966,1
135,126,1210,135,126,1210,135,126,1210,1
126,179,1202,126,179,1202,126,179,1202,1
179,182,1001,179,182,1001,179,182,1001,1
182,137,907,182,137,907,182,137,907,1
137,130,1072,137,130,1072,137,130,1072,1
130,152,1062,130,152,1062,130,152,1062,1
152,306,857,152,306,857,152,306,857,1
306,224,1195,306,224,1195,306,224,1195,1
224,240,1193,224,240,1193,224,240,1193,1
240,181,1155,240,181,1155,240,181,1155,1
181,230,1249,181,230,1249,181,230,1249,1
230,150,1146,230,150,1146,230,150,1146,1
150,121,1174,150,121,1174,150,121,1174,1
121,206,1241,121,206,1241,121,206,1241,1
206,155,1155,206,155,1155,206,155,1155,1
155,259,1101,155,259,1101,155,259,1101,1
259,143,931,259,143,931,259,143,931,1
143,235,730,143,235,730,143,235,730,1
235,191,659,235,191,659,235,191,659,-1
191,195,659,191,195,659,191,195,659,1
195,210,620,195,210,620,195,210,620,-1
210,225,753,210,225,753,210,225,753,1
225,192,879,225,192,879,225,192,879,1
192,212,862,192,212,862,192,212,862,1
212,137,1042,212,137,1042,212,137,1042,1
137,151,1090,137,151,1090,137,151,1090,-1
151,177,1022,151,177,1022,151,177,1022,1
177,234,948,177,234,948,177,234,948,1
234,218,979,234,218,979,234,218,979,1
218,166,978,218,166,978,218,166,978,1
166,213,1254,166,213,1254,166,213,1254,1
213,206,1547,213,206,1547,213,206,1547,1
206,164,1232,206,164,1232,206,164,1232,1
164,254,1243,164,254,1243,164,254,1243,1
254,130,993,254,130,993,254,130,993,1
130,190,816,130,190,816,130,190,816,1
190,144,794,190,144,794,190,144,794,1
144,213,863,144,213,863,144,213,863,1
213,205,905,213,205,905,213,205,905,-1
205,204,884,205,204,884,205,204,884,1
204,330,939,204,330,939,204,330,939,1
330,203,1095,330,203,1095,330,203,1095,1
203,204,1041,203,204,1041,203,204,1041,1
204,126,945,204,126,945,204,126,945,-1
126,236,1026,126,236,1026,126,236,1026,1
236,143,926,236,143,926,236,143,926,-1
143,174,954,143,174,954,143,174,954,1
174,136,931,174,136,931,174,136,931,1
136,178,1018,136,178,1018,136,178,1018,1
178,225,953,178,225,953,178,225,953,1
225,181,940,225,181,940,225,181,940,1
181,158,1001,181,158,1001,181,158,1001,-1
158,134,995,158,134,995,158,134,995,-1
134,157,1068,134,157,1068,134,157,1068,1
157,218,1042,157,218,1042,157,218,1042,-1
218,131,992,218,131,992,218,131,992,1
131,203,1047,131,203,1047,131,203,1047,-1
203,231,1066,203,231,1066,203,231,1066,-1
231,201,976,231,201,976,231,201,976,1
201,213,997,201,213,997,201,213,997,1
213,187,845,213,187,845,213,187,845,1
187,205,948,187,205,948,187,205,948,1
205,202,893,205,202,893,205,202,893,1
202,126,875,202,126,875,202,126,875,1
126,224,947,126,224,947,126,224,947,-1
224,134,1013,224,134,1013,224,134,1013,1
134,198,1084,134,198,1084,134,198,1084,1
198,123,964,198,123,964,198,123,964,1
123,197,959,123,197,959,123,197,959,1
197,215,1020,197,215,1020,197,215,1020,1
215,280,1556,215,280,1556,215,280,1556,1
280,226,958,280,226,958,280,226,958,-1
226,191,1305,226,191,1305,226,191,1305,1
191,122,1005,191,122,1005,191,122,1005,1
122,235,924,122,235,924,122,235,924,-1
235,137,948,235,137,948,235,137,948,1
137,213,1031,137,213,1031,137,213,1031,1
213,131,959,213,131,959,213,131,959,1
131,189,978,131,189,978,131,189,978,-1
189,294,979,189,294,979,189,294,979,1
