141,141,914,141,141,914,141,141,914,-1
141,206,1080,141,206,1080,141,206,1080,-1
206,147,932,206,147,932,206,147,932,-1
147,174,1064,147,174,1064,147,174,1064,-1
174,142,937,174,142,937,174,142,937,-1
142,176,1073,142,176,1073,142,176,1073,-1
176,144,925,176,144,925,176,144,925,-1
144,201,1073,144,201,1073,144,201,1073,-1
201,138,925,201,138,925,201,138,925,-1
138,184,1103,138,184,1103,138,184,1103,-1
184,137,937,184,137,937,184,137,937,-1
137,122,1079,137,122,1079,137,122,1079,-1
122,222,1021,122,222,1021,122,222,1021,-1
222,145,992,222,145,992,222,145,992,-1
145,130,951,145,130,951,145,130,951,-1
130,200,1047,130,200,1047,130,200,1047,-1
200,137,943,200,137,943,200,137,943,-1
137,162,1084,137,162,1084,137,162,1084,-1
162,134,938,162,134,938,162,134,938,-1
134,197,1089,134,197,1089,134,197,1089,-1
197,148,938,197,148,938,197,148,938,-1
148,187,1089,148,187,1089,148,187,1089,-1
187,141,937,187,141,937,187,141,937,-1
141,163,1095,141,163,1095,141,163,1095,-1
163,139,934,163,139,934,163,139,934,-1
139,188,1080,139,188,1080,139,188,1080,-1
188,145,941,188,145,941,188,145,941,-1
145,189,1099,145,189,1099,145,189,1099,-1
189,145,937,189,145,937,189,145,937,-1
145,171,1084,145,171,1084,145,171,1084,-1
171,133,922,171,133,922,171,133,922,-1
133,209,1078,133,209,1078,133,209,1078,-1
209,150,913,209,150,913,209,150,913,-1
150,213,1069,150,213,1069,150,213,1069,-1
213,145,917,213,145,917,213,145,917,-1
145,175,1067,145,175,1067,145,175,1067,-1
175,138,909,175,138,909,175,138,909,-1
138,217,1060,138,217,1060,138,217,1060,-1
217,145,910,217,145,910,217,145,910,-1
145,239,1078,145,239,1078,145,239,1078,-1
239,143,915,239,143,915,239,143,915,-1
143,180,1042,143,180,1042,143,180,1042,-1
180,135,906,180,135,906,180,135,906,-1
135,223,1060,135,223,1060,135,223,1060,-1
223,147,904,223,147,904,223,147,904,-1
147,200,1071,147,200,1071,147,200,1071,-1
200,135,917,200,135,917,200,135,917,-1
135,176,1052,135,176,1052,135,176,1052,-1
176,142,893,176,142,893,176,142,893,-1
142,197,1048,142,197,1048,142,197,1048,-1
197,145,904,197,145,904,197,145,904,-1
145,196,1057,145,196,1057,145,196,1057,-1
196,140,920,196,140,920,196,140,920,-1
140,179,1055,140,179,1055,140,179,1055,-1
179,137,911,179,137,911,179,137,911,-1
137,222,1072,137,222,1072,137,222,1072,-1
222,147,917,222,147,917,222,147,917,-1
147,210,1075,147,210,1075,147,210,1075,-1
210,140,930,210,140,930,210,140,930,-1
140,189,1076,140,189,1076,140,189,1076,-1
189,144,912,189,144,912,189,144,912,-1
144,212,1059,144,212,1059,144,212,1059,-1
212,139,903,212,139,903,212,139,903,-1
139,215,1088,139,215,1088,139,215,1088,-1
215,146,932,215,146,932,215,146,932,-1
146,186,1069,146,186,1069,146,186,1069,-1
186,140,900,186,140,900,186,140,900,-1
140,218,1039,140,218,1039,140,218,1039,-1
218,139,890,218,139,890,218,139,890,-1
139,196,1057,139,196,1057,139,196,1057,-1
196,140,913,196,140,913,196,140,913,-1
140,178,1059,140,178,1059,140,178,1059,-1
178,134,900,178,134,900,178,134,900,-1
134,220,1064,134,220,1064,134,220,1064,-1
220,149,901,220,149,901,220,149,901,-1
149,203,1055,149,203,1055,149,203,1055,-1
203,140,914,203,140,914,203,140,914,-1
140,180,1064,140,180,1064,140,180,1064,-1
180,143,895,180,143,895,180,143,895,-1
143,214,1051,143,214,1051,143,214,1051,-1
214,142,898,214,142,898,214,142,898,-1
142,189,1054,142,189,1054,142,189,1054,-1
189,139,911,189,139,911,189,139,911,-1
139,195,1053,139,195,1053,139,195,1053,-1
195,137,894,195,137,894,195,137,894,-1
137,206,1053,137,206,1053,137,206,1053,-1
206,145,900,206,145,900,206,145,900,-1
145,197,1062,145,197,1062,145,197,1062,-1
197,139,899,197,139,899,197,139,899,-1
139,181,1056,139,181,1056,139,181,1056,-1
181,145,886,181,145,886,181,145,886,-1
145,205,1042,145,205,1042,145,205,1042,-1
205,141,893,205,141,893,205,141,893,-1
141,198,1058,141,198,1058,141,198,1058,-1
198,142,900,198,142,900,198,142,900,-1
142,186,1046,142,186,1046,142,186,1046,-1
186,135,890,186,135,890,186,135,890,-1
135,210,1040,135,210,1040,135,210,1040,-1
210,148,891,210,148,891,210,148,891,-1
148,220,1058,148,220,1058,148,220,1058,-1
220,141,906,220,141,906,220,141,906,-1
141,193,1059,141,193,1059,141,193,1059,-1
193,145,902,193,145,902,193,145,902,-1
145,210,1042,145,210,1042,145,210,1042,1
210,142,896,210,142,896,210,142,896,-1
142,199,1074,142,199,1074,142,199,1074,-1
199,142,912,199,142,912,199,142,912,-1
142,181,1052,142,181,1052,142,181,1052,1
181,145,909,181,145,909,181,145,909,-1
145,199,1043,145,199,1043,145,199,1043,1
199,145,895,199,145,895,199,145,895,-1
145,194,1060,145,194,1060,145,194,1060,1
194,138,917,194,138,917,194,138,917,-1
138,173,1064,138,173,1064,138,173,1064,1
173,147,905,173,147,905,173,147,905,-1
147,209,1047,147,209,1047,147,209,1047,1
209,142,902,209,142,902,209,142,902,-1
142,191,1077,142,191,1077,142,191,1077,1
191,141,913,191,141,913,191,141,913,-1
141,179,1056,141,179,1056,141,179,1056,1
179,138,911,179,138,911,179,138,911,-1
138,218,1045,138,218,1045,138,218,1045,1
218,142,889,218,142,889,218,142,889,-1
142,196,1056,142,196,1056,142,196,1056,1
196,139,893,196,139,893,196,139,893,-1
139,176,1053,139,176,1053,139,176,1053,1
176,146,901,176,146,901,176,146,901,-1
146,202,1050,146,202,1050,146,202,1050,1
202,143,908,202,143,908,202,143,908,-1
143,186,1069,143,186,1069,143,186,1069,-1
186,141,921,186,141,921,186,141,921,-1
141,177,1062,141,177,1062,141,177,1062,-1
177,136,923,177,136,923,177,136,923,-1
136,211,1077,136,211,1077,136,211,1077,-1
211,149,927,211,149,927,211,149,927,-1
149,200,1081,149,200,1081,149,200,1081,-1
200,138,926,200,138,926,200,138,926,-1
138,183,1080,138,183,1080,138,183,1080,-1
183,148,923,183,148,923,183,148,923,-1
148,204,1064,148,204,1064,148,204,1064,-1
204,146,926,204,146,926,204,146,926,-1
146,191,1074,146,191,1074,146,191,1074,-1
191,137,927,191,137,927,191,137,927,-1
137,184,1079,137,184,1079,137,184,1079,-1
184,139,921,184,139,921,184,139,921,-1
139,224,1065,139,224,1065,139,224,1065,-1
224,148,923,224,148,923,224,148,923,-1
148,204,1079,148,204,1079,148,204,1079,-1
204,135,932,204,135,932,204,135,932,-1
135,190,1080,135,190,1080,135,190,1080,-1
190,145,931,190,145,931,190,145,931,-1
145,220,1068,145,220,1068,145,220,1068,-1
220,142,912,220,142,912,220,142,912,-1
142,205,1077,142,205,1077,142,205,1077,-1
205,139,919,205,139,919,205,139,919,-1
139,196,1080,139,196,1080,139,196,1080,-1
196,146,931,196,146,931,196,146,931,-1
146,202,1053,146,202,1053,146,202,1053,-1
202,141,912,202,141,912,202,141,912,-1
141,214,1076,141,214,1076,141,214,1076,-1
214,138,920,214,138,920,214,138,920,-1
138,212,1077,138,212,1077,138,212,1077,-1
212,152,938,212,152,938,212,152,938,-1
152,176,1059,152,176,1059,152,176,1059,-1
176,138,921,176,138,921,176,138,921,-1
138,194,1059,138,194,1059,138,194,1059,-1
194,145,924,194,145,924,194,145,924,-1
145,207,1073,145,207,1073,145,207,1073,-1
207,145,922,207,145,922,207,145,922,-1
145,185,1060,145,185,1060,145,185,1060,-1
185,136,915,185,136,915,185,136,915,-1
136,211,1055,136,211,1055,136,211,1055,-1
211,138,912,211,138,912,211,138,912,-1
138,221,1071,138,221,1071,138,221,1071,-1
221,147,917,221,147,917,221,147,917,-1
147,186,1061,147,186,1061,147,186,1061,-1
186,134,904,186,134,904,186,134,904,-1
134,220,1046,134,220,1046,134,220,1046,-1
220,144,907,220,144,907,220,144,907,-1
144,213,1073,144,213,1073,144,213,1073,-1
213,139,910,213,139,910,213,139,910,-1
139,199,1076,139,199,1076,139,199,1076,-1
199,139,923,199,139,923,199,139,923,-1
139,210,1060,139,210,1060,139,210,1060,-1
210,146,919,210,146,919,210,146,919,-1
146,222,1063,146,222,1063,146,222,1063,-1
222,142,917,222,142,917,222,142,917,-1
142,185,1074,142,185,1074,142,185,1074,-1
185,138,926,185,138,926,185,138,926,-1
138,202,1061,138,202,1061,138,202,1061,-1
202,137,915,202,137,915,202,137,915,-1
137,208,1074,137,208,1074,137,208,1074,-1
208,148,915,208,148,915,208,148,915,-1
148,175,1051,148,175,1051,148,175,1051,-1
175,143,924,175,143,924,175,143,924,-1
143,187,1051,143,187,1051,143,187,1051,-1
187,143,905,187,143,905,187,143,905,-1
143,211,1059,143,211,1059,143,211,1059,-1
211,141,900,211,141,900,211,141,900,-1
141,175,1058,141,175,1058,141,175,1058,-1
175,136,907,175,136,907,175,136,907,-1
136,121,1049,136,121,1049,136,121,1049,-1
121,146,980,121,146,980,121,146,980,-1
146,221,942,146,221,942,146,221,942,-1
221,127,914,221,127,914,221,127,914,-1
127,198,996,127,198,996,127,198,996,-1
198,144,909,198,144,909,198,144,909,-1
144,235,1024,144,235,1024,144,235,1024,-1
235,232,928,235,232,928,235,232,928,-1
232,127,898,232,127,898,232,127,898,-1
127,142,979,127,142,979,127,142,979,-1
142,168,988,142,168,988,142,168,988,-1
168,184,941,168,184,941,168,184,941,-1
184,269,911,184,269,911,184,269,911,-1
269,162,992,269,162,992,269,162,992,-1
162,200,958,162,200,958,162,200,958,-1
200,154,934,200,154,934,200,154,934,-1
154,223,1033,154,223,1033,154,223,1033,-1
223,228,957,223,228,957,223,228,957,-1
228,153,924,228,153,924,228,153,924,-1
153,218,1031,153,218,1031,153,218,1031,-1
218,241,956,218,241,956,218,241,956,-1
241,148,943,241,148,943,241,148,943,-1
148,284,1051,148,284,1051,148,284,1051,-1
284,165,976,284,165,976,284,165,976,-1
165,153,947,165,153,947,165,153,947,-1
153,317,1045,153,317,1045,153,317,1045,-1
317,141,986,317,141,986,317,141,986,-1
141,150,962,141,150,962,141,150,962,-1
150,189,1061,150,189,1061,150,189,1061,-1
189,259,967,189,259,967,189,259,967,-1
259,155,942,259,155,942,259,155,942,-1
155,249,1042,155,249,1042,155,249,1042,-1
249,192,979,249,192,979,249,192,979,-1
192,151,957,192,151,957,192,151,957,-1
151,207,1050,151,207,1050,151,207,1050,-1
207,242,968,207,242,968,207,242,968,-1
242,152,934,242,152,934,242,152,934,-1
152,437,1056,152,437,1056,152,437,1056,-1
437,157,926,437,157,926,437,157,926,-1
157,193,1028,157,193,1028,157,193,1028,-1
193,224,956,193,224,956,193,224,956,-1
224,155,931,224,155,931,224,155,931,-1
155,217,1060,155,217,1060,155,217,1060,-1
217,194,944,217,194,944,217,194,944,-1
194,153,895,194,153,895,194,153,895,-1
153,217,1050,153,217,1050,153,217,1050,-1
217,200,940,217,200,940,217,200,940,-1
200,159,921,200,159,921,200,159,921,-1
159,206,1060,159,206,1060,159,206,1060,-1
206,215,932,206,215,932,206,215,932,-1
215,149,900,215,149,900,215,149,900,-1
149,202,1050,149,202,1050,149,202,1050,-1
202,238,948,202,238,948,202,238,948,-1
238,162,921,238,162,921,238,162,921,-1
162,223,1062,162,223,1062,162,223,1062,-1
223,202,953,223,202,953,223,202,953,-1
202,151,914,202,151,914,202,151,914,-1
151,224,1076,151,224,1076,151,224,1076,-1
224,204,967,224,204,967,224,204,967,-1
204,152,934,204,152,934,204,152,934,-1
152,412,1082,152,412,1082,152,412,1082,-1
412,157,920,412,157,920,412,157,920,-1
157,203,1077,157,203,1077,157,203,1077,-1
203,201,968,203,201,968,203,201,968,-1
201,147,941,201,147,941,201,147,941,-1
147,240,1069,147,240,1069,147,240,1069,-1
240,194,962,240,194,962,240,194,962,-1
194,171,918,194,171,918,194,171,918,-1
171,223,1069,171,223,1069,171,223,1069,-1
223,217,955,223,217,955,223,217,955,-1
217,154,918,217,154,918,217,154,918,-1
154,229,1070,154,229,1070,154,229,1070,-1
229,206,951,229,206,951,229,206,951,-1
206,161,923,206,161,923,206,161,923,-1
161,186,1083,161,186,1083,161,186,1083,-1
186,239,945,186,239,945,186,239,945,-1
239,151,896,239,151,896,239,151,896,-1
151,180,1060,151,180,1060,151,180,1060,-1
180,267,938,180,267,938,180,267,938,-1
267,163,915,267,163,915,267,163,915,-1
163,200,1047,163,200,1047,163,200,1047,-1
200,226,929,200,226,929,200,226,929,-1
226,157,901,226,157,901,226,157,901,-1
157,205,1061,157,205,1061,157,205,1061,-1
205,237,938,205,237,938,205,237,938,-1
237,154,906,237,154,906,237,154,906,-1
154,221,1063,154,221,1063,154,221,1063,-1
221,214,947,221,214,947,221,214,947,-1
214,170,908,214,170,908,214,170,908,-1
170,181,1055,170,181,1055,170,181,1055,-1
181,232,942,181,232,942,181,232,942,-1
232,159,908,232,159,908,232,159,908,-1
159,166,1071,159,166,1071,159,166,1071,-1
166,131,951,166,131,951,166,131,951,-1
131,160,905,131,160,905,131,160,905,-1
160,237,1080,160,237,1080,160,237,1080,-1
237,154,901,237,154,901,237,154,901,-1
154,234,1065,154,234,1065,154,234,1065,-1
234,397,913,234,397,913,234,397,913,-1
397,165,925,397,165,925,397,165,925,-1
165,164,1109,165,164,1109,165,164,1109,-1
164,157,906,164,157,906,164,157,906,-1
157,174,1033,157,174,1033,157,174,1033,-1
174,152,903,174,152,903,174,152,903,-1
152,179,1065,152,179,1065,152,179,1065,-1
179,159,910,179,159,910,179,159,910,-1
159,160,1062,159,160,1062,159,160,1062,-1
160,152,900,160,152,900,160,152,900,-1
152,184,1060,152,184,1060,152,184,1060,-1
184,159,896,184,159,896,184,159,896,-1
159,203,1049,159,203,1049,159,203,1049,-1
203,151,905,203,151,905,203,151,905,-1
151,179,1070,151,179,1070,151,179,1070,-1
179,151,899,179,151,899,179,151,899,-1
151,209,1047,151,209,1047,151,209,1047,-1
209,154,910,209,154,910,209,154,910,-1
154,211,1066,154,211,1066,154,211,1066,-1
211,163,914,211,163,914,211,163,914,-1
163,186,1057,163,186,1057,163,186,1057,-1
186,152,888,186,152,888,186,152,888,-1
152,223,1051,152,223,1051,152,223,1051,-1
223,170,899,223,170,899,223,170,899,-1
170,194,1045,170,194,1045,170,194,1045,-1
194,157,920,194,157,920,194,157,920,-1
157,174,1072,157,174,1072,157,174,1072,-1
174,151,906,174,151,906,174,151,906,-1
151,191,1059,151,191,1059,151,191,1059,-1
191,162,930,191,162,930,191,162,930,-1
162,170,1075,162,170,1075,162,170,1075,-1
170,156,932,170,156,932,170,156,932,-1
156,173,1077,156,173,1077,156,173,1077,-1
173,143,926,173,143,926,173,143,926,-1
143,198,1090,143,198,1090,143,198,1090,-1
198,161,918,198,161,918,198,161,918,-1
161,192,1084,161,192,1084,161,192,1084,-1
192,153,941,192,153,941,192,153,941,-1
153,182,1087,153,182,1087,153,182,1087,-1
182,155,938,182,155,938,182,155,938,-1
155,208,1079,155,208,1079,155,208,1079,-1
208,155,928,208,155,928,208,155,928,-1
155,217,1095,155,217,1095,155,217,1095,-1
217,151,947,217,151,947,217,151,947,-1
151,190,1080,151,190,1080,151,190,1080,-1
190,150,915,190,150,915,190,150,915,-1
150,227,1081,150,227,1081,150,227,1081,-1
227,157,926,227,157,926,227,157,926,-1
157,216,1082,157,216,1082,157,216,1082,-1
216,145,938,216,145,938,216,145,938,-1
145,212,1088,145,212,1088,145,212,1088,-1
212,147,910,212,147,910,212,147,910,-1
147,230,1061,147,230,1061,147,230,1061,-1
230,161,906,230,161,906,230,161,906,-1
161,215,1055,161,215,1055,161,215,1055,-1
215,149,911,215,149,911,215,149,911,-1
149,193,1063,149,193,1063,149,193,1063,-1
193,156,908,193,156,908,193,156,908,-1
156,211,1058,156,211,1058,156,211,1058,-1
211,151,901,211,151,901,211,151,901,-1
151,191,1054,151,191,1054,151,191,1054,-1
191,154,924,191,154,924,191,154,924,-1
154,185,1050,154,185,1050,154,185,1050,-1
185,154,917,185,154,917,185,154,917,-1
154,230,1051,154,230,1051,154,230,1051,1
230,154,904,230,154,904,230,154,904,-1
154,194,1040,154,194,1040,154,194,1040,-1
194,143,916,194,143,916,194,143,916,-1
143,206,1062,143,206,1062,143,206,1062,1
206,152,885,206,152,885,206,152,885,-1
152,203,1051,152,203,1051,152,203,1051,1
203,148,905,203,148,905,203,148,905,-1
148,190,1046,148,190,1046,148,190,1046,1
190,145,903,190,145,903,190,145,903,-1
145,192,1075,145,192,1075,145,192,1075,1
192,151,910,192,151,910,192,151,910,-1
151,215,1051,151,215,1051,151,215,1051,1
215,150,913,215,150,913,215,150,913,-1
150,206,1077,150,206,1077,150,206,1077,-1
206,154,930,206,154,930,206,154,930,-1
154,218,1063,154,218,1063,154,218,1063,-1
218,149,912,218,149,912,218,149,912,-1
149,225,1057,149,225,1057,149,225,1057,-1
225,150,922,225,150,922,225,150,922,-1
150,200,1061,150,200,1061,150,200,1061,-1
200,150,934,200,150,934,200,150,934,-1
150,194,1067,150,194,1067,150,194,1067,-1
194,149,918,194,149,918,194,149,918,-1
149,202,1063,149,202,1063,149,202,1063,-1
202,142,913,202,142,913,202,142,913,-1
142,199,1076,142,199,1076,142,199,1076,-1
199,155,938,199,155,938,199,155,938,-1
155,194,1055,155,194,1055,155,194,1055,-1
194,147,906,194,147,906,194,147,906,-1
147,202,1063,147,202,1063,147,202,1063,-1
202,148,917,202,148,917,202,148,917,-1
148,203,1064,148,203,1064,148,203,1064,-1
203,151,919,203,151,919,203,151,919,-1
151,199,1053,151,199,1053,151,199,1053,-1
199,142,904,199,142,904,199,142,904,-1
142,208,1062,142,208,1062,142,208,1062,-1
208,147,913,208,147,913,208,147,913,-1
147,213,1061,147,213,1061,147,213,1061,-1
213,151,918,213,151,918,213,151,918,-1
151,191,1055,151,191,1055,151,191,1055,-1
191,142,916,191,142,916,191,142,916,-1
142,208,1048,142,208,1048,142,208,1048,-1
208,145,927,208,145,927,208,145,927,-1
145,214,1074,145,214,1074,145,214,1074,-1
214,145,923,214,145,923,214,145,923,-1
145,192,1068,145,192,1068,145,192,1068,-1
192,144,919,192,144,919,192,144,919,-1
144,207,1052,144,207,1052,144,207,1052,1
207,154,937,207,154,937,207,154,937,-1
154,206,1059,154,206,1059,154,206,1059,1
206,150,968,206,150,968,206,150,968,-1
150,181,1058,150,181,1058,150,181,1058,1
181,144,979,181,144,979,181,144,979,-1
144,220,1057,144,220,1057,144,220,1057,1
220,142,985,220,142,985,220,142,985,-1
142,208,1065,142,208,1065,142,208,1065,1
208,152,970,208,152,970,208,152,970,-1
152,186,1056,152,186,1056,152,186,1056,1
186,148,948,186,148,948,186,148,948,-1
148,208,1042,148,208,1042,148,208,1042,-1
208,154,972,208,154,972,208,154,972,-1
154,212,1064,154,212,1064,154,212,1064,-1
212,148,942,212,148,942,212,148,942,-1
148,186,1083,148,186,1083,148,186,1083,-1
186,142,918,186,142,918,186,142,918,-1
142,218,1062,142,218,1062,142,218,1062,-1
218,150,924,218,150,924,218,150,924,-1
150,212,1071,150,212,1071,150,212,1071,-1
212,144,938,212,144,938,212,144,938,-1
144,196,1070,144,196,1070,144,196,1070,-1
196,141,922,196,141,922,196,141,922,-1
141,217,1054,141,217,1054,141,217,1054,-1
217,156,918,217,156,918,217,156,918,-1
156,203,1065,156,203,1065,156,203,1065,-1
203,139,915,203,139,915,203,139,915,-1
139,186,1066,139,186,1066,139,186,1066,-1
186,148,919,186,148,919,186,148,919,-1
148,196,1052,148,196,1052,148,196,1052,-1
196,150,911,196,150,911,196,150,911,-1
150,198,1064,150,198,1064,150,198,1064,-1
198,148,929,198,148,929,198,148,929,-1
148,169,1045,148,169,1045,148,169,1045,-1
169,137,909,169,137,909,169,137,909,-1
137,203,1060,137,203,1060,137,203,1060,-1
203,154,914,203,154,914,203,154,914,-1
154,193,1050,154,193,1050,154,193,1050,-1
193,143,920,193,143,920,193,143,920,-1
143,167,1056,143,167,1056,143,167,1056,-1
167,146,928,167,146,928,167,146,928,-1
146,182,1042,146,182,1042,146,182,1042,1
182,144,911,182,144,911,182,144,911,-1
144,212,1066,144,212,1066,144,212,1066,1
212,143,910,212,143,910,212,143,910,-1
143,176,1055,143,176,1055,143,176,1055,1
176,139,916,176,139,916,176,139,916,-1
139,191,1047,139,191,1047,139,191,1047,1
191,149,909,191,149,909,191,149,909,-1
149,212,1058,149,212,1058,149,212,1058,1
212,146,914,212,146,914,212,146,914,-1
146,189,1049,146,189,1049,146,189,1049,1
189,147,930,189,147,930,189,147,930,-1
147,172,1057,147,172,1057,147,172,1057,1
172,149,901,172,149,901,172,149,901,-1
149,206,1038,149,206,1038,149,206,1038,1
206,144,908,206,144,908,206,144,908,-1
144,187,1056,144,187,1056,144,187,1056,1
187,141,918,187,141,918,187,141,918,-1
141,175,1045,141,175,1045,141,175,1045,1
175,147,906,175,147,906,175,147,906,-1
147,202,1053,147,202,1053,147,202,1053,1
202,144,910,202,144,910,202,144,910,-1
144,191,1051,144,191,1051,144,191,1051,1
191,148,924,191,148,924,191,148,924,-1
148,161,1050,148,161,1050,148,161,1050,1
161,146,905,161,146,905,161,146,905,-1
146,205,1044,146,205,1044,146,205,1044,1
205,144,905,205,144,905,205,144,905,-1
144,187,1044,144,187,1044,144,187,1044,1
187,141,915,187,141,915,187,141,915,-1
141,170,1045,141,170,1045,141,170,1045,1
170,150,914,170,150,914,170,150,914,-1
150,181,1035,150,181,1035,150,181,1035,1
181,143,900,181,143,900,181,143,900,-1
143,184,1036,143,184,1036,143,184,1036,1
184,144,912,184,144,912,184,144,912,-1
144,164,1048,144,164,1048,144,164,1048,1
164,146,915,164,146,915,164,146,915,-1
146,187,1031,146,187,1031,146,187,1031,1
187,145,891,187,145,891,187,145,891,-1
145,202,1038,145,202,1038,145,202,1038,1
202,141,891,202,141,891,202,141,891,-1
141,184,1036,141,184,1036,141,184,1036,1
184,151,903,184,151,903,184,151,903,-1
151,191,1032,151,191,1032,151,191,1032,1
191,144,895,191,144,895,191,144,895,-1
144,228,1039,144,228,1039,144,228,1039,1
228,145,909,228,145,909,228,145,909,-1
145,206,1053,145,206,1053,145,206,1053,1
206,150,915,206,150,915,206,150,915,-1
150,190,1045,150,190,1045,150,190,1045,1
190,139,907,190,139,907,190,139,907,-1
139,217,1054,139,217,1054,139,217,1054,1
217,141,928,217,141,928,217,141,928,-1
141,201,1063,141,201,1063,141,201,1063,1
201,148,923,201,148,923,201,148,923,-1
148,182,1054,148,182,1054,148,182,1054,1
182,139,920,182,139,920,182,139,920,-1
139,205,1037,139,205,1037,139,205,1037,1
205,148,911,205,148,911,205,148,911,-1
148,184,1049,148,184,1049,148,184,1049,1
184,146,916,184,146,916,184,146,916,-1
146,178,1048,146,178,1048,146,178,1048,1
178,138,915,178,138,915,178,138,915,-1
138,203,1046,138,203,1046,138,203,1046,1
203,144,926,203,144,926,203,144,926,-1
144,219,1054,144,219,1054,144,219,1054,1
219,143,918,219,143,918,219,143,918,-1
143,184,1072,143,184,1072,143,184,1072,1
184,136,916,184,136,916,184,136,916,-1
136,207,1037,136,207,1037,136,207,1037,1
207,146,914,207,146,914,207,146,914,-1
146,214,1059,146,214,1059,146,214,1059,1
214,145,916,214,145,916,214,145,916,-1
145,207,1043,145,207,1043,145,207,1043,1
207,141,911,207,141,911,207,141,911,-1
141,198,1042,141,198,1042,141,198,1042,1
198,150,908,198,150,908,198,150,908,-1
150,211,1042,150,211,1042,150,211,1042,1
211,138,911,211,138,911,211,138,911,-1
138,187,1054,138,187,1054,138,187,1054,1
187,140,920,187,140,920,187,140,920,-1
140,188,1033,140,188,1033,140,188,1033,1
188,136,906,188,136,906,188,136,906,-1
136,210,1040,136,210,1040,136,210,1040,1
210,149,897,210,149,897,210,149,897,-1
149,192,1035,149,192,1035,149,192,1035,1
192,141,908,192,141,908,192,141,908,-1
141,178,1033,141,178,1033,141,178,1033,1
178,146,892,178,146,892,178,146,892,-1
146,213,1032,146,213,1032,146,213,1032,1
213,146,905,213,146,905,213,146,905,-1
146,175,1039,146,175,1039,146,175,1039,1
175,142,913,175,142,913,175,142,913,-1
142,191,1031,142,191,1031,142,191,1031,1
191,138,912,191,138,912,191,138,912,-1
138,207,1041,138,207,1041,138,207,1041,1
207,156,922,207,156,922,207,156,922,-1
156,192,1039,156,192,1039,156,192,1039,1
192,142,930,192,142,930,192,142,930,-1
142,182,1048,142,182,1048,142,182,1048,1
182,145,923,182,145,923,182,145,923,-1
145,215,1055,145,215,1055,145,215,1055,1
215,145,920,215,145,920,215,145,920,-1
145,199,1070,145,199,1070,145,199,1070,1
199,139,922,199,139,922,199,139,922,-1
139,179,1071,139,179,1071,139,179,1071,1
179,136,945,179,136,945,179,136,945,-1
136,207,1066,136,207,1066,136,207,1066,1
207,145,932,207,145,932,207,145,932,-1
145,201,1067,145,201,1067,145,201,1067,1
201,140,943,201,140,943,201,140,943,-1
140,189,1069,140,189,1069,140,189,1069,1
189,147,940,189,147,940,189,147,940,-1
147,187,1062,147,187,1062,147,187,1062,1
187,144,922,187,144,922,187,144,922,-1
144,210,1055,144,210,1055,144,210,1055,1
210,144,928,210,144,928,210,144,928,-1
144,175,1063,144,175,1063,144,175,1063,1
175,147,935,175,147,935,175,147,935,-1
147,193,1048,147,193,1048,147,193,1048,1
193,143,928,193,143,928,193,143,928,-1
143,196,1064,143,196,1064,143,196,1064,1
196,141,928,196,141,928,196,141,928,-1
141,172,1057,141,172,1057,141,172,1057,1
172,148,919,172,148,919,172,148,919,-1
148,212,1047,148,212,1047,148,212,1047,1
212,146,915,212,146,915,212,146,915,-1
146,206,1061,146,206,1061,146,206,1061,1
206,138,928,206,138,928,206,138,928,-1
138,185,1069,138,185,1069,138,185,1069,1
185,148,924,185,148,924,185,148,924,-1
148,206,1040,148,206,1040,148,206,1040,1
206,140,923,206,140,923,206,140,923,-1
140,203,1063,140,203,1063,140,203,1063,1
203,137,927,203,137,927,203,137,927,-1
137,183,1062,137,183,1062,137,183,1062,1
183,151,940,183,151,940,183,151,940,-1
151,198,1058,151,198,1058,151,198,1058,1
198,142,933,198,142,933,198,142,933,-1
142,191,1086,142,191,1086,142,191,1086,1
191,140,952,191,140,952,191,140,952,-1
140,181,1075,140,181,1075,140,181,1075,1
181,147,937,181,147,937,181,147,937,-1
147,214,1067,147,214,1067,147,214,1067,1
214,145,943,214,145,943,214,145,943,-1
145,197,1075,145,197,1075,145,197,1075,1
197,140,951,197,140,951,197,140,951,-1
140,188,1084,140,188,1084,140,188,1084,1
188,148,942,188,148,942,188,148,942,-1
148,213,1080,148,213,1080,148,213,1080,1
213,141,943,213,141,943,213,141,943,-1
141,205,1084,141,205,1084,141,205,1084,1
205,149,959,205,149,959,205,149,959,-1
149,182,1081,149,182,1081,149,182,1081,1
182,142,947,182,142,947,182,142,947,-1
142,223,1075,142,223,1075,142,223,1075,1
223,139,945,223,139,945,223,139,945,-1
139,204,1078,139,204,1078,139,204,1078,1
204,144,945,204,144,945,204,144,945,-1
144,192,1059,144,192,1059,144,192,1059,1
192,143,920,192,143,920,192,143,920,-1
143,213,1057,143,213,1057,143,213,1057,1
213,136,926,213,136,926,213,136,926,-1
136,205,1069,136,205,1069,136,205,1069,1
205,145,941,205,145,941,205,145,941,-1
145,184,1066,145,184,1066,145,184,1066,1
184,146,913,184,146,913,184,146,913,-1
146,205,1046,146,205,1046,146,205,1046,1
205,138,920,205,138,920,205,138,920,-1
138,196,1072,138,196,1072,138,196,1072,1
196,146,935,196,146,935,196,146,935,-1
146,187,1058,146,187,1058,146,187,1058,1
187,141,923,187,141,923,187,141,923,-1
141,203,1065,141,203,1065,141,203,1065,1
203,133,934,203,133,934,203,133,934,-1
133,205,1075,133,205,1075,133,205,1075,1
205,142,934,205,142,934,205,142,934,-1
142,190,1089,142,190,1089,142,190,1089,1
190,145,945,190,145,945,190,145,945,-1
145,205,1057,145,205,1057,145,205,1057,1
205,136,933,205,136,933,205,136,933,-1
136,223,1075,136,223,1075,136,223,1075,1
223,145,938,223,145,938,223,145,938,-1
145,219,1070,145,219,1070,145,219,1070,1
219,140,939,219,140,939,219,140,939,-1
140,185,1078,140,185,1078,140,185,1078,1
185,139,942,185,139,942,185,139,942,-1
139,208,1067,139,208,1067,139,208,1067,-1
208,142,939,208,142,939,208,142,939,1
142,210,1075,142,210,1075,142,210,1075,-1
210,149,946,210,149,946,210,149,946,-1
149,180,1071,149,180,1071,149,180,1071,-1
180,144,935,180,144,935,180,144,935,-1
144,202,1072,144,202,1072,144,202,1072,-1
202,148,935,202,148,935,202,148,935,-1
148,205,1079,148,205,1079,148,205,1079,-1
205,143,948,205,143,948,205,143,948,-1
143,176,1081,143,176,1081,143,176,1081,-1
176,143,932,176,143,932,176,143,932,-1
143,208,1053,143,208,1053,143,208,1053,-1
208,142,933,208,142,933,208,142,933,-1
142,205,1061,142,205,1061,142,205,1061,-1
205,148,941,205,148,941,205,148,941,-1
148,174,1075,148,174,1075,148,174,1075,-1
174,137,934,174,137,934,174,137,934,-1
137,196,1064,137,196,1064,137,196,1064,-1
196,149,925,196,149,925,196,149,925,-1
149,194,1066,149,194,1066,149,194,1066,-1
194,144,945,194,144,945,194,144,945,-1
144,162,1067,144,162,1067,144,162,1067,-1
162,137,926,162,137,926,162,137,926,-1
137,198,1057,137,198,1057,137,198,1057,-1
198,139,929,198,139,929,198,139,929,-1
139,193,1074,139,193,1074,139,193,1074,-1
193,150,945,193,150,945,193,150,945,-1
150,168,1052,150,168,1052,150,168,1052,-1
168,140,929,168,140,929,168,140,929,-1
140,204,1055,140,204,1055,140,204,1055,-1
204,151,930,204,151,930,204,151,930,-1
151,219,1062,151,219,1062,151,219,1062,-1
219,144,925,219,144,925,219,144,925,-1
144,166,1070,144,166,1070,144,166,1070,-1
166,143,924,166,143,924,166,143,924,-1
143,205,1045,143,205,1045,143,205,1045,-1
205,140,920,205,140,920,205,140,920,-1
140,191,1053,140,191,1053,140,191,1053,-1
191,150,920,191,150,920,191,150,920,-1
150,213,1056,150,213,1056,150,213,1056,-1
213,124,958,213,124,958,213,124,958,-1
124,143,974,124,143,974,124,143,974,-1
143,126,938,143,126,938,143,126,938,-1
126,208,1004,126,208,1004,126,208,1004,-1
208,138,926,208,138,926,208,138,926,-1
138,314,1052,138,314,1052,138,314,1052,-1
314,156,967,314,156,967,314,156,967,-1
156,121,930,156,121,930,156,121,930,-1
121,151,992,121,151,992,121,151,992,-1
151,159,999,151,159,999,151,159,999,-1
159,198,964,159,198,964,159,198,964,-1
198,272,943,198,272,943,198,272,943,-1
272,191,995,272,191,995,272,191,995,-1
191,171,968,191,171,968,191,171,968,-1
171,157,926,171,157,926,171,157,926,-1
157,225,1033,157,225,1033,157,225,1033,-1
225,226,960,225,226,960,225,226,960,-1
226,153,932,226,153,932,226,153,932,-1
153,244,1033,153,244,1033,153,244,1033,-1
244,232,970,244,232,970,244,232,970,-1
232,148,939,232,148,939,232,148,939,-1
148,222,1037,148,222,1037,148,222,1037,-1
222,218,961,222,218,961,222,218,961,-1
218,158,923,218,158,923,218,158,923,-1
158,200,1044,158,200,1044,158,200,1044,-1
200,238,953,200,238,953,200,238,953,-1
238,151,937,238,151,937,238,151,937,-1
151,282,1058,151,282,1058,151,282,1058,-1
282,151,959,282,151,959,282,151,959,-1
151,156,915,151,156,915,151,156,915,-1
156,215,1046,156,215,1046,156,215,1046,-1
215,223,969,215,223,969,215,223,969,-1
223,149,934,223,149,934,223,149,934,-1
149,295,1055,149,295,1055,149,295,1055,-1
295,149,961,295,149,961,295,149,961,-1
149,156,923,149,156,923,149,156,923,-1
156,272,1069,156,272,1069,156,272,1069,-1
272,159,972,272,159,972,272,159,972,-1
159,149,928,159,149,928,159,149,928,-1
149,184,1060,149,184,1060,149,184,1060,-1
184,266,950,184,266,950,184,266,950,-1
266,158,925,266,158,925,266,158,925,-1
158,432,1071,158,432,1071,158,432,1071,-1
432,159,918,432,159,918,432,159,918,-1
159,258,1058,159,258,1058,159,258,1058,-1
258,181,960,258,181,960,258,181,960,-1
181,158,929,181,158,929,181,158,929,-1
158,225,1058,158,225,1058,158,225,1058,-1
225,197,959,225,197,959,225,197,959,-1
197,158,920,197,158,920,197,158,920,-1
158,201,1069,158,201,1069,158,201,1069,-1
201,238,959,201,238,959,201,238,959,-1
238,161,930,238,161,930,238,161,930,-1
161,244,1076,161,244,1076,161,244,1076,-1
244,203,965,244,203,965,244,203,965,-1
203,151,934,203,151,934,203,151,934,-1
151,205,1075,151,205,1075,151,205,1075,-1
205,243,970,205,243,970,205,243,970,-1
243,161,939,243,161,939,243,161,939,-1
161,214,1057,161,214,1057,161,214,1057,-1
214,217,961,214,217,961,214,217,961,-1
217,152,928,217,152,928,217,152,928,-1
152,245,1083,152,245,1083,152,245,1083,-1
245,187,967,245,187,967,245,187,967,-1
187,156,922,187,156,922,187,156,922,-1
156,207,1084,156,207,1084,156,207,1084,-1
207,223,965,207,223,965,207,223,965,-1
223,156,940,223,156,940,223,156,940,-1
156,222,1094,156,222,1094,156,222,1094,-1
222,217,968,222,217,968,222,217,968,-1
217,152,929,217,152,929,217,152,929,-1
152,244,1077,152,244,1077,152,244,1077,-1
244,216,974,244,216,974,244,216,974,-1
216,169,940,216,169,940,216,169,940,-1
169,179,1062,169,179,1062,169,179,1062,-1
179,269,961,179,269,961,179,269,961,-1
269,159,939,269,159,939,269,159,939,-1
159,190,1045,159,190,1045,159,190,1045,-1
190,283,969,190,283,969,190,283,969,-1
283,164,942,283,164,942,283,164,942,-1
164,279,1054,164,279,1054,164,279,1054,-1
279,185,972,279,185,972,279,185,972,-1
185,167,939,185,167,939,185,167,939,-1
167,170,1045,167,170,1045,167,170,1045,-1
170,271,959,170,271,959,170,271,959,-1
271,160,941,271,160,941,271,160,941,-1
160,188,1043,160,188,1043,160,188,1043,-1
188,246,958,188,246,958,188,246,958,-1
246,167,941,246,167,941,246,167,941,-1
167,223,1045,167,223,1045,167,223,1045,-1
223,201,962,223,201,962,223,201,962,-1
201,155,932,201,155,932,201,155,932,-1
155,161,1089,155,161,1089,155,161,1089,-1
161,262,963,161,262,963,161,262,963,-1
262,162,932,262,162,932,262,162,932,-1
162,295,1078,162,295,1078,162,295,1078,-1
295,131,974,295,131,974,295,131,974,-1
131,163,938,131,163,938,131,163,938,-1
163,200,1075,163,200,1075,163,200,1075,-1
200,226,965,200,226,965,200,226,965,-1
226,162,929,226,162,929,226,162,929,-1
162,210,1070,162,210,1070,162,210,1070,-1
210,219,964,210,219,964,210,219,964,-1
219,172,942,219,172,942,219,172,942,-1
172,186,1085,172,186,1085,172,186,1085,-1
186,240,963,186,240,963,186,240,963,-1
240,162,945,240,162,945,240,162,945,-1
162,174,1102,162,174,1102,162,174,1102,-1
174,251,984,174,251,984,174,251,984,-1
251,165,953,251,165,953,251,165,953,-1
165,161,1108,165,161,1108,165,161,1108,-1
161,260,977,161,260,977,161,260,977,-1
260,165,952,260,165,952,260,165,952,-1
165,175,1119,165,175,1119,165,175,1119,-1
175,238,981,175,238,981,175,238,981,-1
238,163,951,238,163,951,238,163,951,-1
163,172,1119,163,172,1119,163,172,1119,-1
172,240,992,172,240,992,172,240,992,-1
240,164,973,240,164,973,240,164,973,-1
164,211,1132,164,211,1132,164,211,1132,-1
211,187,998,211,187,998,211,187,998,-1
187,166,962,187,166,962,187,166,962,1
166,187,1115,166,187,1115,166,187,1115,-1
187,220,998,187,220,998,187,220,998,-1
220,170,969,220,170,969,220,170,969,-1
170,210,1140,170,210,1140,170,210,1140,-1
210,212,997,210,212,997,210,212,997,-1
212,166,967,212,166,967,212,166,967,-1
166,199,1126,166,199,1126,166,199,1126,-1
199,219,1005,199,219,1005,199,219,1005,-1
219,173,973,219,173,973,219,173,973,-1
173,231,1135,173,231,1135,173,231,1135,-1
231,188,1003,231,188,1003,231,188,1003,-1
188,169,970,188,169,970,188,169,970,-1
169,431,1133,169,431,1133,169,431,1133,-1
431,158,971,431,158,971,431,158,971,-1
158,226,1100,158,226,1100,158,226,1100,-1
226,201,1002,226,201,1002,226,201,1002,-1
201,177,972,201,177,972,201,177,972,-1
177,229,1099,177,229,1099,177,229,1099,-1
229,183,999,229,183,999,229,183,999,-1
183,161,966,183,161,966,183,161,966,-1
161,226,1102,161,226,1102,161,226,1102,-1
226,233,1004,226,233,1004,226,233,1004,-1
233,167,976,233,167,976,233,167,976,-1
167,230,1111,167,230,1111,167,230,1111,-1
230,196,997,230,196,997,230,196,997,-1
196,168,963,196,168,963,196,168,963,-1
168,187,1092,168,187,1092,168,187,1092,-1
187,134,991,187,134,991,187,134,991,-1
134,127,1002,134,127,1002,134,127,1002,-1
127,167,966,127,167,966,127,167,966,-1
167,264,1096,167,264,1096,167,264,1096,-1
264,162,992,264,162,992,264,162,992,-1
162,175,951,162,175,951,162,175,951,-1
175,184,1093,175,184,1093,175,184,1093,-1
184,219,972,184,219,972,184,219,972,-1
219,171,942,219,171,942,219,171,942,-1
171,163,1063,171,163,1063,171,163,1063,-1
163,260,971,163,260,971,163,260,971,-1
260,177,949,260,177,949,260,177,949,-1
177,247,1081,177,247,1081,177,247,1081,-1
247,163,965,247,163,965,247,163,965,-1
163,170,938,163,170,938,163,170,938,-1
170,252,1056,170,252,1056,170,252,1056,-1
252,198,968,252,198,968,252,198,968,-1
198,162,947,198,162,947,198,162,947,-1
162,243,1068,162,243,1068,162,243,1068,-1
243,188,956,243,188,956,243,188,956,-1
188,180,930,188,180,930,188,180,930,-1
180,162,1039,180,162,1039,180,162,1039,-1
162,272,951,162,272,951,162,272,951,-1
272,164,929,272,164,929,272,164,929,-1
164,293,1062,164,293,1062,164,293,1062,-1
293,155,969,293,155,969,293,155,969,-1
155,175,944,155,175,944,155,175,944,-1
175,170,1073,175,170,1073,175,170,1073,-1
170,243,966,170,243,966,170,243,966,-1
243,166,933,243,166,933,243,166,933,-1
166,174,1074,166,174,1074,166,174,1074,-1
174,143,966,174,143,966,174,143,966,-1
143,121,988,143,121,988,143,121,988,-1
121,173,951,121,173,951,121,173,951,-1
173,185,1080,173,185,1080,173,185,1080,-1
185,217,968,185,217,968,185,217,968,-1
217,174,945,217,174,945,217,174,945,-1
174,145,1079,174,145,1079,174,145,1079,-1
145,257,972,145,257,972,145,257,972,-1
257,166,952,257,166,952,257,166,952,-1
166,159,1080,166,159,1080,166,159,1080,-1
159,254,952,159,254,952,159,254,952,-1
254,182,928,254,182,928,254,182,928,-1
182,178,1054,182,178,1054,182,178,1054,-1
178,226,960,178,226,960,178,226,960,-1
226,172,935,226,172,935,226,172,935,-1
172,176,1055,172,176,1055,172,176,1055,-1
176,252,951,176,252,951,176,252,951,-1
252,164,918,252,164,918,252,164,918,-1
164,244,1059,164,244,1059,164,244,1059,-1
244,167,958,244,167,958,244,167,958,-1
167,175,930,167,175,930,167,175,930,-1
175,247,1050,175,247,1050,175,247,1050,-1
247,160,959,247,160,959,247,160,959,-1
160,168,941,160,168,941,160,168,941,-1
168,175,1073,168,175,1073,168,175,1073,-1
175,223,950,175,223,950,175,223,950,-1
223,179,918,223,179,918,223,179,918,-1
179,247,1046,179,247,1046,179,247,1046,-1
247,161,952,247,161,952,247,161,952,-1
161,170,946,161,170,946,161,170,946,-1
170,424,1066,170,424,1066,170,424,1066,-1
424,176,929,424,176,929,424,176,929,-1
176,221,1066,176,221,1066,176,221,1066,-1
221,177,977,221,177,977,221,177,977,-1
177,177,948,177,177,948,177,177,948,1
177,222,1074,177,222,1074,177,222,1074,-1
222,200,968,222,200,968,222,200,968,1
200,125,942,200,125,942,200,125,942,-1
125,216,1029,125,216,1029,125,216,1029,1
216,231,978,216,231,978,216,231,978,-1
231,130,943,231,130,943,231,130,943,1
130,125,1022,130,125,1022,130,125,1022,-1
125,138,1034,125,138,1034,125,138,1034,1
138,204,983,138,204,983,138,204,983,-1
204,171,956,204,171,956,204,171,956,1
171,184,1086,171,184,1086,171,184,1086,-1
184,235,987,184,235,987,184,235,987,-1
235,129,946,235,129,946,235,129,946,-1
129,127,1033,129,127,1033,129,127,1033,-1
127,167,1031,127,167,1031,127,167,1031,-1
167,176,992,167,176,992,167,176,992,-1
176,173,946,176,173,946,176,173,946,-1
173,204,1089,173,204,1089,173,204,1089,-1
204,243,971,204,243,971,204,243,971,-1
243,175,937,243,175,937,243,175,937,-1
175,214,1066,175,214,1066,175,214,1066,-1
214,224,969,214,224,969,214,224,969,-1
224,185,937,224,185,937,224,185,937,-1
185,249,1067,185,249,1067,185,249,1067,-1
249,163,955,249,163,955,249,163,955,-1
163,136,927,163,136,927,163,136,927,-1
136,130,1011,136,130,1011,136,130,1011,-1
130,149,993,130,149,993,130,149,993,-1
149,205,958,149,205,958,149,205,958,-1
205,181,935,205,181,935,205,181,935,-1
181,226,1068,181,226,1068,181,226,1068,-1
226,206,963,226,206,963,226,206,963,-1
206,176,934,206,176,934,206,176,934,-1
176,169,1070,176,169,1070,176,169,1070,-1
169,121,959,169,121,959,169,121,959,-1
121,149,974,121,149,974,121,149,974,-1
149,125,940,149,125,940,149,125,940,-1
125,138,1017,125,138,1017,125,138,1017,-1
138,123,1008,138,123,1008,138,123,1008,-1
123,228,971,123,228,971,123,228,971,-1
228,135,937,228,135,937,228,135,937,-1
135,143,1013,135,143,1013,135,143,1013,-1
143,146,995,143,146,995,143,146,995,-1
146,218,954,146,218,954,146,218,954,-1
218,175,937,218,175,937,218,175,937,-1
175,303,1058,175,303,1058,175,303,1058,-1
303,152,972,303,152,972,303,152,972,-1
152,174,924,152,174,924,152,174,924,-1
174,238,1063,174,238,1063,174,238,1063,-1
238,212,969,238,212,969,238,212,969,-1
212,176,939,212,176,939,212,176,939,-1
176,237,1062,176,237,1062,176,237,1062,1
237,231,958,237,231,958,237,231,958,-1
231,171,923,231,171,923,231,171,923,1
171,149,1063,171,149,1063,171,149,1063,-1
149,294,949,149,294,949,149,294,949,1
294,170,916,294,170,916,294,170,916,-1
170,209,1056,170,209,1056,170,209,1056,1
209,214,936,209,214,936,209,214,936,-1
214,177,913,214,177,913,214,177,913,1
177,245,1041,177,245,1041,177,245,1041,-1
245,178,952,245,178,952,245,178,952,1
178,125,916,178,125,916,178,125,916,-1
125,127,993,125,127,993,125,127,993,1
127,341,1000,127,341,1000,127,341,1000,-1
341,184,914,341,184,914,341,184,914,1
184,247,1047,184,247,1047,184,247,1047,-1
247,176,935,247,176,935,247,176,935,1
176,134,896,176,134,896,176,134,896,-1
134,125,991,134,125,991,134,125,991,1
125,176,991,125,176,991,125,176,991,-1
176,173,943,176,173,943,176,173,943,1
173,182,908,173,182,908,173,182,908,-1
182,199,1050,182,199,1050,182,199,1050,1
199,224,949,199,224,949,199,224,949,-1
224,179,935,224,179,935,224,179,935,1
179,230,1059,179,230,1059,179,230,1059,-1
230,198,955,230,198,955,230,198,955,1
198,122,912,198,122,912,198,122,912,-1
122,130,987,122,130,987,122,130,987,1
130,131,990,130,131,990,130,131,990,-1
131,204,947,131,204,947,131,204,947,1
204,181,913,204,181,913,204,181,913,-1
181,187,1053,181,187,1053,181,187,1053,1
187,216,936,187,216,936,187,216,936,-1
216,122,916,216,122,916,216,122,916,1
122,122,984,122,122,984,122,122,984,-1
122,190,1004,122,190,1004,122,190,1004,1
190,164,955,190,164,955,190,164,955,-1
164,125,931,164,125,931,164,125,931,1
125,131,994,125,131,994,125,131,994,-1
131,121,995,131,121,995,131,121,995,1
121,211,944,121,211,944,121,211,944,-1
211,177,902,211,177,902,211,177,902,1
177,163,1038,177,163,1038,177,163,1038,-1
163,133,932,163,133,932,163,133,932,1
133,134,953,133,134,953,133,134,953,-1
134,128,915,134,128,915,134,128,915,1
128,125,993,128,125,993,128,125,993,-1
125,341,991,125,341,991,125,341,991,1
341,188,915,341,188,915,341,188,915,-1
188,396,1042,188,396,1042,188,396,1042,1
396,127,910,396,127,910,396,127,910,-1
127,131,982,127,131,982,127,131,982,1
131,169,991,131,169,991,131,169,991,-1
169,168,952,169,168,952,169,168,952,1
168,186,928,168,186,928,168,186,928,-1
186,184,1055,186,184,1055,186,184,1055,1
184,224,958,184,224,958,184,224,958,-1
224,180,928,224,180,928,224,180,928,1
180,234,1058,180,234,1058,180,234,1058,-1
234,218,967,234,218,967,234,218,967,1
218,169,933,218,169,933,218,169,933,-1
169,439,1059,169,439,1059,169,439,1059,1
439,135,927,439,135,927,439,135,927,-1
135,140,1008,135,140,1008,135,140,1008,1
140,349,1005,140,349,1005,140,349,1005,-1
349,171,947,349,171,947,349,171,947,1
171,205,1073,171,205,1073,171,205,1073,-1
205,225,965,205,225,965,205,225,965,1
225,177,937,225,177,937,225,177,937,-1
177,251,1073,177,251,1073,177,251,1073,1
251,184,989,251,184,989,251,184,989,-1
184,176,949,184,176,949,184,176,949,1
176,288,1085,176,288,1085,176,288,1085,-1
288,145,993,288,145,993,288,145,993,1
145,177,951,145,177,951,145,177,951,-1
177,200,1080,177,200,1080,177,200,1080,1
200,248,980,200,248,980,200,248,980,-1
248,174,962,248,174,962,248,174,962,1
174,180,1093,174,180,1093,174,180,1093,-1
180,240,977,180,240,977,180,240,977,1
240,182,944,240,182,944,240,182,944,-1
182,178,1060,182,178,1060,182,178,1060,1
178,265,969,178,265,969,178,265,969,-1
265,130,942,265,130,942,265,130,942,1
130,136,1023,130,136,1023,130,136,1023,-1
136,152,1024,136,152,1024,136,152,1024,1
152,201,980,152,201,980,152,201,980,-1
201,189,949,201,189,949,201,189,949,1
189,199,1076,189,199,1076,189,199,1076,-1
199,228,982,199,228,982,199,228,982,1
228,131,961,228,131,961,228,131,961,-1
131,131,1030,131,131,1030,131,131,1030,1
131,348,1033,131,348,1033,131,348,1033,-1
348,134,976,348,134,976,348,134,976,1
134,447,1031,134,447,1031,134,447,1031,-1
447,129,965,447,129,965,447,129,965,1
129,123,1020,129,123,1020,129,123,1020,-1
123,350,1037,123,350,1037,123,350,1037,1
350,128,963,350,128,963,350,128,963,-1
128,123,1034,128,123,1034,128,123,1034,1
123,128,1040,123,128,1040,123,128,1040,-1
128,220,993,128,220,993,128,220,993,1
220,183,962,220,183,962,220,183,962,-1
183,199,1090,183,199,1090,183,199,1090,1
199,223,990,199,223,990,199,223,990,-1
223,134,964,223,134,964,223,134,964,1
134,121,1050,134,121,1050,134,121,1050,-1
121,158,1048,121,158,1048,121,158,1048,1
158,204,997,158,204,997,158,204,997,-1
204,174,960,204,174,960,204,174,960,1
174,406,1106,174,406,1106,174,406,1106,-1
406,182,958,406,182,958,406,182,958,1
182,209,1085,182,209,1085,182,209,1085,-1
209,212,981,209,212,981,209,212,981,1
212,179,947,212,179,947,212,179,947,-1
179,170,1077,179,170,1077,179,170,1077,1
170,228,974,170,228,974,170,228,974,-1
228,180,938,228,180,938,228,180,938,1
180,195,1075,180,195,1075,180,195,1075,-1
195,233,972,195,233,972,195,233,972,1
233,175,948,233,175,948,233,175,948,-1
175,200,1078,175,200,1078,175,200,1078,1
200,197,972,200,197,972,200,197,972,-1
197,133,923,197,133,923,197,133,923,1
133,275,1004,133,275,1004,133,275,1004,-1
275,178,968,275,178,968,275,178,968,1
178,125,938,178,125,938,178,125,938,-1
125,249,1021,125,249,1021,125,249,1021,1
249,200,973,249,200,973,249,200,973,-1
200,180,946,200,180,946,200,180,946,1
180,173,1071,180,173,1071,180,173,1071,-1
173,230,974,173,230,974,173,230,974,1
230,130,948,230,130,948,230,130,948,-1
130,124,1020,130,124,1020,130,124,1020,1
124,345,1005,124,345,1005,124,345,1005,-1
345,184,940,345,184,940,345,184,940,1
184,248,1055,184,248,1055,184,248,1055,-1
248,174,979,248,174,979,248,174,979,1
174,181,944,174,181,944,174,181,944,-1
181,161,1073,181,161,1073,181,161,1073,1
161,259,954,161,259,954,161,259,954,-1
259,180,934,259,180,934,259,180,934,1
180,148,1060,180,148,1060,180,148,1060,-1
148,127,958,148,127,958,148,127,958,1
127,135,971,127,135,971,127,135,971,-1
135,180,927,135,180,927,135,180,927,1
180,153,1065,180,153,1065,180,153,1065,-1
153,258,951,153,258,951,153,258,951,1
258,184,929,258,184,929,258,184,929,-1
184,192,1058,184,192,1058,184,192,1058,1
192,211,952,192,211,952,192,211,952,-1
211,175,920,211,175,920,211,175,920,1
175,239,1051,175,239,1051,175,239,1051,-1
239,158,957,239,158,957,239,158,957,1
158,181,938,158,181,938,158,181,938,-1
181,172,1063,181,172,1063,181,172,1063,1
172,221,945,172,221,945,172,221,945,-1
221,139,921,221,139,921,221,139,921,1
139,265,1010,139,265,1010,139,265,1010,-1
265,210,959,265,210,959,265,210,959,1
210,127,952,210,127,952,210,127,952,-1
127,126,1005,127,126,1005,127,126,1005,1
126,336,1014,126,336,1014,126,336,1014,-1
336,136,932,336,136,932,336,136,932,1
136,177,1004,136,177,1004,136,177,1004,-1
177,167,923,177,167,923,177,167,923,1
167,137,1078,167,137,1078,167,137,1078,-1
137,161,925,137,161,925,137,161,925,1
161,158,1074,161,158,1074,161,158,1074,-1
158,170,914,158,170,914,158,170,914,1
170,187,1071,170,187,1071,170,187,1071,-1
187,177,913,187,177,913,187,177,913,1
177,162,1074,177,162,1074,177,162,1074,-1
162,353,931,162,353,931,162,353,931,1
353,187,910,353,187,910,353,187,910,-1
187,186,1047,187,186,1047,187,186,1047,1
186,132,932,186,132,932,186,132,932,-1
132,224,1034,132,224,1034,132,224,1034,1
224,178,940,224,178,940,224,178,940,-1
178,158,1070,178,158,1070,178,158,1070,1
158,136,917,158,136,917,158,136,917,-1
136,235,1031,136,235,1031,136,235,1031,1
235,127,923,235,127,923,235,127,923,-1
127,211,1021,127,211,1021,127,211,1021,1
211,179,931,211,179,931,211,179,931,-1
179,143,1053,179,143,1053,179,143,1053,1
143,169,918,143,169,918,143,169,918,-1
169,160,1045,169,160,1045,169,160,1045,1
160,186,914,160,186,914,160,186,914,-1
186,141,1053,186,141,1053,186,141,1053,1
141,184,926,141,184,926,141,184,926,-1
184,124,1039,184,124,1039,184,124,1039,1
124,124,915,124,124,915,124,124,915,-1
124,214,1011,124,214,1011,124,214,1011,1
214,182,915,214,182,915,214,182,915,-1
182,142,1042,182,142,1042,182,142,1042,1
142,176,929,142,176,929,142,176,929,-1
176,125,1050,176,125,1050,176,125,1050,1
125,330,910,125,330,910,125,330,910,-1
330,126,914,330,126,914,330,126,914,1
126,220,1015,126,220,1015,126,220,1015,-1
220,182,928,220,182,928,220,182,928,1
182,131,1050,182,131,1050,182,131,1050,-1
131,180,937,131,180,937,131,180,937,1
180,160,1040,180,160,1040,180,160,1040,-1
160,135,918,160,135,918,160,135,918,1
135,209,1028,135,209,1028,135,209,1028,-1
209,181,933,209,181,933,209,181,933,1
181,132,1047,181,132,1047,181,132,1047,-1
132,181,928,132,181,928,132,181,928,1
181,159,1031,181,159,1031,181,159,1031,-1
159,123,921,159,123,921,159,123,921,1
123,222,1014,123,222,1014,123,222,1014,-1
222,182,926,222,182,926,222,182,926,1
182,136,1040,182,136,1040,182,136,1040,-1
136,186,939,136,186,939,136,186,939,1
186,147,1038,186,147,1038,186,147,1038,-1
147,351,917,147,351,917,147,351,917,1
351,185,920,351,185,920,351,185,920,-1
185,158,1030,185,158,1030,185,158,1030,1
158,178,936,158,178,936,158,178,936,-1
178,153,1035,178,153,1035,178,153,1035,1
153,197,910,153,197,910,153,197,910,-1
197,189,1018,197,189,1018,197,189,1018,1
189,182,927,189,182,927,189,182,927,-1
182,181,1045,182,181,1045,182,181,1045,1
181,125,929,181,125,929,181,125,929,-1
125,227,1016,125,227,1016,125,227,1016,1
227,154,917,227,154,917,227,154,917,-1
154,216,1039,154,216,1039,154,216,1039,1
216,362,912,216,362,912,216,362,912,-1
362,200,908,362,200,908,362,200,908,1
200,167,994,200,167,994,200,167,994,-1
167,155,907,167,155,907,167,155,907,1
155,222,1026,155,222,1026,155,222,1026,-1
222,365,919,222,365,919,222,365,919,1
365,344,924,365,344,924,365,344,924,-1
344,143,903,344,143,903,344,143,903,1
143,196,1031,143,196,1031,143,196,1031,-1
196,150,914,196,150,914,196,150,914,-1
150,198,1057,150,198,1057,150,198,1057,1
198,159,930,198,159,930,198,159,930,-1
159,178,1047,159,178,1047,159,178,1047,-1
178,148,911,178,148,911,178,148,911,-1
148,211,1054,148,211,1054,148,211,1054,-1
211,160,913,211,160,913,211,160,913,-1
160,210,1073,160,210,1073,160,210,1073,-1
210,151,933,210,151,933,210,151,933,-1
151,193,1058,151,193,1058,151,193,1058,-1
193,153,917,193,153,917,193,153,917,-1
153,217,1055,153,217,1055,153,217,1055,-1
217,158,926,217,158,926,217,158,926,-1
158,215,1055,158,215,1055,158,215,1055,-1
215,154,930,215,154,930,215,154,930,-1
154,207,1042,154,207,1042,154,207,1042,-1
207,145,903,207,145,903,207,145,903,-1
145,218,1048,145,218,1048,145,218,1048,-1
218,163,905,218,163,905,218,163,905,-1
163,198,1045,163,198,1045,163,198,1045,-1
198,143,914,198,143,914,198,143,914,-1
143,191,1033,143,191,1033,143,191,1033,-1
191,155,894,191,155,894,191,155,894,-1
155,199,1033,155,199,1033,155,199,1033,-1
199,160,892,199,160,892,199,160,892,-1
160,194,1034,160,194,1034,160,194,1034,-1
194,152,921,194,152,921,194,152,921,-1
152,176,1040,152,176,1040,152,176,1040,-1
176,150,905,176,150,905,176,150,905,-1
150,204,1027,150,204,1027,150,204,1027,-1
204,156,896,204,156,896,204,156,896,-1
156,193,1038,156,193,1038,156,193,1038,-1
193,145,910,193,145,910,193,145,910,-1
145,177,1044,145,177,1044,145,177,1044,-1
177,153,914,177,153,914,177,153,914,-1
153,201,1022,153,201,1022,153,201,1022,-1
201,154,898,201,154,898,201,154,898,-1
154,205,1044,154,205,1044,154,205,1044,-1
205,153,914,205,153,914,205,153,914,-1
153,170,1055,153,170,1055,153,170,1055,-1
170,150,913,170,150,913,170,150,913,-1
150,208,1035,150,208,1035,150,208,1035,-1
208,150,906,208,150,906,208,150,906,-1
150,188,1039,150,188,1039,150,188,1039,-1
188,147,926,188,147,926,188,147,926,-1
147,171,1045,147,171,1045,147,171,1045,-1
171,147,910,171,147,910,171,147,910,-1
147,199,1039,147,199,1039,147,199,1039,-1
199,152,912,199,152,912,199,152,912,-1
152,183,1055,152,183,1055,152,183,1055,-1
183,150,918,183,150,918,183,150,918,-1
150,163,1066,150,163,1066,150,163,1066,-1
163,151,923,163,151,923,163,151,923,-1
151,204,1054,151,204,1054,151,204,1054,-1
204,147,930,204,147,930,204,147,930,-1
147,202,1080,147,202,1080,147,202,1080,-1
202,146,937,202,146,937,202,146,937,-1
146,182,1081,146,182,1081,146,182,1081,-1
182,147,930,182,147,930,182,147,930,-1
147,186,1050,147,186,1050,147,186,1050,-1
186,154,916,186,154,916,186,154,916,-1
154,195,1059,154,195,1059,154,195,1059,-1
195,150,915,195,150,915,195,150,915,-1
150,186,1062,150,186,1062,150,186,1062,-1
186,156,931,186,156,931,186,156,931,-1
156,170,1060,156,170,1060,156,170,1060,-1
170,145,916,170,145,916,170,145,916,-1
145,189,1049,145,189,1049,145,189,1049,-1
189,146,917,189,146,917,189,146,917,-1
146,171,1057,146,171,1057,146,171,1057,-1
171,146,911,171,146,911,171,146,911,-1
146,160,1042,146,160,1042,146,160,1042,-1
160,147,911,160,147,911,160,147,911,-1
147,180,1043,147,180,1043,147,180,1043,-1
180,149,910,180,149,910,180,149,910,-1
149,181,1051,149,181,1051,149,181,1051,-1
181,148,928,181,148,928,181,148,928,-1
148,185,1082,148,185,1082,148,185,1082,-1
185,148,925,185,148,925,185,148,925,-1
148,174,1062,148,174,1062,148,174,1062,-1
174,141,927,174,141,927,174,141,927,-1
141,226,1066,141,226,1066,141,226,1066,-1
226,146,923,226,146,923,226,146,923,-1
146,205,1075,146,205,1075,146,205,1075,-1
205,155,938,205,155,938,205,155,938,-1
155,176,1069,155,176,1069,155,176,1069,-1
176,146,926,176,146,926,176,146,926,-1
146,232,1063,146,232,1063,146,232,1063,-1
232,155,934,232,155,934,232,155,934,-1
155,231,1076,155,231,1076,155,231,1076,-1
231,151,933,231,151,933,231,151,933,-1
151,182,1075,151,182,1075,151,182,1075,-1
182,142,935,182,142,935,182,142,935,-1
142,211,1066,142,211,1066,142,211,1066,-1
211,151,931,211,151,931,211,151,931,-1
151,207,1072,151,207,1072,151,207,1072,-1
207,146,936,207,146,936,207,146,936,-1
146,180,1063,146,180,1063,146,180,1063,-1
180,141,937,180,141,937,180,141,937,-1
141,210,1070,141,210,1070,141,210,1070,-1
210,158,932,210,158,932,210,158,932,-1
158,204,1064,158,204,1064,158,204,1064,-1
204,141,920,204,141,920,204,141,920,-1
141,178,1053,141,178,1053,141,178,1053,-1
178,152,923,178,152,923,178,152,923,-1
152,194,1038,152,194,1038,152,194,1038,-1
194,152,906,194,152,906,194,152,906,-1
152,202,1050,152,202,1050,152,202,1050,-1
202,146,919,202,146,919,202,146,919,-1
146,169,1060,146,169,1060,146,169,1060,-1
169,144,915,169,144,915,169,144,915,-1
144,201,1056,144,201,1056,144,201,1056,-1
201,156,912,201,156,912,201,156,912,-1
156,190,1049,156,190,1049,156,190,1049,-1
190,139,914,190,139,914,190,139,914,-1
139,168,1050,139,168,1050,139,168,1050,-1
168,143,910,168,143,910,168,143,910,-1
143,192,1041,143,192,1041,143,192,1041,-1
192,145,902,192,145,902,192,145,902,-1
145,204,1050,145,204,1050,145,204,1050,-1
204,144,908,204,144,908,204,144,908,-1
144,178,1050,144,178,1050,144,178,1050,-1
178,144,926,178,144,926,178,144,926,-1
144,175,1057,144,175,1057,144,175,1057,-1
175,149,915,175,149,915,175,149,915,-1
149,180,1055,149,180,1055,149,180,1055,-1
180,136,915,180,136,915,180,136,915,-1
136,183,1060,136,183,1060,136,183,1060,-1
183,150,926,183,150,926,183,150,926,-1
150,162,1052,150,162,1052,150,162,1052,-1
162,147,914,162,147,914,162,147,914,-1
147,189,1042,147,189,1042,147,189,1042,-1
189,142,908,189,142,908,189,142,908,-1
142,191,1063,142,191,1063,142,191,1063,-1
191,142,928,191,142,928,191,142,928,-1
142,192,1065,142,192,1065,142,192,1065,-1
192,153,932,192,153,932,192,153,932,-1
153,171,1050,153,171,1050,153,171,1050,-1
171,140,914,171,140,914,171,140,914,-1
140,227,1059,140,227,1059,140,227,1059,-1
227,149,917,227,149,917,227,149,917,-1
149,204,1062,149,204,1062,149,204,1062,-1
204,145,930,204,145,930,204,145,930,-1
145,185,1060,145,185,1060,145,185,1060,-1
185,141,923,185,141,923,185,141,923,-1
141,212,1052,141,212,1052,141,212,1052,-1
212,147,917,212,147,917,212,147,917,-1
147,212,1052,147,212,1052,147,212,1052,-1
212,144,907,212,144,907,212,144,907,-1
144,186,1041,144,186,1041,144,186,1041,-1
186,141,905,186,141,905,186,141,905,-1
141,210,1037,141,210,1037,141,210,1037,-1
210,140,901,210,140,901,210,140,901,-1
140,215,1059,140,215,1059,140,215,1059,-1
215,155,920,215,155,920,215,155,920,-1
155,178,1035,155,178,1035,155,178,1035,-1
178,145,903,178,145,903,178,145,903,-1
145,215,1027,145,215,1027,145,215,1027,-1
215,148,903,215,148,903,215,148,903,-1
148,210,1037,148,210,1037,148,210,1037,-1
210,147,903,210,147,903,210,147,903,-1
147,177,1036,147,177,1036,147,177,1036,-1
177,347,898,177,347,898,177,347,898,-1
347,140,904,347,140,904,347,140,904,-1
140,201,1047,140,201,1047,140,201,1047,-1
201,125,910,201,125,910,201,125,910,-1
125,196,1038,125,196,1038,125,196,1038,-1
196,139,920,196,139,920,196,139,920,-1
139,185,1049,139,185,1049,139,185,1049,-1
185,148,916,185,148,916,185,148,916,-1
148,200,1059,148,200,1059,148,200,1059,-1
200,148,931,200,148,931,200,148,931,-1
148,182,1060,148,182,1060,148,182,1060,-1
182,144,936,182,144,936,182,144,936,-1
144,177,1064,144,177,1064,144,177,1064,-1
177,135,925,177,135,925,177,135,925,-1
135,210,1059,135,210,1059,135,210,1059,-1
210,151,934,210,151,934,210,151,934,-1
151,196,1062,151,196,1062,151,196,1062,-1
196,142,931,196,142,931,196,142,931,-1
142,174,1064,142,174,1064,142,174,1064,-1
174,146,922,174,146,922,174,146,922,-1
146,204,1055,146,204,1055,146,204,1055,-1
204,146,923,204,146,923,204,146,923,-1
146,191,1057,146,191,1057,146,191,1057,-1
191,147,927,191,147,927,191,147,927,-1
147,177,1043,147,177,1043,147,177,1043,-1
177,136,918,177,136,918,177,136,918,-1
136,199,1037,136,199,1037,136,199,1037,-1
199,148,908,199,148,908,199,148,908,-1
148,193,1045,148,193,1045,148,193,1045,-1
193,143,915,193,143,915,193,143,915,-1
143,170,1056,143,170,1056,143,170,1056,-1
170,145,923,170,145,923,170,145,923,-1
145,197,1035,145,197,1035,145,197,1035,-1
197,144,913,197,144,913,197,144,913,-1
144,194,1043,144,194,1043,144,194,1043,-1
194,145,919,194,145,919,194,145,919,-1
145,177,1041,145,177,1041,145,177,1041,-1
177,139,917,177,139,917,177,139,917,-1
139,197,1033,139,197,1033,139,197,1033,-1
197,148,921,197,148,921,197,148,921,-1
148,204,1061,148,204,1061,148,204,1061,-1
204,142,931,204,142,931,204,142,931,-1
142,175,1057,142,175,1057,142,175,1057,-1
175,148,920,175,148,920,175,148,920,-1
148,179,1041,148,179,1041,148,179,1041,-1
179,143,913,179,143,913,179,143,913,-1
143,194,1036,143,194,1036,143,194,1036,-1
194,144,935,194,144,935,194,144,935,-1
144,200,1060,144,200,1060,144,200,1060,-1
200,140,936,200,140,936,200,140,936,-1
140,182,1073,140,182,1073,140,182,1073,-1
182,148,939,182,148,939,182,148,939,-1
148,215,1071,148,215,1071,148,215,1071,-1
215,140,947,215,140,947,215,140,947,-1
140,210,1087,140,210,1087,140,210,1087,-1
210,149,964,210,149,964,210,149,964,-1
149,187,1084,149,187,1084,149,187,1084,-1
187,146,954,187,146,954,187,146,954,-1
146,192,1073,146,192,1073,146,192,1073,-1
192,144,959,192,144,959,192,144,959,-1
144,206,1092,144,206,1092,144,206,1092,-1
206,146,979,206,146,979,206,146,979,-1
146,185,1101,146,185,1101,146,185,1101,-1
185,146,976,185,146,976,185,146,976,-1
146,196,1094,146,196,1094,146,196,1094,-1
196,142,969,196,142,969,196,142,969,-1
142,200,1089,142,200,1089,142,200,1089,-1
200,149,969,200,149,969,200,149,969,-1
149,181,1096,149,181,1096,149,181,1096,-1
181,145,950,181,145,950,181,145,950,-1
145,196,1086,145,196,1086,145,196,1086,-1
196,146,942,196,146,942,196,146,942,-1
146,184,1073,146,184,1073,146,184,1073,-1
184,146,949,184,146,949,184,146,949,-1
146,128,1073,146,128,1073,146,128,1073,-1
128,225,1006,128,225,1006,128,225,1006,-1
225,144,983,225,144,983,225,144,983,-1
144,151,951,144,151,951,144,151,951,-1
151,167,1058,151,167,1058,151,167,1058,-1
167,147,942,167,147,942,167,147,942,-1
147,172,1061,147,172,1061,147,172,1061,-1
172,145,920,172,145,920,172,145,920,-1
145,184,1049,145,184,1049,145,184,1049,-1
184,144,917,184,144,917,184,144,917,-1
144,195,1052,144,195,1052,144,195,1052,-1
195,145,929,195,145,929,195,145,929,-1
145,182,1058,145,182,1058,145,182,1058,-1
182,148,924,182,148,924,182,148,924,-1
148,211,1042,148,211,1042,148,211,1042,-1
211,140,925,211,140,925,211,140,925,-1
140,217,1064,140,217,1064,140,217,1064,-1
217,155,935,217,155,935,217,155,935,-1
155,186,1053,155,186,1053,155,186,1053,-1
186,141,929,186,141,929,186,141,929,-1
141,205,1060,141,205,1060,141,205,1060,-1
205,152,936,205,152,936,205,152,936,-1
152,202,1057,152,202,1057,152,202,1057,-1
202,149,939,202,149,939,202,149,939,-1
149,195,1066,149,195,1066,149,195,1066,-1
195,139,939,195,139,939,195,139,939,-1
139,200,1065,139,200,1065,139,200,1065,-1
200,146,949,200,146,949,200,146,949,-1
146,206,1078,146,206,1078,146,206,1078,-1
206,145,946,206,145,946,206,145,946,-1
145,192,1091,145,192,1091,145,192,1091,-1
192,139,947,192,139,947,192,139,947,-1
139,183,1064,139,183,1064,139,183,1064,-1
183,145,941,183,145,941,183,145,941,-1
145,198,1087,145,198,1087,145,198,1087,-1
198,149,940,198,149,940,198,149,940,-1
149,182,1065,149,182,1065,149,182,1065,-1
182,142,952,182,142,952,182,142,952,-1
142,171,1077,142,171,1077,142,171,1077,-1
171,136,943,171,136,943,171,136,943,-1
136,216,1057,136,216,1057,136,216,1057,-1
216,149,918,216,149,918,216,149,918,-1
149,193,1059,149,193,1059,149,193,1059,-1
193,135,925,193,135,925,193,135,925,-1
135,173,1070,135,173,1070,135,173,1070,-1
173,146,920,173,146,920,173,146,920,-1
146,200,1036,146,200,1036,146,200,1036,-1
200,143,909,200,143,909,200,143,909,-1
143,210,1058,143,210,1058,143,210,1058,-1
210,145,919,210,145,919,210,145,919,-1
145,189,1050,145,189,1050,145,189,1050,1
189,147,916,189,147,916,189,147,916,-1
147,196,1033,147,196,1033,147,196,1033,1
196,140,905,196,140,905,196,140,905,-1
140,211,1052,140,211,1052,140,211,1052,1
211,139,916,211,139,916,211,139,916,-1
139,202,1075,139,202,1075,139,202,1075,1
202,142,921,202,142,921,202,142,921,-1
142,199,1057,142,199,1057,142,199,1057,1
199,148,931,199,148,931,199,148,931,-1
148,217,1061,148,217,1061,148,217,1061,1
217,141,934,217,141,934,217,141,934,-1
141,214,1073,141,214,1073,141,214,1073,1
214,152,942,214,152,942,214,152,942,-1
152,195,1064,152,195,1064,152,195,1064,1
195,143,944,195,143,944,195,143,944,-1
143,214,1081,143,214,1081,143,214,1081,1
214,142,940,214,142,940,214,142,940,-1
142,202,1079,142,202,1079,142,202,1079,1
202,148,947,202,148,947,202,148,947,-1
148,190,1078,148,190,1078,148,190,1078,1
190,145,925,190,145,925,190,145,925,-1
145,197,1067,145,197,1067,145,197,1067,1
197,140,941,197,140,941,197,140,941,-1
140,195,1081,140,195,1081,140,195,1081,1
195,147,950,195,147,950,195,147,950,-1
147,171,1094,147,171,1094,147,171,1094,1
171,147,944,171,147,944,171,147,944,-1
147,181,1077,147,181,1077,147,181,1077,1
181,144,950,181,144,950,181,144,950,-1
144,184,1077,144,184,1077,144,184,1077,1
184,143,948,184,143,948,184,143,948,-1
143,173,1083,143,173,1083,143,173,1083,1
173,147,936,173,147,936,173,147,936,-1
147,181,1066,147,181,1066,147,181,1066,1
181,137,926,181,137,926,181,137,926,-1
137,185,1073,137,185,1073,137,185,1073,1
185,148,922,185,148,922,185,148,922,-1
148,169,1063,148,169,1063,148,169,1063,1
169,142,932,169,142,932,169,142,932,-1
142,186,1058,142,186,1058,142,186,1058,1
186,141,924,186,141,924,186,141,924,-1
141,198,1065,141,198,1065,141,198,1065,1
198,138,919,198,138,919,198,138,919,-1
138,184,1063,138,184,1063,138,184,1063,1
184,148,910,184,148,910,184,148,910,-1
148,223,1043,148,223,1043,148,223,1043,1
223,140,912,223,140,912,223,140,912,-1
140,214,1063,140,214,1063,140,214,1063,1
214,147,914,214,147,914,214,147,914,-1
147,200,1065,147,200,1065,147,200,1065,1
200,145,919,200,145,919,200,145,919,-1
145,204,1042,145,204,1042,145,204,1042,1
204,145,909,204,145,909,204,145,909,-1
145,206,1043,145,206,1043,145,206,1043,1
206,150,922,206,150,922,206,150,922,-1
150,180,1053,150,180,1053,150,180,1053,1
180,139,919,180,139,919,180,139,919,-1
139,210,1061,139,210,1061,139,210,1061,1
210,137,923,210,137,923,210,137,923,-1
137,186,1078,137,186,1078,137,186,1078,1
186,151,929,186,151,929,186,151,929,-1
151,167,1065,151,167,1065,151,167,1065,1
167,142,929,167,142,929,167,142,929,-1
142,183,1066,142,183,1066,142,183,1066,1
183,140,936,183,140,936,183,140,936,-1
140,197,1068,140,197,1068,140,197,1068,1
197,144,930,197,144,930,197,144,930,-1
144,175,1080,144,175,1080,144,175,1080,1
175,144,929,175,144,929,175,144,929,-1
144,220,1061,144,220,1061,144,220,1061,1
220,140,928,220,140,928,220,140,928,-1
140,223,1067,140,223,1067,140,223,1067,1
223,152,916,223,152,916,223,152,916,-1
152,200,1067,152,200,1067,152,200,1067,1
200,140,924,200,140,924,200,140,924,-1
140,218,1062,140,218,1062,140,218,1062,1
218,149,920,218,149,920,218,149,920,-1
149,221,1059,149,221,1059,149,221,1059,1
221,143,911,221,143,911,221,143,911,-1
143,217,1070,143,217,1070,143,217,1070,1
217,142,928,217,142,928,217,142,928,-1
142,188,1064,142,188,1064,142,188,1064,1
188,145,925,188,145,925,188,145,925,-1
145,203,1043,145,203,1043,145,203,1043,1
203,136,907,203,136,907,203,136,907,-1
136,223,1072,136,223,1072,136,223,1072,1
223,138,922,223,138,922,223,138,922,-1
138,194,1068,138,194,1068,138,194,1068,1
194,140,931,194,140,931,194,140,931,-1
140,203,1058,140,203,1058,140,203,1058,1
203,144,908,203,144,908,203,144,908,-1
144,204,1059,144,204,1059,144,204,1059,1
204,144,918,204,144,918,204,144,918,-1
144,187,1066,144,187,1066,144,187,1066,1
187,148,922,187,148,922,187,148,922,-1
148,189,1044,148,189,1044,148,189,1044,1
189,138,911,189,138,911,189,138,911,-1
138,197,1068,138,197,1068,138,197,1068,1
197,140,924,197,140,924,197,140,924,-1
140,192,1082,140,192,1082,140,192,1082,1
192,141,935,192,141,935,192,141,935,-1
141,186,1062,141,186,1062,141,186,1062,1
186,149,921,186,149,921,186,149,921,-1
149,213,1069,149,213,1069,149,213,1069,1
213,143,922,213,143,922,213,143,922,-1
143,209,1076,143,209,1076,143,209,1076,1
209,148,940,209,148,940,209,148,940,-1
148,193,1073,148,193,1073,148,193,1073,1
193,143,938,193,143,938,193,143,938,-1
143,206,1076,143,206,1076,143,206,1076,1
206,141,929,206,141,929,206,141,929,-1
141,209,1087,141,209,1087,141,209,1087,1
209,142,944,209,142,944,209,142,944,-1
142,192,1083,142,192,1083,142,192,1083,1
192,143,929,192,143,929,192,143,929,-1
143,207,1069,143,207,1069,143,207,1069,1
207,138,931,207,138,931,207,138,931,-1
138,204,1074,138,204,1074,138,204,1074,1
204,155,929,204,155,929,204,155,929,-1
155,175,1048,155,175,1048,155,175,1048,1
175,143,921,175,143,921,175,143,921,-1
143,182,1047,143,182,1047,143,182,1047,1
182,140,912,182,140,912,182,140,912,-1
140,199,1059,140,199,1059,140,199,1059,1
199,147,912,199,147,912,199,147,912,-1
147,177,1053,147,177,1053,147,177,1053,-1
177,140,903,177,140,903,177,140,903,1
140,194,1049,140,194,1049,140,194,1049,-1
194,138,906,194,138,906,194,138,906,-1
138,199,1060,138,199,1060,138,199,1060,-1
199,149,906,199,149,906,199,149,906,-1
149,175,1072,149,175,1072,149,175,1072,-1
175,141,929,175,141,929,175,141,929,-1
141,218,1070,141,218,1070,141,218,1070,-1
218,256,974,218,256,974,218,256,974,-1
256,127,975,256,127,975,256,127,975,-1
127,139,1043,127,139,1043,127,139,1043,-1
139,211,1038,139,211,1038,139,211,1038,-1
211,140,1003,211,140,1003,211,140,1003,-1
140,123,965,140,123,965,140,123,965,-1
123,143,1033,123,143,1033,123,143,1033,-1
143,200,1039,143,200,1039,143,200,1039,-1
200,170,1017,200,170,1017,200,170,1017,-1
170,149,981,170,149,981,170,149,981,-1
149,299,1075,149,299,1075,149,299,1075,-1
299,166,1016,299,166,1016,299,166,1016,-1
166,150,978,166,150,978,166,150,978,-1
150,126,1072,150,126,1072,150,126,1072,-1
126,134,1056,126,134,1056,126,134,1056,-1
134,224,1014,134,224,1014,134,224,1014,-1
224,154,986,224,154,986,224,154,986,-1
154,163,1088,154,163,1088,154,163,1088,-1
163,126,1014,163,126,1014,163,126,1014,-1
126,161,1030,126,161,1030,126,161,1030,-1
161,155,979,161,155,979,161,155,979,-1
155,207,1091,155,207,1091,155,207,1091,-1
207,231,1023,207,231,1023,207,231,1023,-1
231,148,994,231,148,994,231,148,994,-1
148,208,1133,148,208,1133,148,208,1133,-1
208,219,1013,208,219,1013,208,219,1013,-1
219,157,970,219,157,970,219,157,970,-1
157,170,1113,157,170,1113,157,170,1113,-1
170,247,1016,170,247,1016,170,247,1016,-1
247,158,976,247,158,976,247,158,976,-1
158,237,1093,158,237,1093,158,237,1093,-1
237,192,1012,237,192,1012,237,192,1012,-1
192,142,972,192,142,972,192,142,972,-1
142,261,1122,142,261,1122,142,261,1122,-1
261,166,1012,261,166,1012,261,166,1012,-1
166,157,958,166,157,958,166,157,958,-1
157,248,1095,157,248,1095,157,248,1095,-1
248,198,990,248,198,990,248,198,990,-1
198,147,959,198,147,959,198,147,959,-1
147,194,1104,147,194,1104,147,194,1104,-1
194,246,986,194,246,986,194,246,986,-1
246,155,960,246,155,960,246,155,960,-1
155,242,1091,155,242,1091,155,242,1091,-1
242,185,1008,242,185,1008,242,185,1008,-1
185,155,975,185,155,975,185,155,975,-1
155,182,1122,155,182,1122,155,182,1122,-1
182,246,996,182,246,996,182,246,996,-1
246,155,963,246,155,963,246,155,963,-1
155,300,1098,155,300,1098,155,300,1098,-1
300,125,1015,300,125,1015,300,125,1015,-1
125,163,970,125,163,970,125,163,970,-1
163,258,1100,163,258,1100,163,258,1100,-1
258,175,1002,258,175,1002,258,175,1002,-1
175,156,966,175,156,966,175,156,966,-1
156,308,1107,156,308,1107,156,308,1107,-1
308,138,1005,308,138,1005,308,138,1005,-1
138,159,963,138,159,963,138,159,963,-1
159,195,1113,159,195,1113,159,195,1113,-1
195,234,985,195,234,985,195,234,985,-1
234,156,952,234,156,952,234,156,952,-1
156,199,1105,156,199,1105,156,199,1105,-1
199,235,987,199,235,987,199,235,987,-1
235,157,943,235,157,943,235,157,943,-1
157,171,1102,157,171,1102,157,171,1102,-1
171,245,974,171,245,974,171,245,974,-1
245,156,937,245,156,937,245,156,937,-1
156,187,1089,156,187,1089,156,187,1089,-1
187,228,969,187,228,969,187,228,969,-1
228,159,933,228,159,933,228,159,933,-1
159,225,1079,159,225,1079,159,225,1079,-1
225,193,969,225,193,969,225,193,969,-1
193,164,931,193,164,931,193,164,931,-1
164,216,1092,164,216,1092,164,216,1092,-1
216,192,965,216,192,965,216,192,965,-1
192,155,919,192,155,919,192,155,919,-1
155,246,1070,155,246,1070,155,246,1070,-1
246,202,958,246,202,958,246,202,958,-1
202,164,926,202,164,926,202,164,926,-1
164,167,1087,164,167,1087,164,167,1087,-1
167,257,959,167,257,959,167,257,959,-1
257,164,917,257,164,917,257,164,917,-1
164,200,1063,164,200,1063,164,200,1063,-1
200,273,950,200,273,950,200,273,950,-1
273,160,944,273,160,944,273,160,944,-1
160,201,1047,160,201,1047,160,201,1047,-1
201,249,960,201,249,960,201,249,960,-1
249,165,928,249,165,928,249,165,928,-1
165,192,1052,165,192,1052,165,192,1052,-1
192,253,967,192,253,967,192,253,967,-1
253,155,952,253,155,952,253,155,952,-1
155,199,1064,155,199,1064,155,199,1064,-1
199,245,969,199,245,969,199,245,969,-1
245,159,955,245,159,955,245,159,955,-1
159,167,1070,159,167,1070,159,167,1070,-1
167,253,973,167,253,973,167,253,973,-1
253,157,941,253,157,941,253,157,941,-1
157,183,1059,157,183,1059,157,183,1059,-1
183,261,957,183,261,957,183,261,957,-1
261,162,940,261,162,940,261,162,940,-1
162,190,1053,162,190,1053,162,190,1053,-1
190,228,954,190,228,954,190,228,954,-1
228,172,912,228,172,912,228,172,912,-1
172,249,1030,172,249,1030,172,249,1030,-1
249,167,952,249,167,952,249,167,952,-1
167,162,919,167,162,919,167,162,919,-1
162,198,1045,162,198,1045,162,198,1045,-1
198,225,945,198,225,945,198,225,945,-1
225,167,922,225,167,922,225,167,922,-1
167,273,1046,167,273,1046,167,273,1046,-1
273,166,956,273,166,956,273,166,956,-1
166,171,924,166,171,924,166,171,924,-1
171,235,1034,171,235,1034,171,235,1034,-1
235,215,946,235,215,946,235,215,946,-1
215,162,908,215,162,908,215,162,908,-1
162,162,1019,162,162,1019,162,162,1019,-1
162,264,944,162,264,944,162,264,944,-1
264,168,915,264,168,915,264,168,915,-1
168,240,1033,168,240,1033,168,240,1033,-1
240,211,954,240,211,954,240,211,954,-1
211,164,922,211,164,922,211,164,922,-1
164,238,1049,164,238,1049,164,238,1049,-1
238,208,969,238,208,969,238,208,969,-1
208,168,938,208,168,938,208,168,938,-1
168,212,1054,168,212,1054,168,212,1054,-1
212,237,977,212,237,977,212,237,977,-1
237,163,953,237,163,953,237,163,953,-1
163,188,1080,163,188,1080,163,188,1080,-1
188,261,980,188,261,980,188,261,980,-1
261,165,953,261,165,953,261,165,953,-1
165,199,1088,165,199,1088,165,199,1088,-1
199,254,997,199,254,997,199,254,997,-1
254,170,962,254,170,962,254,170,962,-1
170,199,1090,170,199,1090,170,199,1090,-1
199,239,998,199,239,998,199,239,998,-1
239,171,975,239,171,975,239,171,975,-1
171,227,1093,171,227,1093,171,227,1093,-1
227,200,996,227,200,996,227,200,996,-1
200,165,957,200,165,957,200,165,957,-1
165,198,1080,165,198,1080,165,198,1080,-1
198,209,993,198,209,993,198,209,993,-1
209,172,970,209,172,970,209,172,970,-1
172,244,1094,172,244,1094,172,244,1094,-1
244,182,997,244,182,997,244,182,997,-1
182,169,971,182,169,971,182,169,971,-1
169,154,1072,169,154,1072,169,154,1072,-1
154,270,992,154,270,992,154,270,992,-1
270,168,970,270,168,970,270,168,970,-1
168,197,1100,168,197,1100,168,197,1100,-1
197,239,1004,197,239,1004,197,239,1004,-1
239,165,982,239,165,982,239,165,982,-1
165,268,1113,165,268,1113,165,268,1113,-1
268,174,1020,268,174,1020,268,174,1020,-1
174,169,977,174,169,977,174,169,977,-1
169,174,1094,169,174,1094,169,174,1094,-1
174,137,1000,174,137,1000,174,137,1000,-1
137,133,1018,137,133,1018,137,133,1018,-1
133,171,995,133,171,995,133,171,995,-1
171,219,1108,171,219,1108,171,219,1108,-1
219,222,1002,219,222,1002,219,222,1002,-1
222,169,966,222,169,966,222,169,966,-1
169,144,1086,169,144,1086,169,144,1086,-1
144,283,1000,144,283,1000,144,283,1000,-1
283,130,948,283,130,948,283,130,948,-1
130,126,1040,130,126,1040,130,126,1040,-1
126,180,1039,126,180,1039,126,180,1039,-1
180,158,1002,180,158,1002,180,158,1002,-1
158,168,957,158,168,957,158,168,957,-1
168,209,1093,168,209,1093,168,209,1093,-1
209,235,989,209,235,989,209,235,989,-1
235,167,962,235,167,962,235,167,962,-1
167,210,1086,167,210,1086,167,210,1086,-1
210,241,989,210,241,989,210,241,989,-1
241,183,968,241,183,968,241,183,968,-1
183,200,1087,183,200,1087,183,200,1087,-1
200,216,993,200,216,993,200,216,993,-1
216,166,960,216,166,960,216,166,960,-1
166,243,1080,166,243,1080,166,243,1080,-1
243,198,987,243,198,987,243,198,987,-1
198,180,957,198,180,957,198,180,957,-1
180,157,1074,180,157,1074,180,157,1074,-1
157,259,964,157,259,964,157,259,964,-1
259,178,935,259,178,935,259,178,935,-1
178,170,1054,178,170,1054,178,170,1054,-1
170,278,965,170,278,965,170,278,965,-1
278,168,951,278,168,951,278,168,951,-1
168,225,1059,168,225,1059,168,225,1059,-1
225,221,958,225,221,958,225,221,958,-1
221,172,926,221,172,926,221,172,926,-1
172,196,1064,172,196,1064,172,196,1064,-1
196,243,970,196,243,970,196,243,970,-1
243,171,942,243,171,942,243,171,942,-1
171,222,1069,171,222,1069,171,222,1069,-1
222,226,973,222,226,973,222,226,973,-1
226,173,960,226,173,960,226,173,960,-1
173,189,1091,173,189,1091,173,189,1091,-1
189,224,987,189,224,987,189,224,987,-1
224,124,964,224,124,964,224,124,964,1
124,136,1019,124,136,1019,124,136,1019,-1
136,180,1026,136,180,1026,136,180,1026,-1
180,164,992,180,164,992,180,164,992,-1
164,173,958,164,173,958,164,173,958,-1
173,241,1092,173,241,1092,173,241,1092,-1
241,180,993,241,180,993,241,180,993,-1
180,180,952,180,180,952,180,180,952,-1
180,246,1060,180,246,1060,180,246,1060,-1
246,172,984,246,172,984,246,172,984,-1
172,172,951,172,172,951,172,172,951,-1
172,245,1080,172,245,1080,172,245,1080,-1
245,185,973,245,185,973,245,185,973,-1
185,138,940,185,138,940,185,138,940,-1
138,223,1022,138,223,1022,138,223,1022,-1
223,231,968,223,231,968,223,231,968,-1
231,178,935,231,178,935,231,178,935,-1
178,305,1065,178,305,1065,178,305,1065,-1
305,128,976,305,128,976,305,128,976,-1
128,175,955,128,175,955,128,175,955,-1
175,160,1066,175,160,1066,175,160,1066,-1
160,263,988,160,263,988,160,263,988,-1
263,129,952,263,129,952,263,129,952,-1
129,127,1033,129,127,1033,129,127,1033,-1
127,171,1046,127,171,1046,127,171,1046,-1
171,174,1003,171,174,1003,171,174,1003,-1
174,127,974,174,127,974,174,127,974,-1
127,134,1030,127,134,1030,127,134,1030,-1
134,352,1041,134,352,1041,134,352,1041,-1
352,127,967,352,127,967,352,127,967,-1
127,128,1030,127,128,1030,127,128,1030,-1
128,157,1039,128,157,1039,128,157,1039,-1
157,186,993,157,186,993,157,186,993,-1
186,173,970,186,173,970,186,173,970,-1
173,236,1087,173,236,1087,173,236,1087,-1
236,187,1000,236,187,1000,236,187,1000,-1
187,173,955,187,173,955,187,173,955,-1
173,163,1082,173,163,1082,173,163,1082,-1
163,265,978,163,265,978,163,265,978,-1
265,173,947,265,173,947,265,173,947,-1
173,227,1089,173,227,1089,173,227,1089,-1
227,181,999,227,181,999,227,181,999,-1
181,179,961,181,179,961,181,179,961,-1
179,211,1073,179,211,1073,179,211,1073,-1
211,210,987,211,210,987,211,210,987,-1
210,140,960,210,140,960,210,140,960,-1
140,192,1038,140,192,1038,140,192,1038,-1
192,252,976,192,252,976,192,252,976,-1
252,184,940,252,184,940,252,184,940,-1
184,278,1068,184,278,1068,184,278,1068,-1
278,160,1001,278,160,1001,278,160,1001,-1
160,123,972,160,123,972,160,123,972,-1
123,122,1027,123,122,1027,123,122,1027,-1
122,153,1032,122,153,1032,122,153,1032,-1
153,200,980,153,200,980,153,200,980,-1
200,178,946,200,178,946,200,178,946,-1
178,178,1054,178,178,1054,178,178,1054,-1
178,252,969,178,252,969,178,252,969,-1
252,128,948,252,128,948,252,128,948,-1
128,138,1007,128,138,1007,128,138,1007,-1
138,186,1012,138,186,1012,138,186,1012,-1
186,175,972,186,175,972,186,175,972,-1
175,170,937,175,170,937,175,170,937,-1
170,267,1067,170,267,1067,170,267,1067,-1
267,165,979,267,165,979,267,165,979,-1
165,177,951,165,177,951,165,177,951,-1
177,234,1078,177,234,1078,177,234,1078,-1
234,213,973,234,213,973,234,213,973,-1
213,176,950,213,176,950,213,176,950,-1
176,164,1073,176,164,1073,176,164,1073,-1
164,267,971,164,267,971,164,267,971,-1
267,180,940,267,180,940,267,180,940,-1
180,225,1061,180,225,1061,180,225,1061,-1
225,207,974,225,207,974,225,207,974,-1
207,129,944,207,129,944,207,129,944,-1
129,209,1011,129,209,1011,129,209,1011,-1
209,260,974,209,260,974,209,260,974,-1
260,172,956,260,172,956,260,172,956,-1
172,187,1070,172,187,1070,172,187,1070,-1
187,223,962,187,223,962,187,223,962,-1
223,189,931,223,189,931,223,189,931,-1
189,176,1047,189,176,1047,189,176,1047,-1
176,226,962,176,226,962,176,226,962,-1
226,123,940,226,123,940,226,123,940,-1
123,135,1000,123,135,1000,123,135,1000,-1
135,146,1010,135,146,1010,135,146,1010,-1
146,197,969,146,197,969,146,197,969,-1
197,189,931,197,189,931,197,189,931,-1
189,210,1039,189,210,1039,189,210,1039,-1
210,205,959,210,205,959,210,205,959,-1
205,183,921,205,183,921,205,183,921,-1
183,247,1044,183,247,1044,183,247,1044,-1
247,198,954,247,198,954,247,198,954,-1
198,170,925,198,170,925,198,170,925,-1
170,196,1053,170,196,1053,170,196,1053,-1
196,229,943,196,229,943,196,229,943,-1
229,133,915,229,133,915,229,133,915,-1
133,136,989,133,136,989,133,136,989,-1
136,139,1001,136,139,1001,136,139,1001,-1
139,207,955,139,207,955,139,207,955,-1
207,128,933,207,128,933,207,128,933,-1
128,122,1000,128,122,1000,128,122,1000,-1
122,172,990,122,172,990,122,172,990,-1
172,179,956,172,179,956,172,179,956,-1
179,180,921,179,180,921,179,180,921,-1
180,161,1046,180,161,1046,180,161,1046,-1
161,249,930,161,249,930,161,249,930,-1
249,126,906,249,126,906,249,126,906,-1
126,289,991,126,289,991,126,289,991,-1
289,171,931,289,171,931,289,171,931,-1
171,130,894,171,130,894,171,130,894,-1
130,125,963,130,125,963,130,125,963,-1
125,348,978,125,348,978,125,348,978,-1
348,180,904,348,180,904,348,180,904,-1
180,233,1046,180,233,1046,180,233,1046,-1
233,195,930,233,195,930,233,195,930,-1
195,175,892,195,175,892,195,175,892,-1
175,254,1036,175,254,1036,175,254,1036,-1
254,173,946,254,173,946,254,173,946,-1
173,180,906,173,180,906,173,180,906,-1
180,177,1051,180,177,1051,180,177,1051,-1
177,248,930,177,248,930,177,248,930,-1
248,188,906,248,188,906,248,188,906,-1
188,177,1023,188,177,1023,188,177,1023,-1
177,241,934,177,241,934,177,241,934,-1
241,172,928,241,172,928,241,172,928,-1
172,210,1049,172,210,1049,172,210,1049,-1
210,232,941,210,232,941,210,232,941,-1
232,182,931,232,182,931,232,182,931,-1
182,234,1050,182,234,1050,182,234,1050,-1
234,172,953,234,172,953,234,172,953,-1
172,128,917,172,128,917,172,128,917,-1
128,125,1000,128,125,1000,128,125,1000,-1
125,152,1008,125,152,1008,125,152,1008,-1
152,193,959,152,193,959,152,193,959,-1
193,173,927,193,173,927,193,173,927,-1
173,210,1075,173,210,1075,173,210,1075,-1
210,191,968,210,191,968,210,191,968,-1
191,174,943,191,174,943,191,174,943,-1
174,222,1067,174,222,1067,174,222,1067,-1
222,184,972,222,184,972,222,184,972,-1
184,174,948,184,174,948,184,174,948,-1
174,255,1074,174,255,1074,174,255,1074,-1
255,161,972,255,161,972,255,161,972,-1
161,180,935,161,180,935,161,180,935,-1
180,146,1072,180,146,1072,180,146,1072,-1
146,257,975,146,257,975,146,257,975,-1
257,132,945,257,132,945,257,132,945,-1
132,121,1017,132,121,1017,132,121,1017,-1
121,131,1022,121,131,1022,121,131,1022,-1
131,218,976,131,218,976,131,218,976,-1
218,183,953,218,183,953,218,183,953,-1
183,175,1069,183,175,1069,183,175,1069,-1
175,223,968,175,223,968,175,223,968,-1
223,137,942,223,137,942,223,137,942,-1
137,127,1025,137,127,1025,137,127,1025,-1
127,345,1024,127,345,1024,127,345,1024,-1
345,171,941,345,171,941,345,171,941,1
171,222,1072,171,222,1072,171,222,1072,-1
222,183,956,222,183,956,222,183,956,-1
183,181,914,183,181,914,183,181,914,-1
181,247,1047,181,247,1047,181,247,1047,-1
247,155,951,247,155,951,247,155,951,-1
155,125,934,155,125,934,155,125,934,-1
125,310,1001,125,310,1001,125,310,1001,-1
310,155,957,310,155,957,310,155,957,-1
155,185,932,155,185,932,155,185,932,-1
185,139,1037,185,139,1037,185,139,1037,-1
139,258,959,139,258,959,139,258,959,-1
258,128,948,258,128,948,258,128,948,-1
128,128,1012,128,128,1012,128,128,1012,-1
128,171,1022,128,171,1022,128,171,1022,-1
171,181,970,171,181,970,171,181,970,-1
181,177,943,181,177,943,181,177,943,-1
177,146,1074,177,146,1074,177,146,1074,-1
146,277,967,146,277,967,146,277,967,-1
277,186,935,277,186,935,277,186,935,-1
186,173,1078,186,173,1078,186,173,1078,-1
173,272,969,173,272,969,173,272,969,-1
272,178,952,272,178,952,272,178,952,-1
178,198,1082,178,198,1082,178,198,1082,-1
198,244,969,198,244,969,198,244,969,-1
244,183,952,244,183,952,244,183,952,-1
183,210,1081,183,210,1081,183,210,1081,-1
210,233,974,210,233,974,210,233,974,-1
233,181,952,233,181,952,233,181,952,-1
181,186,1102,181,186,1102,181,186,1102,-1
186,251,968,186,251,968,186,251,968,-1
251,174,948,251,174,948,251,174,948,-1
174,222,1086,174,222,1086,174,222,1086,-1
222,193,990,222,193,990,222,193,990,-1
193,133,953,193,133,953,193,133,953,-1
133,123,1040,133,123,1040,133,123,1040,-1
123,140,1032,123,140,1032,123,140,1032,-1
140,194,979,140,194,979,140,194,979,-1
194,173,944,194,173,944,194,173,944,-1
173,174,1072,173,174,1072,173,174,1072,1
174,247,970,174,247,970,174,247,970,-1
247,135,946,247,135,946,247,135,946,-1
135,303,1025,135,303,1025,135,303,1025,-1
303,165,984,303,165,984,303,165,984,-1
165,133,946,165,133,946,165,133,946,-1
133,229,1031,133,229,1031,133,229,1031,-1
229,232,967,229,232,967,229,232,967,-1
232,138,932,232,138,932,232,138,932,-1
138,218,1020,138,218,1020,138,218,1020,-1
