206,206,969,206,206,969,206,206,969,-1
206,216,989,206,216,989,206,216,989,-1
216,144,1007,216,144,1007,216,144,1007,-1
144,184,1004,144,184,1004,144,184,1004,-1
184,207,991,184,207,991,184,207,991,-1
207,220,1026,207,220,1026,207,220,1026,-1
220,311,984,220,311,984,220,311,984,-1
311,244,992,311,244,992,311,244,992,-1
244,144,988,244,144,988,244,144,988,-1
144,261,973,144,261,973,144,261,973,-1
261,145,981,261,145,981,261,145,981,-1
145,181,976,145,181,976,145,181,976,-1
181,195,963,181,195,963,181,195,963,-1
195,136,985,195,136,985,195,136,985,-1
136,261,1008,136,261,1008,136,261,1008,-1
261,186,996,261,186,996,261,186,996,-1
186,183,970,186,183,970,186,183,970,-1
183,196,979,183,196,979,183,196,979,-1
196,353,1020,196,353,1020,196,353,1020,-1
353,179,956,353,179,956,353,179,956,-1
179,189,967,179,189,967,179,189,967,-1
189,138,993,189,138,993,189,138,993,-1
138,228,1010,138,228,1010,138,228,1010,-1
228,161,1007,228,161,1007,228,161,1007,-1
161,150,981,161,150,981,161,150,981,-1
150,154,961,150,154,961,150,154,961,-1
154,165,1002,154,165,1002,154,165,1002,-1
165,201,984,165,201,984,165,201,984,-1
201,146,1040,201,146,1040,201,146,1040,-1
146,229,995,146,229,995,146,229,995,-1
229,152,979,229,152,979,229,152,979,-1
152,122,984,152,122,984,152,122,984,-1
122,124,994,122,124,994,122,124,994,-1
124,144,974,124,144,974,124,144,974,-1
144,213,990,144,213,990,144,213,990,-1
213,143,1034,213,143,1034,213,143,1034,-1
143,122,1003,143,122,1003,143,122,1003,-1
122,129,1026,122,129,1026,122,129,1026,-1
129,260,1001,129,260,1001,129,260,1001,-1
260,261,993,260,261,993,260,261,993,-1
261,171,995,261,171,995,261,171,995,-1
171,198,955,171,198,955,171,198,955,-1
198,132,1023,198,132,1023,198,132,1023,-1
132,129,1002,132,129,1002,132,129,1002,-1
129,151,1004,129,151,1004,129,151,1004,-1
151,210,980,151,210,980,151,210,980,-1
210,196,979,210,196,979,210,196,979,-1
196,132,993,196,132,993,196,132,993,-1
132,208,1019,132,208,1019,132,208,1019,-1
208,232,976,208,232,976,208,232,976,-1
232,214,984,232,214,984,232,214,984,-1
214,164,989,214,164,989,214,164,989,-1
164,165,1008,164,165,1008,164,165,1008,-1
165,239,980,165,239,980,165,239,980,-1
239,173,980,239,173,980,239,173,980,-1
173,192,964,173,192,964,173,192,964,-1
192,136,1021,192,136,1021,192,136,1021,-1
136,148,980,136,148,980,136,148,980,-1
148,191,986,148,191,986,148,191,986,-1
191,164,979,191,164,979,191,164,979,-1
164,163,973,164,163,973,164,163,973,-1
163,129,989,163,129,989,163,129,989,-1
129,240,1031,129,240,1031,129,240,1031,-1
240,143,1029,240,143,1029,240,143,1029,-1
143,125,991,143,125,991,143,125,991,-1
125,138,1021,125,138,1021,125,138,1021,-1
138,255,990,138,255,990,138,255,990,-1
255,161,989,255,161,989,255,161,989,-1
161,219,963,161,219,963,161,219,963,-1
219,131,1010,219,131,1010,219,131,1010,-1
131,261,980,131,261,980,131,261,980,-1
261,262,1002,261,262,1002,261,262,1002,-1
262,190,994,262,190,994,262,190,994,-1
190,196,957,190,196,957,190,196,957,-1
196,146,1013,196,146,1013,196,146,1013,-1
146,261,977,146,261,977,146,261,977,-1
261,195,991,261,195,991,261,195,991,-1
195,152,964,195,152,964,195,152,964,-1
152,178,969,152,178,969,152,178,969,-1
178,194,982,178,194,982,178,194,982,-1
194,191,973,194,191,973,194,191,973,-1
191,207,983,191,207,983,191,207,983,-1
207,170,1008,207,170,1008,207,170,1008,-1
170,121,979,170,121,979,170,121,979,-1
121,239,973,121,239,973,121,239,973,-1
239,260,978,239,260,978,239,260,978,-1
260,201,992,260,201,992,260,201,992,-1
201,123,960,201,123,960,201,123,960,-1
123,128,973,123,128,973,123,128,973,-1
128,240,960,128,240,960,128,240,960,-1
240,244,991,240,244,991,240,244,991,-1
244,122,985,244,122,985,244,122,985,-1
122,138,1015,122,138,1015,122,138,1015,-1
138,262,1002,138,262,1002,138,262,1002,-1
262,124,988,262,124,988,262,124,988,-1
124,150,1017,124,150,1017,124,150,1017,-1
150,122,980,150,122,980,150,122,980,-1
122,154,984,122,154,984,122,154,984,-1
154,168,972,154,168,972,154,168,972,-1
168,130,987,168,130,987,168,130,987,-1
130,144,1026,130,144,1026,130,144,1026,-1
144,216,988,144,216,988,144,216,988,-1
216,128,993,216,128,993,216,128,993,-1
128,266,1030,128,266,1030,128,266,1030,-1
266,250,997,266,250,997,266,250,997,-1
250,265,996,250,265,996,250,265,996,-1
265,227,999,265,227,999,265,227,999,-1
227,140,1036,227,140,1036,227,140,1036,-1
140,121,1008,140,121,1008,140,121,1008,-1
121,229,1047,121,229,1047,121,229,1047,-1
229,324,987,229,324,987,229,324,987,-1
324,183,987,324,183,987,324,183,987,-1
183,220,1014,183,220,1014,183,220,1014,-1
220,183,1039,220,183,1039,220,183,1039,-1
183,132,990,183,132,990,183,132,990,-1
132,140,1002,132,140,1002,132,140,1002,-1
140,237,1010,140,237,1010,140,237,1010,-1
237,128,1008,237,128,1008,237,128,1008,-1
128,192,1003,128,192,1003,128,192,1003,-1
192,263,992,192,263,992,192,263,992,-1
263,205,982,263,205,982,263,205,982,-1
205,240,976,205,240,976,205,240,976,-1
240,265,1001,240,265,1001,240,265,1001,-1
265,124,999,265,124,999,265,124,999,-1
124,181,1023,124,181,1023,124,181,1023,-1
181,220,990,181,220,990,181,220,990,-1
220,132,983,220,132,983,220,132,983,-1
132,128,1004,132,128,1004,132,128,1004,-1
128,230,1036,128,230,1036,128,230,1036,-1
230,140,1041,230,140,1041,230,140,1041,-1
140,122,1019,140,122,1019,140,122,1019,-1
122,133,1040,122,133,1040,122,133,1040,-1
133,123,1006,133,123,1006,133,123,1006,-1
123,165,1027,123,165,1027,123,165,1027,-1
165,256,970,165,256,970,165,256,970,-1
256,168,985,256,168,985,256,168,985,-1
168,126,990,168,126,990,168,126,990,-1
126,150,1022,126,150,1022,126,150,1022,-1
150,191,984,150,191,984,150,191,984,-1
191,281,988,191,281,988,191,281,988,-1
281,124,1004,281,124,1004,281,124,1004,-1
124,155,1048,124,155,1048,124,155,1048,-1
155,199,996,155,199,996,155,199,996,-1
199,232,995,199,232,995,199,232,995,-1
232,129,1002,232,129,1002,232,129,1002,-1
129,233,1022,129,233,1022,129,233,1022,-1
233,135,1037,233,135,1037,233,135,1037,-1
135,252,995,135,252,995,135,252,995,-1
252,127,995,252,127,995,252,127,995,-1
127,135,1026,127,135,1026,127,135,1026,-1
135,124,997,135,124,997,135,124,997,-1
124,137,1023,124,137,1023,124,137,1023,-1
137,256,994,137,256,994,137,256,994,-1
256,253,988,256,253,988,256,253,988,-1
253,260,982,253,260,982,253,260,982,-1
260,263,996,260,263,996,260,263,996,-1
263,260,994,263,260,994,263,260,994,-1
260,269,987,260,269,987,260,269,987,-1
269,133,958,269,133,958,269,133,958,-1
133,234,963,133,234,963,133,234,963,-1
234,122,985,234,122,985,234,122,985,-1
122,125,1020,122,125,1020,122,125,1020,-1
125,263,986,125,263,986,125,263,986,-1
263,260,986,263,260,986,263,260,986,-1
260,124,981,260,124,981,260,124,981,-1
124,390,1025,124,390,1025,124,390,1025,-1
390,127,967,390,127,967,390,127,967,-1
127,206,1016,127,206,1016,127,206,1016,-1
206,168,986,206,168,986,206,168,986,-1
168,190,991,168,190,991,168,190,991,-1
190,160,979,190,160,979,190,160,979,-1
160,136,982,160,136,982,160,136,982,-1
136,197,981,136,197,981,136,197,981,-1
197,130,996,197,130,996,197,130,996,-1
130,241,1020,130,241,1020,130,241,1020,-1
241,144,1037,241,144,1037,241,144,1037,-1
144,259,996,144,259,996,144,259,996,-1
259,122,980,259,122,980,259,122,980,-1
122,138,1025,122,138,1025,122,138,1025,-1
138,125,997,138,125,997,138,125,997,-1
125,132,1016,125,132,1016,125,132,1016,-1
132,262,980,132,262,980,132,262,980,-1
262,180,970,262,180,970,262,180,970,-1
180,223,973,180,223,973,180,223,973,-1
223,122,1029,223,122,1029,223,122,1029,-1
122,269,989,122,269,989,122,269,989,-1
269,286,996,269,286,996,269,286,996,-1
286,222,971,286,222,971,286,222,971,-1
222,178,978,222,178,978,222,178,978,-1
178,125,988,178,125,988,178,125,988,-1
125,236,1029,125,236,1029,125,236,1029,-1
236,148,1039,236,148,1039,236,148,1039,-1
148,264,992,148,264,992,148,264,992,-1
264,128,996,264,128,996,264,128,996,-1
128,143,1020,128,143,1020,128,143,1020,-1
143,198,980,143,198,980,143,198,980,-1
198,145,980,198,145,980,198,145,980,-1
145,208,982,145,208,982,145,208,982,-1
208,230,997,208,230,997,208,230,997,-1
230,150,1031,230,150,1031,230,150,1031,-1
150,123,990,150,123,990,150,123,990,-1
123,226,1031,123,226,1031,123,226,1031,-1
226,140,973,226,140,973,226,140,973,-1
140,218,987,140,218,987,140,218,987,-1
218,127,1003,218,127,1003,218,127,1003,-1
127,239,1036,127,239,1036,127,239,1036,-1
239,143,1037,239,143,1037,239,143,1037,-1
143,124,1008,143,124,1008,143,124,1008,-1
124,135,1036,124,135,1036,124,135,1036,-1
135,126,997,135,126,997,135,126,997,-1
126,140,1024,126,140,1024,126,140,1024,-1
140,210,978,140,210,978,140,210,978,-1
210,159,995,210,159,995,210,159,995,-1
159,201,996,159,201,996,159,201,996,-1
201,230,1025,201,230,1025,201,230,1025,-1
230,141,1044,230,141,1044,230,141,1044,-1
141,121,1011,141,121,1011,141,121,1011,-1
121,216,1040,121,216,1040,121,216,1040,-1
216,152,1002,216,152,1002,216,152,1002,-1
152,141,999,152,141,999,152,141,999,-1
141,201,1012,141,201,1012,141,201,1012,-1
201,126,1051,201,126,1051,201,126,1051,-1
126,121,1020,126,121,1020,126,121,1020,-1
121,137,1060,121,137,1060,121,137,1060,-1
137,203,1023,137,203,1023,137,203,1023,-1
203,174,1007,203,174,1007,203,174,1007,-1
174,309,1006,174,309,1006,174,309,1006,-1
309,128,1031,309,128,1031,309,128,1031,-1
128,240,1061,128,240,1061,128,240,1061,-1
240,141,1055,240,141,1055,240,141,1055,-1
141,123,1034,141,123,1034,141,123,1034,-1
123,170,1056,123,170,1056,123,170,1056,-1
170,149,1015,170,149,1015,170,149,1015,-1
149,126,1018,149,126,1018,149,126,1018,-1
126,231,1028,126,231,1028,126,231,1028,-1
231,247,1060,231,247,1060,231,247,1060,-1
247,143,1059,247,143,1059,247,143,1059,-1
143,123,1041,143,123,1041,143,123,1041,-1
123,186,1063,123,186,1063,123,186,1063,-1
186,193,1009,186,193,1009,186,193,1009,-1
193,172,1015,193,172,1015,193,172,1015,-1
172,132,1032,172,132,1032,172,132,1032,-1
132,231,1046,132,231,1046,132,231,1046,-1
231,142,1062,231,142,1062,231,142,1062,-1
142,129,1031,142,129,1031,142,129,1031,-1
129,124,1042,129,124,1042,129,124,1042,-1
124,121,1020,124,121,1020,124,121,1020,-1
121,141,1047,121,141,1047,121,141,1047,-1
141,122,1027,141,122,1027,141,122,1027,-1
122,135,1044,122,135,1044,122,135,1044,-1
135,127,1016,135,127,1016,135,127,1016,-1
127,183,1037,127,183,1037,127,183,1037,-1
183,155,995,183,155,995,183,155,995,-1
155,139,1000,155,139,1000,155,139,1000,-1
139,196,1002,139,196,1002,139,196,1002,-1
196,122,1049,196,122,1049,196,122,1049,-1
122,121,1023,122,121,1023,122,121,1023,-1
121,147,1055,121,147,1055,121,147,1055,-1
147,126,1016,147,126,1016,147,126,1016,-1
126,142,1055,126,142,1055,126,142,1055,-1
142,122,1022,142,122,1022,142,122,1022,-1
122,141,1052,122,141,1052,122,141,1052,-1
141,125,1023,141,125,1023,141,125,1023,-1
125,133,1053,125,133,1053,125,133,1053,-1
133,258,1008,133,258,1008,133,258,1008,-1
258,151,1031,258,151,1031,258,151,1031,-1
151,227,1025,151,227,1025,151,227,1025,-1
227,143,1076,227,143,1076,227,143,1076,-1
143,264,1023,143,264,1023,143,264,1023,-1
264,268,1042,264,268,1042,264,268,1042,-1
268,125,1035,268,125,1035,268,125,1035,-1
125,149,1052,125,149,1052,125,149,1052,-1
149,154,998,149,154,998,149,154,998,-1
154,263,1009,154,263,1009,154,263,1009,-1
263,172,1012,263,172,1012,263,172,1012,-1
172,128,1019,172,128,1019,172,128,1019,-1
128,369,1063,128,369,1063,128,369,1063,-1
369,124,1033,369,124,1033,369,124,1033,-1
124,124,1078,124,124,1078,124,124,1078,-1
124,124,1046,124,124,1046,124,124,1046,-1
124,140,1083,124,140,1083,124,140,1083,-1
140,255,1034,140,255,1034,140,255,1034,-1
255,189,1041,255,189,1041,255,189,1041,-1
189,192,1023,189,192,1023,189,192,1023,-1
192,181,1073,192,181,1073,192,181,1073,-1
181,125,1013,181,125,1013,181,125,1013,-1
125,185,1014,125,185,1014,125,185,1014,-1
185,130,1024,185,130,1024,185,130,1024,-1
130,124,1052,130,124,1052,130,124,1052,-1
124,192,1029,124,192,1029,124,192,1029,-1
192,191,1008,192,191,1008,192,191,1008,-1
191,194,1063,191,194,1063,191,194,1063,-1
194,175,1016,194,175,1016,194,175,1016,-1
175,167,1017,175,167,1017,175,167,1017,-1
167,132,1032,167,132,1032,167,132,1032,-1
132,121,1056,132,121,1056,132,121,1056,-1
121,260,1035,121,260,1035,121,260,1035,-1
260,122,1034,260,122,1034,260,122,1034,-1
122,156,1067,122,156,1067,122,156,1067,-1
156,122,1010,156,122,1010,156,122,1010,-1
122,267,1013,122,267,1013,122,267,1013,-1
267,128,1010,267,128,1010,267,128,1010,-1
128,239,1038,128,239,1038,128,239,1038,-1
239,136,1046,239,136,1046,239,136,1046,-1
136,128,1019,136,128,1019,136,128,1019,-1
128,283,1039,128,283,1039,128,283,1039,-1
283,277,989,283,277,989,283,277,989,-1
277,128,1007,277,128,1007,277,128,1007,-1
128,239,1042,128,239,1042,128,239,1042,-1
239,144,1051,239,144,1051,239,144,1051,-1
144,328,1009,144,328,1009,144,328,1009,-1
328,276,993,328,276,993,328,276,993,-1
276,211,999,276,211,999,276,211,999,-1
211,238,1041,211,238,1041,211,238,1041,-1
238,133,1040,238,133,1040,238,133,1040,-1
133,122,1012,133,122,1012,133,122,1012,-1
122,137,1043,122,137,1043,122,137,1043,-1
137,262,1010,137,262,1010,137,262,1010,-1
262,258,1008,262,258,1008,262,258,1008,-1
258,121,1014,258,121,1014,258,121,1014,-1
121,217,1065,121,217,1065,121,217,1065,-1
217,155,1016,217,155,1016,217,155,1016,-1
155,193,1016,155,193,1016,155,193,1016,-1
193,225,1014,193,225,1014,193,225,1014,-1
225,126,1023,225,126,1023,225,126,1023,-1
126,214,1051,126,214,1051,126,214,1051,-1
214,177,1010,214,177,1010,214,177,1010,-1
177,133,1020,177,133,1020,177,133,1020,-1
133,236,1041,133,236,1041,133,236,1041,-1
236,136,1042,236,136,1042,236,136,1042,-1
136,123,1013,136,123,1013,136,123,1013,-1
123,204,1046,123,204,1046,123,204,1046,-1
204,351,1005,204,351,1005,204,351,1005,-1
351,138,1009,351,138,1009,351,138,1009,-1
138,237,1029,138,237,1029,138,237,1029,-1
237,142,1054,237,142,1054,237,142,1054,-1
142,126,1010,142,126,1010,142,126,1010,-1
126,138,1048,126,138,1048,126,138,1048,-1
138,264,1005,138,264,1005,138,264,1005,-1
264,260,1008,264,260,1008,264,260,1008,-1
260,232,1004,260,232,1004,260,232,1004,-1
232,193,981,232,193,981,232,193,981,-1
193,189,988,193,189,988,193,189,988,-1
189,201,1010,189,201,1010,189,201,1010,-1
201,238,1044,201,238,1044,201,238,1044,-1
238,124,1046,238,124,1046,238,124,1046,-1
124,183,992,124,183,992,124,183,992,-1
183,192,992,183,192,992,183,192,992,-1
192,127,1011,192,127,1011,192,127,1011,-1
127,229,1031,127,229,1031,127,229,1031,-1
229,275,1032,229,275,1032,229,275,1032,-1
275,204,987,275,204,987,275,204,987,-1
204,132,993,204,132,993,204,132,993,-1
132,240,1024,132,240,1024,132,240,1024,-1
240,205,1024,240,205,1024,240,205,1024,-1
205,262,979,205,262,979,205,262,979,-1
262,130,980,262,130,980,262,130,980,-1
130,234,1013,130,234,1013,130,234,1013,-1
234,139,1020,234,139,1020,234,139,1020,-1
139,122,984,139,122,984,139,122,984,-1
122,174,1024,122,174,1024,122,174,1024,-1
174,193,969,174,193,969,174,193,969,-1
193,162,969,193,162,969,193,162,969,-1
162,131,983,162,131,983,162,131,983,-1
131,233,1015,131,233,1015,131,233,1015,-1
233,140,1027,233,140,1027,233,140,1027,-1
140,215,988,140,215,988,140,215,988,-1
215,146,977,215,146,977,215,146,977,-1
146,160,974,146,160,974,146,160,974,-1
160,246,973,160,246,973,160,246,973,-1
246,236,1005,246,236,1005,246,236,1005,-1
236,142,1017,236,142,1017,236,142,1017,-1
142,250,985,142,250,985,142,250,985,-1
250,155,963,250,155,963,250,155,963,-1
155,155,964,155,155,964,155,155,964,-1
155,213,963,155,213,963,155,213,963,-1
213,218,988,213,218,988,213,218,988,-1
218,311,1013,218,311,1013,218,311,1013,-1
311,167,954,311,167,954,311,167,954,-1
167,134,963,167,134,963,167,134,963,-1
134,231,992,134,231,992,134,231,992,-1
231,138,1012,231,138,1012,231,138,1012,-1
138,123,967,138,123,967,138,123,967,-1
123,176,997,123,176,997,123,176,997,-1
176,344,951,176,344,951,176,344,951,-1
344,129,982,344,129,982,344,129,982,-1
129,231,1005,129,231,1005,129,231,1005,-1
231,147,1030,231,147,1030,231,147,1030,-1
147,127,980,147,127,980,147,127,980,-1
127,133,1012,127,133,1012,127,133,1012,-1
133,220,989,133,220,989,133,220,989,-1
220,139,967,220,139,967,220,139,967,-1
139,289,976,139,289,976,139,289,976,-1
289,131,1006,289,131,1006,289,131,1006,-1
131,240,1036,131,240,1036,131,240,1036,-1
240,176,1033,240,176,1033,240,176,1033,-1
176,315,990,176,315,990,176,315,990,-1
315,131,1023,315,131,1023,315,131,1023,-1
131,228,1032,131,228,1032,131,228,1032,-1
228,129,1040,228,129,1040,228,129,1040,-1
129,124,1023,129,124,1023,129,124,1023,-1
124,129,1047,124,129,1047,124,129,1047,-1
129,121,1035,129,121,1035,129,121,1035,-1
121,138,1048,121,138,1048,121,138,1048,-1
138,127,1031,138,127,1031,138,127,1031,-1
127,193,1050,127,193,1050,127,193,1050,-1
193,168,1005,193,168,1005,193,168,1005,-1
168,164,1011,168,164,1011,168,164,1011,-1
164,125,1023,164,125,1023,164,125,1023,-1
125,185,1053,125,185,1053,125,185,1053,-1
185,162,1006,185,162,1006,185,162,1006,-1
162,225,1017,162,225,1017,162,225,1017,-1
225,136,1039,225,136,1039,225,136,1039,-1
136,231,1048,136,231,1048,136,231,1048,-1
231,137,1065,231,137,1065,231,137,1065,-1
137,121,1036,137,121,1036,137,121,1036,-1
121,201,1059,121,201,1059,121,201,1059,-1
201,274,1013,201,274,1013,201,274,1013,-1
274,210,1021,274,210,1021,274,210,1021,-1
210,224,1048,210,224,1048,210,224,1048,-1
224,141,1062,224,141,1062,224,141,1062,-1
141,248,1020,141,248,1020,141,248,1020,-1
248,210,1005,248,210,1005,248,210,1005,-1
210,216,1008,210,216,1008,210,216,1008,-1
216,138,1025,216,138,1025,216,138,1025,-1
138,219,1039,138,219,1039,138,219,1039,-1
219,142,1060,219,142,1060,219,142,1060,-1
142,122,1026,142,122,1026,142,122,1026,-1
122,245,1043,122,245,1043,122,245,1043,-1
245,299,998,245,299,998,245,299,998,-1
299,139,1008,299,139,1008,299,139,1008,-1
139,229,1025,139,229,1025,139,229,1025,-1
229,145,1056,229,145,1056,229,145,1056,-1
145,248,1017,145,248,1017,145,248,1017,-1
248,121,1011,248,121,1011,248,121,1011,-1
121,131,1054,121,131,1054,121,131,1054,-1
131,121,1012,131,121,1012,131,121,1012,-1
121,137,1047,121,137,1047,121,137,1047,-1
137,223,1016,137,223,1016,137,223,1016,-1
223,144,999,223,144,999,223,144,999,-1
144,176,998,144,176,998,144,176,998,-1
176,150,992,176,150,992,176,150,992,-1
150,131,1011,150,131,1011,150,131,1011,-1
131,227,1040,131,227,1040,131,227,1040,-1
227,144,1056,227,144,1056,227,144,1056,-1
144,253,1020,144,253,1020,144,253,1020,-1
253,259,1016,253,259,1016,253,259,1016,-1
259,125,1012,259,125,1012,259,125,1012,-1
125,142,1050,125,142,1050,125,142,1050,-1
142,123,1018,142,123,1018,142,123,1018,-1
123,133,1032,123,133,1032,123,133,1032,-1
133,123,1005,133,123,1005,133,123,1005,-1
123,145,1032,123,145,1032,123,145,1032,-1
145,260,992,145,260,992,145,260,992,-1
260,263,1002,260,263,1002,260,263,1002,-1
263,123,1001,263,123,1001,263,123,1001,-1
123,140,1023,123,140,1023,123,140,1023,-1
140,267,1001,140,267,1001,140,267,1001,-1
267,262,998,267,262,998,267,262,998,-1
262,194,987,262,194,987,262,194,987,-1
194,189,952,194,189,952,194,189,952,-1
189,150,1021,189,150,1021,189,150,1021,-1
150,257,990,150,257,990,150,257,990,-1
257,235,984,257,235,984,257,235,984,-1
235,341,964,235,341,964,235,341,964,-1
341,122,988,341,122,988,341,122,988,-1
122,129,1036,122,129,1036,122,129,1036,-1
129,197,991,129,197,991,129,197,991,-1
197,192,974,197,192,974,197,192,974,-1
192,146,1033,192,146,1033,192,146,1033,-1
146,262,1003,146,262,1003,146,262,1003,-1
262,280,1006,262,280,1006,262,280,1006,-1
280,121,985,280,121,985,280,121,985,-1
121,167,990,121,167,990,121,167,990,-1
167,150,1000,167,150,1000,167,150,1000,-1
150,138,1014,150,138,1014,150,138,1014,-1
138,154,1015,138,154,1015,138,154,1015,-1
154,124,1030,154,124,1030,154,124,1030,-1
124,148,1057,124,148,1057,124,148,1057,-1
148,124,1021,148,124,1021,148,124,1021,-1
124,202,1017,124,202,1017,124,202,1017,-1
202,122,1068,202,122,1068,202,122,1068,-1
122,191,1028,122,191,1028,122,191,1028,-1
191,201,1011,191,201,1011,191,201,1011,-1
201,138,1057,201,138,1057,201,138,1057,-1
138,261,1012,138,261,1012,138,261,1012,-1
261,251,1016,261,251,1016,261,251,1016,-1
251,121,1016,251,121,1016,251,121,1016,-1
121,142,1051,121,142,1051,121,142,1051,-1
142,268,1012,142,268,1012,142,268,1012,-1
268,263,1018,268,263,1018,268,263,1018,-1
263,256,1031,263,256,1031,263,256,1031,-1
256,168,1012,256,168,1012,256,168,1012,-1
168,300,1016,168,300,1016,168,300,1016,-1
300,126,1024,300,126,1024,300,126,1024,-1
126,126,1055,126,126,1055,126,126,1055,-1
126,192,1018,126,192,1018,126,192,1018,-1
192,319,998,192,319,998,192,319,998,-1
319,197,1018,319,197,1018,319,197,1018,-1
197,257,1012,197,257,1012,197,257,1012,-1
257,125,1022,257,125,1022,257,125,1022,-1
125,125,1052,125,125,1052,125,125,1052,-1
125,121,1021,125,121,1021,125,121,1021,-1
121,155,1065,121,155,1065,121,155,1065,-1
155,272,1010,155,272,1010,155,272,1010,-1
272,209,1004,272,209,1004,272,209,1004,-1
209,241,1037,209,241,1037,209,241,1037,-1
241,143,1040,241,143,1040,241,143,1040,-1
143,261,1022,143,261,1022,143,261,1022,-1
261,124,1009,261,124,1009,261,124,1009,-1
124,138,1047,124,138,1047,124,138,1047,-1
138,308,1018,138,308,1018,138,308,1018,-1
308,308,1002,308,308,1002,308,308,1002,-1
308,136,1018,308,136,1018,308,136,1018,-1
136,240,1031,136,240,1031,136,240,1031,-1
240,151,1054,240,151,1054,240,151,1054,-1
151,123,1019,151,123,1019,151,123,1019,-1
123,178,1052,123,178,1052,123,178,1052,-1
178,208,1016,178,208,1016,178,208,1016,-1
208,185,1023,208,185,1023,208,185,1023,-1
185,128,1029,185,128,1029,185,128,1029,-1
128,238,1046,128,238,1046,128,238,1046,-1
238,140,1059,238,140,1059,238,140,1059,-1
140,186,1023,140,186,1023,140,186,1023,-1
186,204,995,186,204,995,186,204,995,-1
204,144,1040,204,144,1040,204,144,1040,-1
144,121,1015,144,121,1015,144,121,1015,-1
121,143,1049,121,143,1049,121,143,1049,-1
143,196,1016,143,196,1016,143,196,1016,-1
196,228,995,196,228,995,196,228,995,-1
228,206,998,228,206,998,228,206,998,-1
206,209,997,206,209,997,206,209,997,-1
209,123,1047,209,123,1047,209,123,1047,-1
123,125,1021,123,125,1021,123,125,1021,-1
125,209,1046,125,209,1046,125,209,1046,-1
209,143,1004,209,143,1004,209,143,1004,-1
143,182,1001,143,182,1001,143,182,1001,-1
182,245,1002,182,245,1002,182,245,1002,-1
245,269,985,245,269,985,245,269,985,-1
269,122,998,269,122,998,269,122,998,-1
122,136,1033,122,136,1033,122,136,1033,-1
136,185,1006,136,185,1006,136,185,1006,-1
185,167,994,185,167,994,185,167,994,-1
167,186,985,167,186,985,167,186,985,-1
186,276,980,186,276,980,186,276,980,-1
276,327,994,276,327,994,276,327,994,-1
327,262,1019,327,262,1019,327,262,1019,-1
262,122,1013,262,122,1013,262,122,1013,-1
122,206,1057,122,206,1057,122,206,1057,-1
206,191,1001,206,191,1001,206,191,1001,-1
191,161,1004,191,161,1004,191,161,1004,-1
161,245,1031,161,245,1031,161,245,1031,-1
245,260,1024,245,260,1024,245,260,1024,-1
260,256,1022,260,256,1022,260,256,1022,-1
256,126,1017,256,126,1017,256,126,1017,-1
126,223,1047,126,223,1047,126,223,1047,-1
223,133,997,223,133,997,223,133,997,-1
133,271,998,133,271,998,133,271,998,-1
271,205,1007,271,205,1007,271,205,1007,-1
205,129,1000,205,129,1000,205,129,1000,-1
129,131,1032,129,131,1032,129,131,1032,-1
131,146,977,131,146,977,131,146,977,-1
146,121,974,146,121,974,146,121,974,-1
121,127,1032,121,127,1032,121,127,1032,-1
127,125,991,127,125,991,127,125,991,-1
125,141,1026,125,141,1026,125,141,1026,-1
141,123,990,141,123,990,141,123,990,-1
123,179,1033,123,179,1033,123,179,1033,-1
179,179,979,179,179,979,179,179,979,-1
179,212,992,179,212,992,179,212,992,-1
212,123,998,212,123,998,212,123,998,-1
123,240,1043,123,240,1043,123,240,1043,-1
240,137,1040,240,137,1040,240,137,1040,-1
137,329,1002,137,329,1002,137,329,1002,-1
329,130,977,329,130,977,329,130,977,-1
130,172,978,130,172,978,130,172,978,-1
172,220,989,172,220,989,172,220,989,-1
220,138,1024,220,138,1024,220,138,1024,-1
138,168,976,138,168,976,138,168,976,-1
168,222,981,168,222,981,168,222,981,-1
222,225,1009,222,225,1009,222,225,1009,-1
225,141,1039,225,141,1039,225,141,1039,-1
141,123,988,141,123,988,141,123,988,-1
123,139,1029,123,139,1029,123,139,1029,-1
139,124,997,139,124,997,139,124,997,-1
124,143,1025,124,143,1025,124,143,1025,-1
143,123,993,143,123,993,143,123,993,-1
123,140,1027,123,140,1027,123,140,1027,-1
140,123,995,140,123,995,140,123,995,-1
123,140,1027,123,140,1027,123,140,1027,-1
140,266,993,140,266,993,140,266,993,-1
266,124,1001,266,124,1001,266,124,1001,-1
124,263,1029,124,263,1029,124,263,1029,-1
263,150,988,263,150,988,263,150,988,-1
150,144,984,150,144,984,150,144,984,-1
144,126,1003,144,126,1003,144,126,1003,-1
126,165,1038,126,165,1038,126,165,1038,-1
165,133,992,165,133,992,165,133,992,-1
133,209,987,133,209,987,133,209,987,-1
209,121,1044,209,121,1044,209,121,1044,-1
121,122,998,121,122,998,121,122,998,-1
122,144,1039,122,144,1039,122,144,1039,-1
144,260,990,144,260,990,144,260,990,-1
260,126,995,260,126,995,260,126,995,-1
126,139,1019,126,139,1019,126,139,1019,-1
139,121,998,139,121,998,139,121,998,-1
121,127,1040,121,127,1040,121,127,1040,-1
127,145,977,127,145,977,127,145,977,-1
145,209,976,145,209,976,145,209,976,-1
209,214,969,209,214,969,209,214,969,-1
214,226,990,214,226,990,214,226,990,-1
226,148,1007,226,148,1007,226,148,1007,-1
148,125,964,148,125,964,148,125,964,-1
125,138,994,125,138,994,125,138,994,-1
138,191,969,138,191,969,138,191,969,-1
191,201,951,191,201,951,191,201,951,-1
201,143,1002,201,143,1002,201,143,1002,-1
143,199,978,143,199,978,143,199,978,-1
199,240,961,199,240,961,199,240,961,-1
240,172,968,240,172,968,240,172,968,-1
172,127,966,172,127,966,172,127,966,-1
127,181,957,127,181,957,127,181,957,-1
181,211,962,181,211,962,181,211,962,-1
211,205,1025,211,205,1025,211,205,1025,-1
205,168,982,205,168,982,205,168,982,-1
168,126,992,168,126,992,168,126,992,-1
126,235,1036,126,235,1036,126,235,1036,-1
235,251,1051,235,251,1051,235,251,1051,-1
251,235,984,251,235,984,251,235,984,-1
235,125,995,235,125,995,235,125,995,-1
125,238,1030,125,238,1030,125,238,1030,-1
238,138,1023,238,138,1023,238,138,1023,-1
138,125,995,138,125,995,138,125,995,-1
125,135,1029,125,135,1029,125,135,1029,-1
135,129,1009,135,129,1009,135,129,1009,-1
129,130,1027,129,130,1027,129,130,1027,-1
130,254,995,130,254,995,130,254,995,-1
254,121,1011,254,121,1011,254,121,1011,-1
121,137,1037,121,137,1037,121,137,1037,-1
137,260,993,137,260,993,137,260,993,-1
260,122,990,260,122,990,260,122,990,-1
122,149,1024,122,149,1024,122,149,1024,-1
149,124,989,149,124,989,149,124,989,-1
124,235,1024,124,235,1024,124,235,1024,-1
235,121,974,235,121,974,235,121,974,-1
121,188,975,121,188,975,121,188,975,-1
188,128,981,188,128,981,188,128,981,-1
128,230,1005,128,230,1005,128,230,1005,-1
230,155,1027,230,155,1027,230,155,1027,-1
155,205,969,155,205,969,155,205,969,-1
205,157,977,205,157,977,205,157,977,-1
157,143,999,157,143,999,157,143,999,-1
143,228,993,143,228,993,143,228,993,-1
228,147,1019,228,147,1019,228,147,1019,-1
147,230,970,147,230,970,147,230,970,-1
230,204,956,230,204,956,230,204,956,-1
204,141,964,204,141,964,204,141,964,-1
141,202,969,141,202,969,141,202,969,-1
202,242,1008,202,242,1008,202,242,1008,-1
242,145,1003,242,145,1003,242,145,1003,-1
145,253,972,145,253,972,145,253,972,-1
253,126,959,253,126,959,253,126,959,-1
126,140,992,126,140,992,126,140,992,-1
140,258,955,140,258,955,140,258,955,-1
258,269,969,258,269,969,258,269,969,-1
269,200,956,269,200,956,269,200,956,-1
200,196,960,200,196,960,200,196,960,-1
196,128,978,196,128,978,196,128,978,-1
128,240,1019,128,240,1019,128,240,1019,-1
240,147,1024,240,147,1024,240,147,1024,-1
147,260,989,147,260,989,147,260,989,-1
260,126,992,260,126,992,260,126,992,-1
126,140,1013,126,140,1013,126,140,1013,-1
140,290,988,140,290,988,140,290,988,-1
290,202,979,290,202,979,290,202,979,-1
202,239,994,202,239,994,202,239,994,-1
239,226,1022,239,226,1022,239,226,1022,-1
226,137,1024,226,137,1024,226,137,1024,-1
137,123,993,137,123,993,137,123,993,-1
123,133,1020,123,133,1020,123,133,1020,-1
133,258,986,133,258,986,133,258,986,-1
258,247,999,258,247,999,258,247,999,-1
247,144,988,247,144,988,247,144,988,-1
144,186,983,144,186,983,144,186,983,-1
186,242,990,186,242,990,186,242,990,-1
242,130,995,242,130,995,242,130,995,-1
130,137,1012,130,137,1012,130,137,1012,-1
137,253,1003,137,253,1003,137,253,1003,-1
253,123,1002,253,123,1002,253,123,1002,-1
123,138,1042,123,138,1042,123,138,1042,-1
138,256,997,138,256,997,138,256,997,-1
256,202,995,256,202,995,256,202,995,-1
202,178,989,202,178,989,202,178,989,-1
178,200,998,178,200,998,178,200,998,-1
200,121,1030,200,121,1030,200,121,1030,-1
121,193,1001,121,193,1001,121,193,1001,-1
193,187,984,193,187,984,193,187,984,-1
187,145,1036,187,145,1036,187,145,1036,-1
145,144,1000,145,144,1000,145,144,1000,-1
144,295,1002,144,295,1002,144,295,1002,-1
295,125,1012,295,125,1012,295,125,1012,-1
125,230,1045,125,230,1045,125,230,1045,-1
230,198,1014,230,198,1014,230,198,1014,-1
198,196,1015,198,196,1015,198,196,1015,-1
196,173,1021,196,173,1021,196,173,1021,-1
173,128,1032,173,128,1032,173,128,1032,-1
128,284,1061,128,284,1061,128,284,1061,-1
284,218,1020,284,218,1020,284,218,1020,-1
218,243,1057,218,243,1057,218,243,1057,-1
243,147,1063,243,147,1063,243,147,1063,-1
147,191,1025,147,191,1025,147,191,1025,-1
191,201,1004,191,201,1004,191,201,1004,-1
201,138,1047,201,138,1047,201,138,1047,-1
138,255,1020,138,255,1020,138,255,1020,-1
255,122,1019,255,122,1019,255,122,1019,-1
122,141,1051,122,141,1051,122,141,1051,-1
141,125,1019,141,125,1019,141,125,1019,-1
125,140,1043,125,140,1043,125,140,1043,-1
140,127,1015,140,127,1015,140,127,1015,-1
127,136,1032,127,136,1032,127,136,1032,-1
136,177,1002,136,177,1002,136,177,1002,-1
177,124,1001,177,124,1001,177,124,1001,-1
124,156,1002,124,156,1002,124,156,1002,-1
156,274,1013,156,274,1013,156,274,1013,-1
274,126,1022,274,126,1022,274,126,1022,-1
126,154,1056,126,154,1056,126,154,1056,-1
154,182,1013,154,182,1013,154,182,1013,-1
182,129,1019,182,129,1019,182,129,1019,-1
129,243,1046,129,243,1046,129,243,1046,-1
243,142,1052,243,142,1052,243,142,1052,-1
142,121,1005,142,121,1005,142,121,1005,-1
121,137,1036,121,137,1036,121,137,1036,-1
137,126,1003,137,126,1003,137,126,1003,-1
126,133,1026,126,133,1026,126,133,1026,-1
133,192,1011,133,192,1011,133,192,1011,-1
192,150,997,192,150,997,192,150,997,-1
150,191,986,150,191,986,150,191,986,-1
191,317,998,191,317,998,191,317,998,-1
317,124,1013,317,124,1013,317,124,1013,-1
124,147,1057,124,147,1057,124,147,1057,-1
147,125,1013,147,125,1013,147,125,1013,-1
125,127,1049,125,127,1049,125,127,1049,-1
127,236,1003,127,236,1003,127,236,1003,-1
236,124,1000,236,124,1000,236,124,1000,-1
124,191,1012,124,191,1012,124,191,1012,-1
191,122,1052,191,122,1052,191,122,1052,-1
122,122,1016,122,122,1016,122,122,1016,-1
122,146,1053,122,146,1053,122,146,1053,-1
146,133,1021,146,133,1021,146,133,1021,-1
133,136,1043,133,136,1043,133,136,1043,-1
136,259,1030,136,259,1030,136,259,1030,-1
259,123,1033,259,123,1033,259,123,1033,-1
123,134,1054,123,134,1054,123,134,1054,-1
134,259,1020,134,259,1020,134,259,1020,-1
259,122,1007,259,122,1007,259,122,1007,-1
122,200,1031,122,200,1031,122,200,1031,-1
200,263,996,200,263,996,200,263,996,-1
263,171,1009,263,171,1009,263,171,1009,-1
171,139,1022,171,139,1022,171,139,1022,-1
139,212,1019,139,212,1019,139,212,1019,-1
212,345,1054,212,345,1054,212,345,1054,-1
345,137,1012,345,137,1012,345,137,1012,-1
137,226,1066,137,226,1066,137,226,1066,-1
226,146,1080,226,146,1080,226,146,1080,-1
146,140,1053,146,140,1053,146,140,1053,-1
140,124,1036,140,124,1036,140,124,1036,-1
124,128,1030,124,128,1030,124,128,1030,-1
128,136,1065,128,136,1065,128,136,1065,-1
136,166,1044,136,166,1044,136,166,1044,-1
166,226,1010,166,226,1010,166,226,1010,-1
226,123,1046,226,123,1046,226,123,1046,-1
123,150,1019,123,150,1019,123,150,1019,-1
150,154,980,150,154,980,150,154,980,-1
154,278,1000,154,278,1000,154,278,1000,-1
278,122,995,278,122,995,278,122,995,-1
122,125,1064,122,125,1064,122,125,1064,-1
125,194,1022,125,194,1022,125,194,1022,-1
194,197,991,194,197,991,194,197,991,-1
197,148,1062,197,148,1062,197,148,1062,-1
148,265,999,148,265,999,148,265,999,-1
265,261,1043,265,261,1043,265,261,1043,-1
261,264,1033,261,264,1033,261,264,1033,-1
264,121,1030,264,121,1030,264,121,1030,-1
121,150,1075,121,150,1075,121,150,1075,-1
150,125,1032,150,125,1032,150,125,1032,-1
125,146,1059,125,146,1059,125,146,1059,-1
146,164,1006,146,164,1006,146,164,1006,-1
164,154,994,164,154,994,164,154,994,-1
154,137,1007,154,137,1007,154,137,1007,-1
137,121,1010,137,121,1010,137,121,1010,-1
121,178,1013,121,178,1013,121,178,1013,-1
178,124,1017,178,124,1017,178,124,1017,-1
124,286,1056,124,286,1056,124,286,1056,-1
286,130,1006,286,130,1006,286,130,1006,-1
130,122,1040,130,122,1040,130,122,1040,-1
122,264,1017,122,264,1017,122,264,1017,-1
264,121,1023,264,121,1023,264,121,1023,-1
121,138,1055,121,138,1055,121,138,1055,-1
138,121,1017,138,121,1017,138,121,1017,-1
121,237,1055,121,237,1055,121,237,1055,-1
237,144,996,237,144,996,237,144,996,-1
144,189,996,144,189,996,144,189,996,-1
189,129,1020,189,129,1020,189,129,1020,-1
129,122,1045,129,122,1045,129,122,1045,-1
122,127,1004,122,127,1004,122,127,1004,-1
127,142,1023,127,142,1023,127,142,1023,-1
142,122,988,142,122,988,142,122,988,-1
122,142,1025,122,142,1025,122,142,1025,-1
142,198,974,142,198,974,142,198,974,-1
198,190,995,198,190,995,198,190,995,-1
190,133,1007,190,133,1007,190,133,1007,-1
133,229,1027,133,229,1027,133,229,1027,-1
229,142,1039,229,142,1039,229,142,1039,-1
142,123,1005,142,123,1005,142,123,1005,-1
123,145,1033,123,145,1033,123,145,1033,-1
145,128,981,145,128,981,145,128,981,-1
128,147,992,128,147,992,128,147,992,-1
147,261,997,147,261,997,147,261,997,-1
261,134,1010,261,134,1010,261,134,1010,-1
134,131,1031,134,131,1031,134,131,1031,-1
131,121,1024,131,121,1024,131,121,1024,-1
121,138,1028,121,138,1028,121,138,1028,-1
138,267,997,138,267,997,138,267,997,-1
267,124,984,267,124,984,267,124,984,-1
124,147,1021,124,147,1021,124,147,1021,-1
147,123,995,147,123,995,147,123,995,-1
123,142,1019,123,142,1019,123,142,1019,-1
142,242,994,142,242,994,142,242,994,-1
242,209,979,242,209,979,242,209,979,-1
209,239,988,209,239,988,209,239,988,-1
239,128,1001,239,128,1001,239,128,1001,-1
128,232,1031,128,232,1031,128,232,1031,-1
232,150,1041,232,150,1041,232,150,1041,-1
150,121,996,150,121,996,150,121,996,-1
121,169,1024,121,169,1024,121,169,1024,-1
169,190,980,169,190,980,169,190,980,-1
190,237,981,190,237,981,190,237,981,-1
237,130,1004,237,130,1004,237,130,1004,-1
130,237,1031,130,237,1031,130,237,1031,-1
237,143,1032,237,143,1032,237,143,1032,-1
143,202,1001,143,202,1001,143,202,1001,-1
202,194,982,202,194,982,202,194,982,-1
194,144,1044,194,144,1044,194,144,1044,-1
144,124,1005,144,124,1005,144,124,1005,-1
124,138,1038,124,138,1038,124,138,1038,-1
138,175,1011,138,175,1011,138,175,1011,-1
175,202,1013,175,202,1013,175,202,1013,-1
202,234,1004,202,234,1004,202,234,1004,-1
234,152,1004,234,152,1004,234,152,1004,-1
152,171,1005,152,171,1005,152,171,1005,-1
171,126,1009,171,126,1009,171,126,1009,-1
126,318,1047,126,318,1047,126,318,1047,-1
318,128,1015,318,128,1015,318,128,1015,-1
128,121,1050,128,121,1050,128,121,1050,-1
121,260,1023,121,260,1023,121,260,1023,-1
260,142,1018,260,142,1018,260,142,1018,-1
142,169,1011,142,169,1011,142,169,1011,-1
169,168,1005,169,168,1005,169,168,1005,-1
168,191,1010,168,191,1010,168,191,1010,-1
191,132,1031,191,132,1031,191,132,1031,-1
132,124,1059,132,124,1059,132,124,1059,-1
124,121,1034,124,121,1034,124,121,1034,-1
121,146,1075,121,146,1075,121,146,1075,-1
146,126,1036,146,126,1036,146,126,1036,-1
126,134,1070,126,134,1070,126,134,1070,-1
134,262,1053,134,262,1053,134,262,1053,-1
262,125,1047,262,125,1047,262,125,1047,-1
125,169,1068,125,169,1068,125,169,1068,-1
169,155,1011,169,155,1011,169,155,1011,-1
155,218,1014,155,218,1014,155,218,1014,-1
218,129,1041,218,129,1041,218,129,1041,-1
129,240,1084,129,240,1084,129,240,1084,-1
240,150,1105,240,150,1105,240,150,1105,-1
150,314,1048,150,314,1048,150,314,1048,-1
314,186,1024,314,186,1024,314,186,1024,-1
186,162,1030,186,162,1030,186,162,1030,-1
162,136,1039,162,136,1039,162,136,1039,-1
136,227,1069,136,227,1069,136,227,1069,-1
227,148,1100,227,148,1100,227,148,1100,-1
148,262,1060,148,262,1060,148,262,1060,-1
262,261,1051,262,261,1051,262,261,1051,-1
261,186,1035,261,186,1035,261,186,1035,-1
186,191,1021,186,191,1021,186,191,1021,-1
191,143,1091,191,143,1091,191,143,1091,-1
143,240,1061,143,240,1061,143,240,1061,-1
240,293,1039,240,293,1039,240,293,1039,-1
293,252,1024,293,252,1024,293,252,1024,-1
252,273,1044,252,273,1044,252,273,1044,-1
273,263,1051,273,263,1051,273,263,1051,-1
263,259,1040,263,259,1040,263,259,1040,-1
259,123,1038,259,123,1038,259,123,1038,-1
123,142,1061,123,142,1061,123,142,1061,-1
142,325,1035,142,325,1035,142,325,1035,-1
325,172,1021,325,172,1021,325,172,1021,-1
172,179,1017,172,179,1017,172,179,1017,-1
179,194,1030,179,194,1030,179,194,1030,-1
194,237,1071,194,237,1071,194,237,1071,-1
237,146,1080,237,146,1080,237,146,1080,-1
146,191,1031,146,191,1031,146,191,1031,-1
191,189,999,191,189,999,191,189,999,-1
189,148,1074,189,148,1074,189,148,1074,-1
148,122,1033,148,122,1033,148,122,1033,-1
122,240,1058,122,240,1058,122,240,1058,-1
240,189,1008,240,189,1008,240,189,1008,-1
189,203,1014,189,203,1014,189,203,1014,-1
203,128,1071,203,128,1071,203,128,1071,-1
128,261,1032,128,261,1032,128,261,1032,-1
261,187,1021,261,187,1021,261,187,1021,-1
187,201,1013,187,201,1013,187,201,1013,-1
201,152,1072,201,152,1072,201,152,1072,-1
152,123,1031,152,123,1031,152,123,1031,-1
123,141,1057,123,141,1057,123,141,1057,-1
141,267,1025,141,267,1025,141,267,1025,-1
267,261,1021,267,261,1021,267,261,1021,-1
261,383,1007,261,383,1007,261,383,1007,-1
383,245,1030,383,245,1030,383,245,1030,-1
245,121,1046,245,121,1046,245,121,1046,-1
121,153,1093,121,153,1093,121,153,1093,-1
153,124,1036,153,124,1036,153,124,1036,-1
124,144,1080,124,144,1080,124,144,1080,-1
144,240,1044,144,240,1044,144,240,1044,-1
240,153,1024,240,153,1024,240,153,1024,-1
153,222,1013,153,222,1013,153,222,1013,-1
222,146,1026,222,146,1026,222,146,1026,-1
146,217,1012,146,217,1012,146,217,1012,-1
217,125,1019,217,125,1019,217,125,1019,-1
125,355,1055,125,355,1055,125,355,1055,-1
355,126,1014,355,126,1014,355,126,1014,-1
126,125,1066,126,125,1066,126,125,1066,-1
125,261,1021,125,261,1021,125,261,1021,-1
261,239,1035,261,239,1035,261,239,1035,-1
239,131,1012,239,131,1012,239,131,1012,-1
131,293,1004,131,293,1004,131,293,1004,-1
293,128,1013,293,128,1013,293,128,1013,-1
128,125,1065,128,125,1065,128,125,1065,-1
125,126,1029,125,126,1029,125,126,1029,-1
126,149,1066,126,149,1066,126,149,1066,-1
149,212,1028,149,212,1028,149,212,1028,-1
212,157,1021,212,157,1021,212,157,1021,-1
157,186,1025,157,186,1025,157,186,1025,-1
186,233,1015,186,233,1015,186,233,1015,-1
233,123,1070,233,123,1070,233,123,1070,-1
123,271,1032,123,271,1032,123,271,1032,-1
271,125,1025,271,125,1025,271,125,1025,-1
125,135,1062,125,135,1062,125,135,1062,-1
135,249,1023,135,249,1023,135,249,1023,-1
249,169,1003,249,169,1003,249,169,1003,-1
169,199,1002,169,199,1002,169,199,1002,-1
199,131,1014,199,131,1014,199,131,1014,-1
131,231,1033,131,231,1033,131,231,1033,-1
231,145,1064,231,145,1064,231,145,1064,-1
145,262,1013,145,262,1013,145,262,1013,-1
262,228,1007,262,228,1007,262,228,1007,-1
228,168,991,228,168,991,228,168,991,-1
168,174,987,168,174,987,168,174,987,-1
174,154,977,174,154,977,174,154,977,-1
154,126,994,154,126,994,154,126,994,-1
126,238,1034,126,238,1034,126,238,1034,-1
238,149,1047,238,149,1047,238,149,1047,-1
149,121,996,149,121,996,149,121,996,-1
121,149,1044,121,149,1044,121,149,1044,-1
149,124,1000,149,124,1000,149,124,1000,-1
124,142,1038,124,142,1038,124,142,1038,-1
142,259,1001,142,259,1001,142,259,1001,-1
259,207,990,259,207,990,259,207,990,-1
207,249,967,207,249,967,207,249,967,-1
249,161,968,249,161,968,249,161,968,-1
161,216,974,161,216,974,161,216,974,-1
216,228,1003,216,228,1003,216,228,1003,-1
228,145,1022,228,145,1022,228,145,1022,-1
145,122,980,145,122,980,145,122,980,-1
122,141,1013,122,141,1013,122,141,1013,-1
141,121,988,141,121,988,141,121,988,-1
121,141,1020,121,141,1020,121,141,1020,-1
141,124,986,141,124,986,141,124,986,-1
124,139,1017,124,139,1017,124,139,1017,-1
139,179,980,139,179,980,139,179,980,-1
179,200,937,179,200,937,179,200,937,-1
200,256,998,200,256,998,200,256,998,-1
256,183,956,256,183,956,256,183,956,-1
183,233,955,183,233,955,183,233,955,-1
233,225,1005,233,225,1005,233,225,1005,-1
225,135,1032,225,135,1032,225,135,1032,-1
135,121,987,135,121,987,135,121,987,-1
121,244,1013,121,244,1013,121,244,1013,-1
244,289,963,244,289,963,244,289,963,-1
289,126,968,289,126,968,289,126,968,-1
126,121,1020,126,121,1020,126,121,1020,-1
121,267,984,121,267,984,121,267,984,-1
267,127,975,267,127,975,267,127,975,-1
127,126,1000,127,126,1000,127,126,1000,-1
126,259,977,126,259,977,126,259,977,-1
259,252,971,259,252,971,259,252,971,-1
252,262,972,252,262,972,252,262,972,-1
262,121,966,262,121,966,262,121,966,-1
121,144,1001,121,144,1001,121,144,1001,-1
144,261,960,144,261,960,144,261,960,-1
261,273,953,261,273,953,261,273,953,-1
273,210,947,273,210,947,273,210,947,-1
210,222,956,210,222,956,210,222,956,-1
222,247,968,222,247,968,222,247,968,-1
247,258,982,247,258,982,247,258,982,-1
258,125,988,258,125,988,258,125,988,-1
125,137,1027,125,137,1027,125,137,1027,-1
137,124,984,137,124,984,137,124,984,-1
124,149,1021,124,149,1021,124,149,1021,-1
149,259,992,149,259,992,149,259,992,-1
259,185,997,259,185,997,259,185,997,-1
185,190,967,185,190,967,185,190,967,-1
190,147,1050,190,147,1050,190,147,1050,-1
147,302,1002,147,302,1002,147,302,1002,-1
302,210,969,302,210,969,302,210,969,-1
210,204,983,210,204,983,210,204,983,-1
204,129,1040,204,129,1040,204,129,1040,-1
129,265,1000,129,265,1000,129,265,1000,-1
265,121,1007,265,121,1007,265,121,1007,-1
121,139,1045,121,139,1045,121,139,1045,-1
139,266,1000,139,266,1000,139,266,1000,-1
266,316,990,266,316,990,266,316,990,-1
316,132,981,316,132,981,316,132,981,-1
132,203,983,132,203,983,132,203,983,-1
203,121,1006,203,121,1006,203,121,1006,-1
121,123,1051,121,123,1051,121,123,1051,-1
123,121,1010,123,121,1010,123,121,1010,-1
121,149,1048,121,149,1048,121,149,1048,-1
149,207,1003,149,207,1003,149,207,1003,-1
207,186,984,207,186,984,207,186,984,-1
186,315,975,186,315,975,186,315,975,-1
315,135,1001,315,135,1001,315,135,1001,-1
135,229,1018,135,229,1018,135,229,1018,-1
229,174,1031,229,174,1031,229,174,1031,-1
174,166,970,174,166,970,174,166,970,-1
166,180,969,166,180,969,166,180,969,-1
180,125,988,180,125,988,180,125,988,-1
125,127,1031,125,127,1031,125,127,1031,-1
127,264,994,127,264,994,127,264,994,-1
264,262,1006,264,262,1006,264,262,1006,-1
262,200,1001,262,200,1001,262,200,1001,-1
200,188,984,200,188,984,200,188,984,-1
188,142,1043,188,142,1043,188,142,1043,-1
142,262,1004,142,262,1004,142,262,1004,-1
262,208,1011,262,208,1011,262,208,1011,-1
208,179,988,208,179,988,208,179,988,-1
179,160,990,179,160,990,179,160,990,-1
160,123,1012,160,123,1012,160,123,1012,-1
123,127,1059,123,127,1059,123,127,1059,-1
127,271,1012,127,271,1012,127,271,1012,-1
271,219,1019,271,219,1019,271,219,1019,-1
219,157,998,219,157,998,219,157,998,-1
157,302,1004,157,302,1004,157,302,1004,-1
302,135,1016,302,135,1016,302,135,1016,-1
135,228,1045,135,228,1045,135,228,1045,-1
228,330,1061,228,330,1061,228,330,1061,-1
330,170,997,330,170,997,330,170,997,-1
170,131,1008,170,131,1008,170,131,1008,-1
131,240,1041,131,240,1041,131,240,1041,-1
240,143,1048,240,143,1048,240,143,1048,-1
143,253,1006,143,253,1006,143,253,1006,-1
253,263,992,253,263,992,253,263,992,-1
263,269,991,263,269,991,263,269,991,-1
269,184,1007,269,184,1007,269,184,1007,-1
184,190,975,184,190,975,184,190,975,-1
190,150,1055,190,150,1055,190,150,1055,-1
150,182,975,150,182,975,150,182,975,-1
182,207,978,182,207,978,182,207,978,-1
207,238,1037,207,238,1037,207,238,1037,-1
238,146,1042,238,146,1042,238,146,1042,-1
146,313,999,146,313,999,146,313,999,-1
313,205,979,313,205,979,313,205,979,-1
205,147,980,205,147,980,205,147,980,-1
147,124,1000,147,124,1000,147,124,1000,-1
124,123,1036,124,123,1036,124,123,1036,-1
123,197,1007,123,197,1007,123,197,1007,-1
197,188,982,197,188,982,197,188,982,-1
188,198,1039,188,198,1039,188,198,1039,-1
198,180,971,198,180,971,198,180,971,-1
180,129,970,180,129,970,180,129,970,-1
129,208,983,129,208,983,129,208,983,-1
208,122,1036,208,122,1036,208,122,1036,-1
122,265,1005,122,265,1005,122,265,1005,-1
265,261,992,265,261,992,265,261,992,-1
261,262,993,261,262,993,261,262,993,-1
262,386,995,262,386,995,262,386,995,-1
386,170,963,386,170,963,386,170,963,-1
170,210,967,170,210,967,170,210,967,-1
210,133,1039,210,133,1039,210,133,1039,-1
133,267,1001,133,267,1001,133,267,1001,-1
267,264,999,267,264,999,267,264,999,-1
264,187,1004,264,187,1004,264,187,1004,-1
187,199,970,187,199,970,187,199,970,-1
199,165,1031,199,165,1031,199,165,1031,-1
165,215,974,165,215,974,165,215,974,-1
215,161,976,215,161,976,215,161,976,-1
161,124,1008,161,124,1008,161,124,1008,-1
124,129,1046,124,129,1046,124,129,1046,-1
129,264,996,129,264,996,129,264,996,-1
264,259,989,264,259,989,264,259,989,-1
259,124,977,259,124,977,259,124,977,-1
124,163,1018,124,163,1018,124,163,1018,-1
163,169,957,163,169,957,163,169,957,-1
169,208,963,169,208,963,169,208,963,-1
208,122,1020,208,122,1020,208,122,1020,-1
122,194,988,122,194,988,122,194,988,-1
194,191,961,194,191,961,194,191,961,-1
191,148,1035,191,148,1035,191,148,1035,-1
148,259,987,148,259,987,148,259,987,-1
259,265,988,259,265,988,259,265,988,-1
265,342,990,265,342,990,265,342,990,-1
342,131,963,342,131,963,342,131,963,-1
131,214,967,131,214,967,131,214,967,-1
214,202,979,214,202,979,214,202,979,-1
202,127,1045,202,127,1045,202,127,1045,-1
127,121,1004,127,121,1004,127,121,1004,-1
121,150,1044,121,150,1044,121,150,1044,-1
150,124,988,150,124,988,150,124,988,-1
124,145,1036,124,145,1036,124,145,1036,-1
145,267,989,145,267,989,145,267,989,-1
267,266,995,267,266,995,267,266,995,-1
266,194,999,266,194,999,266,194,999,-1
194,127,980,194,127,980,194,127,980,-1
127,138,983,127,138,983,127,138,983,-1
138,250,972,138,250,972,138,250,972,-1
250,245,988,250,245,988,250,245,988,-1
245,196,997,245,196,997,245,196,997,-1
196,200,975,196,200,975,196,200,975,-1
200,213,1028,200,213,1028,200,213,1028,-1
213,156,965,213,156,965,213,156,965,-1
156,216,970,156,216,970,156,216,970,-1
216,124,980,216,124,980,216,124,980,-1
124,127,1024,124,127,1024,124,127,1024,-1
127,267,992,127,267,992,127,267,992,-1
267,125,992,267,125,992,267,125,992,-1
125,136,1026,125,136,1026,125,136,1026,-1
136,187,985,136,187,985,136,187,985,-1
187,199,972,187,199,972,187,199,972,-1
199,306,1025,199,306,1025,199,306,1025,-1
306,248,978,306,248,978,306,248,978,-1
248,124,998,248,124,998,248,124,998,-1
124,125,1038,124,125,1038,124,125,1038,-1
125,271,1002,125,271,1002,125,271,1002,-1
271,267,1002,271,267,1002,271,267,1002,-1
267,266,1009,267,266,1009,267,266,1009,-1
266,294,980,266,294,980,266,294,980,-1
294,121,1005,294,121,1005,294,121,1005,-1
121,238,1043,121,238,1043,121,238,1043,-1
238,153,1060,238,153,1060,238,153,1060,-1
153,190,1006,153,190,1006,153,190,1006,-1
190,188,981,190,188,981,190,188,981,-1
188,221,1054,188,221,1054,188,221,1054,-1
221,191,979,221,191,979,221,191,979,-1
191,165,989,191,165,989,191,165,989,-1
165,127,1018,165,127,1018,165,127,1018,-1
127,241,1051,127,241,1051,127,241,1051,-1
241,151,1052,241,151,1052,241,151,1052,-1
151,256,998,151,256,998,151,256,998,-1
256,122,997,256,122,997,256,122,997,-1
122,145,1029,122,145,1029,122,145,1029,-1
145,271,991,145,271,991,145,271,991,-1
271,124,985,271,124,985,271,124,985,-1
124,144,1009,124,144,1009,124,144,1009,-1
144,271,987,144,271,987,144,271,987,-1
271,271,979,271,271,979,271,271,979,-1
271,190,981,271,190,981,271,190,981,-1
190,199,957,190,199,957,190,199,957,-1
199,152,1033,199,152,1033,199,152,1033,-1
152,209,994,152,209,994,152,209,994,-1
209,192,969,209,192,969,209,192,969,-1
192,156,971,192,156,971,192,156,971,-1
156,170,975,156,170,975,156,170,975,-1
170,122,988,170,122,988,170,122,988,-1
122,129,1030,122,129,1030,122,129,1030,-1
129,196,992,129,196,992,129,196,992,-1
196,193,965,196,193,965,196,193,965,-1
193,151,1035,193,151,1035,193,151,1035,-1
151,122,996,151,122,996,151,122,996,-1
122,159,1034,122,159,1034,122,159,1034,-1
159,204,1002,159,204,1002,159,204,1002,-1
204,209,987,204,209,987,204,209,987,-1
209,250,988,209,250,988,209,250,988,-1
250,126,1010,250,126,1010,250,126,1010,-1
126,134,1051,126,134,1051,126,134,1051,-1
134,280,1008,134,280,1008,134,280,1008,-1
280,267,1011,280,267,1011,280,267,1011,-1
267,124,1010,267,124,1010,267,124,1010,-1
124,122,1034,124,122,1034,124,122,1034,-1
122,161,984,122,161,984,122,161,984,-1
161,159,976,161,159,976,161,159,976,-1
159,122,996,159,122,996,159,122,996,-1
122,125,1031,122,125,1031,122,125,1031,-1
125,273,999,125,273,999,125,273,999,-1
273,194,999,273,194,999,273,194,999,-1
194,193,970,194,193,970,194,193,970,-1
193,156,1043,193,156,1043,193,156,1043,-1
156,237,1003,156,237,1003,156,237,1003,-1
237,138,977,237,138,977,237,138,977,-1
138,180,974,138,180,974,138,180,974,-1
180,122,995,180,122,995,180,122,995,-1
122,122,1029,122,122,1029,122,122,1029,-1
122,197,1002,122,197,1002,122,197,1002,-1
197,200,963,197,200,963,197,200,963,-1
200,150,1034,200,150,1034,200,150,1034,-1
150,274,978,150,274,978,150,274,978,-1
274,321,994,274,321,994,274,321,994,-1
321,125,964,321,125,964,321,125,964,-1
125,155,960,125,155,960,125,155,960,-1
155,208,965,155,208,965,155,208,965,-1
208,127,1019,208,127,1019,208,127,1019,-1
127,275,988,127,275,988,127,275,988,-1
275,192,986,275,192,986,275,192,986,-1
192,201,958,192,201,958,192,201,958,-1
201,180,1029,201,180,1029,201,180,1029,-1
180,186,964,180,186,964,180,186,964,-1
186,202,973,186,202,973,186,202,973,-1
202,128,1044,202,128,1044,202,128,1044,-1
128,189,1011,128,189,1011,128,189,1011,-1
189,205,986,189,205,986,189,205,986,-1
205,154,1053,205,154,1053,205,154,1053,-1
154,190,1006,154,190,1006,154,190,1006,-1
190,200,974,190,200,974,190,200,974,-1
200,149,1034,200,149,1034,200,149,1034,-1
149,123,991,149,123,991,149,123,991,-1
123,155,1039,123,155,1039,123,155,1039,-1
155,243,1006,155,243,1006,155,243,1006,-1
243,210,991,243,210,991,243,210,991,-1
210,214,996,210,214,996,210,214,996,-1
214,210,999,214,210,999,214,210,999,-1
210,133,1052,210,133,1052,210,133,1052,-1
133,122,1030,133,122,1030,133,122,1030,-1
122,155,1070,122,155,1070,122,155,1070,-1
155,269,1021,155,269,1021,155,269,1021,-1
269,141,992,269,141,992,269,141,992,-1
141,189,1000,141,189,1000,141,189,1000,-1
189,209,1003,189,209,1003,189,209,1003,-1
209,132,1060,209,132,1060,209,132,1060,-1
132,268,1019,132,268,1019,132,268,1019,-1
268,122,1008,268,122,1008,268,122,1008,-1
122,122,1051,122,122,1051,122,122,1051,-1
122,127,991,122,127,991,122,127,991,-1
127,240,983,127,240,983,127,240,983,-1
240,198,990,240,198,990,240,198,990,-1
198,125,1047,198,125,1047,198,125,1047,-1
125,192,994,125,192,994,125,192,994,-1
192,187,972,192,187,972,192,187,972,-1
187,161,1037,187,161,1037,187,161,1037,-1
161,187,981,161,187,981,161,187,981,-1
187,131,989,187,131,989,187,131,989,-1
131,214,998,131,214,998,131,214,998,-1
214,242,1032,214,242,1032,214,242,1032,-1
242,142,1038,242,142,1038,242,142,1038,-1
142,187,1002,142,187,1002,142,187,1002,-1
187,190,982,187,190,982,187,190,982,-1
190,154,1048,190,154,1048,190,154,1048,-1
154,287,1007,154,287,1007,154,287,1007,-1
287,175,986,287,175,986,287,175,986,-1
175,193,980,175,193,980,175,193,980,-1
193,215,989,193,215,989,193,215,989,-1
215,240,986,215,240,986,215,240,986,-1
240,126,1001,240,126,1001,240,126,1001,-1
126,132,1048,126,132,1048,126,132,1048,-1
132,171,994,132,171,994,132,171,994,-1
171,200,1003,171,200,1003,171,200,1003,-1
200,133,1052,200,133,1052,200,133,1052,-1
133,122,1009,133,122,1009,133,122,1009,-1
122,155,1056,122,155,1056,122,155,1056,-1
155,271,1009,155,271,1009,155,271,1009,-1
271,121,997,271,121,997,271,121,997,-1
121,145,1027,121,145,1027,121,145,1027,-1
145,121,990,145,121,990,145,121,990,-1
121,150,1029,121,150,1029,121,150,1029,-1
150,274,983,150,274,983,150,274,983,-1
274,193,990,274,193,990,274,193,990,-1
193,200,971,193,200,971,193,200,971,-1
200,205,1034,200,205,1034,200,205,1034,-1
205,161,980,205,161,980,205,161,980,-1
161,211,974,161,211,974,161,211,974,-1
211,154,976,211,154,976,211,154,976,-1
154,180,979,154,180,979,154,180,979,-1
180,207,985,180,207,985,180,207,985,-1
207,195,1034,207,195,1034,207,195,1034,-1
195,166,982,195,166,982,195,166,982,-1
166,129,1006,166,129,1006,166,129,1006,-1
129,125,1048,129,125,1048,129,125,1048,-1
125,124,994,125,124,994,125,124,994,-1
124,148,1037,124,148,1037,124,148,1037,-1
148,215,1008,148,215,1008,148,215,1008,-1
215,138,989,215,138,989,215,138,989,-1
138,168,980,138,168,980,138,168,980,-1
168,165,982,168,165,982,168,165,982,-1
165,125,997,165,125,997,165,125,997,-1
125,122,1029,125,122,1029,125,122,1029,-1
122,124,989,122,124,989,122,124,989,-1
124,151,1032,124,151,1032,124,151,1032,-1
151,123,987,151,123,987,151,123,987,-1
123,149,1031,123,149,1031,123,149,1031,-1
149,264,991,149,264,991,149,264,991,-1
264,123,989,264,123,989,264,123,989,-1
123,137,1018,123,137,1018,123,137,1018,-1
137,198,970,137,198,970,137,198,970,-1
198,177,973,198,177,973,198,177,973,-1
177,129,994,177,129,994,177,129,994,-1
129,131,1032,129,131,1032,129,131,1032,-1
131,121,1003,131,121,1003,131,121,1003,-1
121,156,1054,121,156,1054,121,156,1054,-1
156,268,1008,156,268,1008,156,268,1008,-1
268,300,992,268,300,992,268,300,992,-1
300,236,971,300,236,971,300,236,971,-1
236,129,1006,236,129,1006,236,129,1006,-1
129,122,1032,129,122,1032,129,122,1032,-1
122,197,1001,122,197,1001,122,197,1001,-1
197,198,969,197,198,969,197,198,969,-1
198,151,1037,198,151,1037,198,151,1037,-1
151,126,997,151,126,997,151,126,997,-1
126,143,1027,126,143,1027,126,143,1027,-1
143,218,996,143,218,996,143,218,996,-1
218,180,975,218,180,975,218,180,975,-1
180,172,974,180,172,974,180,172,974,-1
172,204,979,172,204,979,172,204,979,-1
204,133,1039,204,133,1039,204,133,1039,-1
133,124,999,133,124,999,133,124,999,-1
124,153,1037,124,153,1037,124,153,1037,-1
153,188,1002,153,188,1002,153,188,1002,-1
188,195,977,188,195,977,188,195,977,-1
195,144,1042,195,144,1042,195,144,1042,-1
144,259,997,144,259,997,144,259,997,-1
259,186,976,259,186,976,259,186,976,-1
186,195,968,186,195,968,186,195,968,-1
195,124,986,195,124,986,195,124,986,-1
124,135,1031,124,135,1031,124,135,1031,-1
135,277,988,135,277,988,135,277,988,-1
277,125,990,277,125,990,277,125,990,-1
125,145,1024,125,145,1024,125,145,1024,-1
145,270,993,145,270,993,145,270,993,-1
270,194,982,270,194,982,270,194,982,-1
194,145,962,194,145,962,194,145,962,-1
145,199,968,145,199,968,145,199,968,-1
199,276,1015,199,276,1015,199,276,1015,-1
276,200,1013,276,200,1013,276,200,1013,-1
200,169,972,200,169,972,200,169,972,-1
169,167,943,169,167,943,169,167,943,-1
167,141,993,167,141,993,167,141,993,-1
141,247,1025,141,247,1025,141,247,1025,-1
247,274,1008,247,274,1008,247,274,1008,-1
274,181,984,274,181,984,274,181,984,-1
181,171,967,181,171,967,181,171,967,-1
171,175,987,171,175,987,171,175,987,-1
175,263,994,175,263,994,175,263,994,-1
263,178,976,263,178,976,263,178,976,-1
178,202,890,178,202,890,178,202,890,-1
202,145,1005,202,145,1005,202,145,1005,-1
145,264,876,145,264,876,145,264,876,-1
264,267,978,264,267,978,264,267,978,-1
267,184,1016,267,184,1016,267,184,1016,-1
184,204,884,184,204,884,184,204,884,-1
204,151,1030,204,151,1030,204,151,1030,-1
151,184,964,151,184,964,151,184,964,-1
184,261,1009,184,261,1009,184,261,1009,-1
261,193,865,261,193,865,261,193,865,-1
193,141,1017,193,141,1017,193,141,1017,-1
141,259,965,141,259,965,141,259,965,-1
259,128,952,259,128,952,259,128,952,-1
128,132,972,128,132,972,128,132,972,-1
132,263,982,132,263,982,132,263,982,-1
263,121,978,263,121,978,263,121,978,-1
121,133,1032,121,133,1032,121,133,1032,-1
133,255,1016,133,255,1016,133,255,1016,-1
255,261,1020,255,261,1020,255,261,1020,-1
261,276,999,261,276,999,261,276,999,-1
276,271,1001,276,271,1001,276,271,1001,-1
271,265,992,271,265,992,271,265,992,-1
265,159,986,265,159,986,265,159,986,-1
159,217,981,159,217,981,159,217,981,-1
217,146,1041,217,146,1041,217,146,1041,-1
146,267,998,146,267,998,146,267,998,-1
267,263,986,267,263,986,267,263,986,-1
263,267,992,263,267,992,263,267,992,-1
267,193,1002,267,193,1002,267,193,1002,-1
193,191,971,193,191,971,193,191,971,-1
191,158,1053,191,158,1053,191,158,1053,-1
158,268,966,158,268,966,158,268,966,-1
268,268,975,268,268,975,268,268,975,-1
268,124,977,268,124,977,268,124,977,-1
124,152,1021,124,152,1021,124,152,1021,-1
152,273,1000,152,273,1000,152,273,1000,-1
273,270,1001,273,270,1001,273,270,1001,-1
270,122,1006,270,122,1006,270,122,1006,-1
122,146,1025,122,146,1025,122,146,1025,-1
146,122,1003,146,122,1003,146,122,1003,-1
122,244,1029,122,244,1029,122,244,1029,-1
244,150,982,244,150,982,244,150,982,-1
150,206,983,150,206,983,150,206,983,-1
206,232,1012,206,232,1012,206,232,1012,-1
232,186,1007,232,186,1007,232,186,1007,-1
186,266,1008,186,266,1008,186,266,1008,-1
266,137,991,266,137,991,266,137,991,-1
137,201,1013,137,201,1013,137,201,1013,-1
201,177,996,201,177,996,201,177,996,-1
177,265,983,177,265,983,177,265,983,-1
265,273,969,265,273,969,265,273,969,-1
273,180,980,273,180,980,273,180,980,-1
180,209,980,180,209,980,180,209,980,-1
209,140,1040,209,140,1040,209,140,1040,-1
140,232,986,140,232,986,140,232,986,-1
232,235,982,232,235,982,232,235,982,-1
235,170,983,235,170,983,235,170,983,-1
170,239,994,170,239,994,170,239,994,-1
239,272,995,239,272,995,239,272,995,-1
272,178,991,272,178,991,272,178,991,-1
178,184,928,178,184,928,178,184,928,-1
184,170,988,184,170,988,184,170,988,-1
170,124,1057,170,124,1057,170,124,1057,-1
124,145,1056,124,145,1056,124,145,1056,-1
145,175,1001,145,175,1001,145,175,1001,-1
175,209,973,175,209,973,175,209,973,-1
209,150,1049,209,150,1049,209,150,1049,-1
150,203,1007,150,203,1007,150,203,1007,-1
203,145,998,203,145,998,203,145,998,-1
145,200,989,145,200,989,145,200,989,-1
200,270,1001,200,270,1001,200,270,1001,-1
270,191,1014,270,191,1014,270,191,1014,-1
191,187,973,191,187,973,191,187,973,-1
187,163,1027,187,163,1027,187,163,1027,-1
163,229,1000,163,229,1000,163,229,1000,-1
229,186,981,229,186,981,229,186,981,-1
186,231,960,186,231,960,186,231,960,-1
231,121,1025,231,121,1025,231,121,1025,-1
121,123,1071,121,123,1071,121,123,1071,-1
123,193,987,123,193,987,123,193,987,-1
193,188,989,193,188,989,193,188,989,-1
188,173,1047,188,173,1047,188,173,1047,-1
173,351,991,173,351,991,173,351,991,-1
351,124,998,351,124,998,351,124,998,-1
124,132,1043,124,132,1043,124,132,1043,-1
132,196,1016,132,196,1016,132,196,1016,-1
196,187,956,196,187,956,196,187,956,-1
187,145,1041,187,145,1041,187,145,1041,-1
145,296,996,145,296,996,145,296,996,-1
296,163,978,296,163,978,296,163,978,-1
163,198,987,163,198,987,163,198,987,-1
198,136,1003,198,136,1003,198,136,1003,-1
136,228,1006,136,228,1006,136,228,1006,-1
228,144,1021,228,144,1021,228,144,1021,-1
144,192,992,144,192,992,144,192,992,-1
192,192,958,192,192,958,192,192,958,-1
192,146,1021,192,146,1021,192,146,1021,-1
146,266,978,146,266,978,146,266,978,-1
266,265,982,266,265,982,266,265,982,-1
265,229,977,265,229,977,265,229,977,-1
229,196,970,229,196,970,229,196,970,-1
196,226,982,196,226,982,196,226,982,-1
226,127,992,226,127,992,226,127,992,-1
127,235,1032,127,235,1032,127,235,1032,-1
235,152,1051,235,152,1051,235,152,1051,-1
152,277,998,152,277,998,152,277,998,-1
277,345,990,277,345,990,277,345,990,-1
345,127,1012,345,127,1012,345,127,1012,-1
127,123,1049,127,123,1049,127,123,1049,-1
123,279,1012,123,279,1012,123,279,1012,-1
279,123,991,279,123,991,279,123,991,-1
123,238,987,123,238,987,123,238,987,-1
238,126,960,238,126,960,238,126,960,-1
126,123,1027,126,123,1027,126,123,1027,-1
123,269,981,123,269,981,123,269,981,-1
269,267,994,269,267,994,269,267,994,-1
267,138,981,267,138,981,267,138,981,-1
138,254,976,138,254,976,138,254,976,-1
254,125,986,254,125,986,254,125,986,-1
125,230,1026,125,230,1026,125,230,1026,-1
230,149,1025,230,149,1025,230,149,1025,-1
149,221,988,149,221,988,149,221,988,-1
221,364,975,221,364,975,221,364,975,-1
364,210,972,364,210,972,364,210,972,-1
210,242,1025,210,242,1025,210,242,1025,-1
242,148,1026,242,148,1026,242,148,1026,-1
148,256,989,148,256,989,148,256,989,-1
256,121,990,256,121,990,256,121,990,-1
121,138,1033,121,138,1033,121,138,1033,-1
138,237,997,138,237,997,138,237,997,-1
237,146,976,237,146,976,237,146,976,-1
146,136,977,146,136,977,146,136,977,-1
136,192,973,136,192,973,136,192,973,-1
192,124,980,192,124,980,192,124,980,-1
124,239,1019,124,239,1019,124,239,1019,-1
239,142,1022,239,142,1022,239,142,1022,-1
142,259,982,142,259,982,142,259,982,-1
259,258,986,259,258,986,259,258,986,-1
258,189,964,258,189,964,258,189,964,-1
189,190,960,189,190,960,189,190,960,-1
190,149,1027,190,149,1027,190,149,1027,-1
149,271,975,149,271,975,149,271,975,-1
271,260,991,271,260,991,271,260,991,-1
260,235,984,260,235,984,260,235,984,-1
235,140,961,235,140,961,235,140,961,-1
140,239,967,140,239,967,140,239,967,-1
239,195,988,239,195,988,239,195,988,-1
195,129,1034,195,129,1034,195,129,1034,-1
129,269,1003,129,269,1003,129,269,1003,-1
269,325,995,269,325,995,269,325,995,-1
325,334,976,325,334,976,325,334,976,-1
334,126,978,334,126,978,334,126,978,-1
126,125,1015,126,125,1015,126,125,1015,-1
125,193,989,125,193,989,125,193,989,-1
193,191,968,193,191,968,193,191,968,-1
191,147,1035,191,147,1035,191,147,1035,-1
147,122,980,147,122,980,147,122,980,-1
122,159,1024,122,159,1024,122,159,1024,-1
159,157,968,159,157,968,159,157,968,-1
157,256,977,157,256,977,157,256,977,-1
256,201,972,256,201,972,256,201,972,-1
201,124,1037,201,124,1037,201,124,1037,-1
124,269,986,124,269,986,124,269,986,-1
269,122,994,269,122,994,269,122,994,-1
122,141,1042,122,141,1042,122,141,1042,-1
141,142,973,141,142,973,141,142,973,-1
142,246,974,142,246,974,142,246,974,-1
246,238,993,246,238,993,246,238,993,-1
238,121,997,238,121,997,238,121,997,-1
121,146,1040,121,146,1040,121,146,1040,-1
146,238,1004,146,238,1004,146,238,1004,-1
238,132,975,238,132,975,238,132,975,-1
132,139,972,132,139,972,132,139,972,-1
139,151,965,139,151,965,139,151,965,-1
151,248,988,151,248,988,151,248,988,-1
248,122,989,248,122,989,248,122,989,-1
122,146,1036,122,146,1036,122,146,1036,-1
146,279,994,146,279,994,146,279,994,-1
279,158,966,279,158,966,279,158,966,-1
158,240,971,158,240,971,158,240,971,-1
240,126,984,240,126,984,240,126,984,-1
126,124,1030,126,124,1030,126,124,1030,-1
124,125,983,124,125,983,124,125,983,-1
125,148,1022,125,148,1022,125,148,1022,-1
148,266,980,148,266,980,148,266,980,-1
266,237,983,266,237,983,266,237,983,-1
237,446,970,237,446,970,237,446,970,-1
446,130,991,446,130,991,446,130,991,-1
130,233,1026,130,233,1026,130,233,1026,-1
233,153,1049,233,153,1049,233,153,1049,-1
153,238,999,153,238,999,153,238,999,-1
238,144,986,238,144,986,238,144,986,-1
144,196,986,144,196,986,144,196,986,-1
196,209,991,196,209,991,196,209,991,-1
209,229,1045,209,229,1045,209,229,1045,-1
229,143,1065,229,143,1065,229,143,1065,-1
143,122,1013,143,122,1013,143,122,1013,-1
122,145,1047,122,145,1047,122,145,1047,-1
145,173,991,145,173,991,145,173,991,-1
173,156,989,173,156,989,173,156,989,-1
156,212,992,156,212,992,156,212,992,-1
212,237,1042,212,237,1042,212,237,1042,-1
237,147,1039,237,147,1039,237,147,1039,-1
147,203,1009,147,203,1009,147,203,1009,-1
203,209,985,203,209,985,203,209,985,-1
209,173,971,209,173,971,209,173,971,-1
173,207,971,173,207,971,173,207,971,-1
207,123,1032,207,123,1032,207,123,1032,-1
123,121,989,123,121,989,123,121,989,-1
121,148,1035,121,148,1035,121,148,1035,-1
148,257,1000,148,257,1000,148,257,1000,-1
257,257,998,257,257,998,257,257,998,-1
257,127,979,257,127,979,257,127,979,-1
127,132,958,127,132,958,127,132,958,-1
132,268,968,132,268,968,132,268,968,-1
268,164,1001,268,164,1001,268,164,1001,-1
164,225,973,164,225,973,164,225,973,-1
225,149,1029,225,149,1029,225,149,1029,-1
149,259,984,149,259,984,149,259,984,-1
259,266,994,259,266,994,259,266,994,-1
266,271,994,266,271,994,266,271,994,-1
271,267,989,271,267,989,271,267,989,-1
267,268,998,267,268,998,267,268,998,-1
268,190,1006,268,190,1006,268,190,1006,-1
190,203,965,190,203,965,190,203,965,-1
203,144,1016,203,144,1016,203,144,1016,-1
144,174,965,144,174,965,144,174,965,-1
174,248,947,174,248,947,174,248,947,-1
248,121,988,248,121,988,248,121,988,-1
121,132,1033,121,132,1033,121,132,1033,-1
132,278,997,132,278,997,132,278,997,-1
278,266,992,278,266,992,278,266,992,-1
266,192,985,266,192,985,266,192,985,-1
192,187,961,192,187,961,192,187,961,-1
187,215,1038,187,215,1038,187,215,1038,-1
215,173,968,215,173,968,215,173,968,-1
173,170,963,173,170,963,173,170,963,-1
170,125,967,170,125,967,170,125,967,-1
125,125,1018,125,125,1018,125,125,1018,-1
125,273,983,125,273,983,125,273,983,-1
273,192,987,273,192,987,273,192,987,-1
192,210,969,192,210,969,192,210,969,-1
210,149,961,210,149,961,210,149,961,-1
149,179,965,149,179,965,149,179,965,-1
179,123,973,179,123,973,179,123,973,-1
123,123,1007,123,123,1007,123,123,1007,-1
123,128,974,123,128,974,123,128,974,-1
128,149,988,128,149,988,128,149,988,-1
149,127,976,149,127,976,149,127,976,-1
127,124,1011,127,124,1011,127,124,1011,-1
124,168,956,124,168,956,124,168,956,-1
168,295,949,168,295,949,168,295,949,-1
295,121,960,295,121,960,295,121,960,-1
121,129,996,121,129,996,121,129,996,-1
129,272,960,129,272,960,129,272,960,-1
272,123,958,272,123,958,272,123,958,-1
123,223,1005,123,223,1005,123,223,1005,-1
223,343,950,223,343,950,223,343,950,-1
343,247,974,343,247,974,343,247,974,-1
247,268,968,247,268,968,247,268,968,-1
268,215,940,268,215,940,268,215,940,-1
215,159,920,215,159,920,215,159,920,-1
159,222,938,159,222,938,159,222,938,-1
222,210,951,222,210,951,222,210,951,-1
210,129,1016,210,129,1016,210,129,1016,-1
129,268,994,129,268,994,129,268,994,-1
268,121,1007,268,121,1007,268,121,1007,-1
121,138,1065,121,138,1065,121,138,1065,-1
138,244,1011,138,244,1011,138,244,1011,-1
244,174,1002,244,174,1002,244,174,1002,-1
174,126,1003,174,126,1003,174,126,1003,-1
126,268,1000,126,268,1000,126,268,1000,-1
268,130,999,268,130,999,268,130,999,-1
130,238,1031,130,238,1031,130,238,1031,-1
238,153,1035,238,153,1035,238,153,1035,-1
153,123,982,153,123,982,153,123,982,-1
123,133,1008,123,133,1008,123,133,1008,-1
133,145,954,133,145,954,133,145,954,-1
145,127,954,145,127,954,145,127,954,-1
127,153,955,127,153,955,127,153,955,-1
153,127,965,153,127,965,153,127,965,-1
127,240,997,127,240,997,127,240,997,-1
240,151,1018,240,151,1018,240,151,1018,-1
151,123,978,151,123,978,151,123,978,-1
123,158,1015,123,158,1015,123,158,1015,-1
158,162,960,158,162,960,158,162,960,-1
162,232,953,162,232,953,162,232,953,-1
232,151,965,232,151,965,232,151,965,-1
151,211,1001,151,211,1001,151,211,1001,-1
211,148,1044,211,148,1044,211,148,1044,-1
148,123,990,148,123,990,148,123,990,-1
123,133,998,123,133,998,123,133,998,-1
133,124,950,133,124,950,133,124,950,-1
124,127,1002,124,127,1002,124,127,1002,-1
127,156,948,127,156,948,127,156,948,-1
156,245,949,156,245,949,156,245,949,-1
245,122,986,245,122,986,245,122,986,-1
122,125,1005,122,125,1005,122,125,1005,-1
125,123,978,125,123,978,125,123,978,-1
123,143,1019,123,143,1019,123,143,1019,-1
143,121,978,143,121,978,143,121,978,-1
121,250,1013,121,250,1013,121,250,1013,-1
250,301,941,250,301,941,250,301,941,-1
301,125,978,301,125,978,301,125,978,-1
125,240,1016,125,240,1016,125,240,1016,-1
240,142,1035,240,142,1035,240,142,1035,-1
142,241,987,142,241,987,142,241,987,-1
241,253,964,241,253,964,241,253,964,-1
253,133,960,253,133,960,253,133,960,-1
133,172,975,133,172,975,133,172,975,-1
172,151,977,172,151,977,172,151,977,-1
151,123,976,151,123,976,151,123,976,-1
123,145,1016,123,145,1016,123,145,1016,-1
145,123,971,145,123,971,145,123,971,-1
123,141,1011,123,141,1011,123,141,1011,-1
141,262,978,141,262,978,141,262,978,-1
262,224,998,262,224,998,262,224,998,-1
224,157,976,224,157,976,224,157,976,-1
157,187,979,157,187,979,157,187,979,-1
187,217,975,187,217,975,187,217,975,-1
217,121,1025,217,121,1025,217,121,1025,-1
121,123,987,121,123,987,121,123,987,-1
123,149,1031,123,149,1031,123,149,1031,-1
149,124,987,149,124,987,149,124,987,-1
124,140,1019,124,140,1019,124,140,1019,-1
140,189,988,140,189,988,140,189,988,-1
189,192,973,189,192,973,189,192,973,-1
192,147,1031,192,147,1031,192,147,1031,-1
147,121,993,147,121,993,147,121,993,-1
121,140,1025,121,140,1025,121,140,1025,-1
140,270,993,140,270,993,140,270,993,-1
270,123,973,270,123,973,270,123,973,-1
123,378,1012,123,378,1012,123,378,1012,-1
378,123,973,378,123,973,378,123,973,-1
123,233,1011,123,233,1011,123,233,1011,-1
233,152,1032,233,152,1032,233,152,1032,-1
152,262,987,152,262,987,152,262,987,-1
262,132,968,262,132,968,262,132,968,-1
132,197,965,132,197,965,132,197,965,-1
197,215,976,197,215,976,197,215,976,-1
215,123,1010,215,123,1010,215,123,1010,-1
123,246,991,123,246,991,123,246,991,-1
246,233,967,246,233,967,246,233,967,-1
233,185,975,233,185,975,233,185,975,-1
185,140,977,185,140,977,185,140,977,-1
140,229,999,140,229,999,140,229,999,-1
229,152,1033,229,152,1033,229,152,1033,-1
152,125,993,152,125,993,152,125,993,-1
125,135,1016,125,135,1016,125,135,1016,-1
135,139,968,135,139,968,135,139,968,-1
139,299,979,139,299,979,139,299,979,-1
299,128,970,299,128,970,299,128,970,-1
128,233,1008,128,233,1008,128,233,1008,-1
233,149,1022,233,149,1022,233,149,1022,-1
149,125,991,149,125,991,149,125,991,-1
125,144,1001,125,144,1001,125,144,1001,-1
144,125,998,144,125,998,144,125,998,-1
125,140,1016,125,140,1016,125,140,1016,-1
140,121,974,140,121,974,140,121,974,-1
121,143,994,121,143,994,121,143,994,-1
143,256,981,143,256,981,143,256,981,-1
256,205,994,256,205,994,256,205,994,-1
205,147,988,205,147,988,205,147,988,-1
147,218,991,147,218,991,147,218,991,-1
218,161,999,218,161,999,218,161,999,-1
161,129,1014,161,129,1014,161,129,1014,-1
129,146,1049,129,146,1049,129,146,1049,-1
146,202,998,146,202,998,146,202,998,-1
202,176,1006,202,176,1006,202,176,1006,-1
176,243,999,176,243,999,176,243,999,-1
243,209,1001,243,209,1001,243,209,1001,-1
209,273,1041,209,273,1041,209,273,1041,-1
273,131,1010,273,131,1010,273,131,1010,-1
131,127,1047,131,127,1047,131,127,1047,-1
127,208,1007,127,208,1007,127,208,1007,-1
208,123,986,208,123,986,208,123,986,-1
123,179,1019,123,179,1019,123,179,1019,-1
179,253,1007,179,253,1007,179,253,1007,-1
253,259,1011,253,259,1011,253,259,1011,-1
259,192,1000,259,192,1000,259,192,1000,-1
192,149,989,192,149,989,192,149,989,-1
149,187,980,149,187,980,149,187,980,-1
187,168,983,187,168,983,187,168,983,-1
168,125,1006,168,125,1006,168,125,1006,-1
125,122,1034,125,122,1034,125,122,1034,-1
122,140,1007,122,140,1007,122,140,1007,-1
140,122,995,140,122,995,140,122,995,-1
122,123,1034,122,123,1034,122,123,1034,-1
123,135,1039,123,135,1039,123,135,1039,-1
135,282,1017,135,282,1017,135,282,1017,-1
282,179,1009,282,179,1009,282,179,1009,-1
179,204,1002,179,204,1002,179,204,1002,-1
204,159,987,204,159,987,204,159,987,-1
159,202,997,159,202,997,159,202,997,-1
202,144,1009,202,144,1009,202,144,1009,-1
144,213,973,144,213,973,144,213,973,-1
213,123,969,213,123,969,213,123,969,-1
123,126,1011,123,126,1011,123,126,1011,-1
126,121,970,126,121,970,126,121,970,-1
121,147,1025,121,147,1025,121,147,1025,-1
147,121,989,147,121,989,147,121,989,-1
121,137,1024,121,137,1024,121,137,1024,-1
137,125,996,137,125,996,137,125,996,-1
125,141,1027,125,141,1027,125,141,1027,-1
141,125,985,141,125,985,141,125,985,-1
125,145,1025,125,145,1025,125,145,1025,-1
145,264,1002,145,264,1002,145,264,1002,-1
264,195,1007,264,195,1007,264,195,1007,-1
195,184,978,195,184,978,195,184,978,-1
184,146,1042,184,146,1042,184,146,1042,-1
146,270,1006,146,270,1006,146,270,1006,-1
270,213,1012,270,213,1012,270,213,1012,-1
213,203,996,213,203,996,213,203,996,-1
203,206,992,203,206,992,203,206,992,-1
206,161,997,206,161,997,206,161,997,-1
161,354,995,161,354,995,161,354,995,-1
354,127,1014,354,127,1014,354,127,1014,-1
127,248,1030,127,248,1030,127,248,1030,-1
248,198,998,248,198,998,248,198,998,-1
198,128,1046,198,128,1046,198,128,1046,-1
128,123,1002,128,123,1002,128,123,1002,-1
123,151,1054,123,151,1054,123,151,1054,-1
151,121,1007,151,121,1007,151,121,1007,-1
121,142,1045,121,142,1045,121,142,1045,-1
142,262,1015,142,262,1015,142,262,1015,-1
262,121,1003,262,121,1003,262,121,1003,-1
121,143,1042,121,143,1042,121,143,1042,-1
143,191,1004,143,191,1004,143,191,1004,-1
191,201,981,191,201,981,191,201,981,-1
201,137,1026,201,137,1026,201,137,1026,-1
137,204,980,137,204,980,137,204,980,-1
204,166,971,204,166,971,204,166,971,-1
166,121,986,166,121,986,166,121,986,-1
121,237,1029,121,237,1029,121,237,1029,-1
237,151,1043,237,151,1043,237,151,1043,-1
151,302,996,151,302,996,151,302,996,-1
302,180,968,302,180,968,302,180,968,-1
180,214,973,180,214,973,180,214,973,-1
214,256,999,214,256,999,214,256,999,-1
256,123,994,256,123,994,256,123,994,-1
123,146,1043,123,146,1043,123,146,1043,-1
146,122,1008,146,122,1008,146,122,1008,-1
122,143,1040,122,143,1040,122,143,1040,-1
143,322,1010,143,322,1010,143,322,1010,-1
322,144,987,322,144,987,322,144,987,-1
144,182,996,144,182,996,144,182,996,-1
182,244,996,182,244,996,182,244,996,-1
244,202,996,244,202,996,244,202,996,-1
202,239,1050,202,239,1050,202,239,1050,-1
239,155,997,239,155,997,239,155,997,-1
155,248,1012,155,248,1012,155,248,1012,-1
248,125,1004,248,125,1004,248,125,1004,-1
125,142,1055,125,142,1055,125,142,1055,-1
142,125,1003,142,125,1003,142,125,1003,-1
125,140,1031,125,140,1031,125,140,1031,-1
140,264,998,140,264,998,140,264,998,-1
264,122,1001,264,122,1001,264,122,1001,-1
122,141,1040,122,141,1040,122,141,1040,-1
141,263,1005,141,263,1005,141,263,1005,-1
263,122,1008,263,122,1008,263,122,1008,-1
122,150,1034,122,150,1034,122,150,1034,-1
150,171,983,150,171,983,150,171,983,-1
171,153,986,171,153,986,171,153,986,-1
153,211,982,153,211,982,153,211,982,-1
211,122,1036,211,122,1036,211,122,1036,-1
122,192,1004,122,192,1004,122,192,1004,-1
192,192,982,192,192,982,192,192,982,-1
192,122,1046,192,122,1046,192,122,1046,-1
122,285,993,122,285,993,122,285,993,-1
